0 0.0203125 0.97109375 0.040625 0.05625
1 0.04921875 0.921875 0.0984375 0.05625
0 0.0734375 0.97734375 0.078125 0.0453125
0 0.11875 0.93828125 0.096875 0.0625
0 0.109375 0.884375 0.090625 0.053125
1 0.0359375 0.871875 0.071875 0.0578125
0 0.0453125 0.81015625 0.065625 0.0828125
0 0.10703125 0.8125 0.08125 0.084375
0 0.0953125 0.74609375 0.075 0.0640625
1 0.046875 0.728125 0.08125 0.075
0 0.0375 0.65625 0.0671875 0.08125
0 0.10625 0.68046875 0.075 0.065625
1 0.12890625 0.6171875 0.090625 0.065625
0 0.05390625 0.58828125 0.05625 0.059375
1 0.0375 0.546875 0.075 0.0484375
1 0.05625 0.49296875 0.1015625 0.0671875
1 0.03046875 0.42890625 0.0609375 0.0703125
1 0.08671875 0.42265625 0.06875 0.075
0 0.06953125 0.36171875 0.1 0.0515625
0 0.06484375 0.30390625 0.0734375 0.065625
1 0.02109375 0.26484375 0.0421875 0.0515625
1 0.0296875 0.2140625 0.059375 0.0546875
1 0.02890625 0.1609375 0.05625 0.05
1 0.10703125 0.234375 0.0703125 0.0796875
1 0.13671875 0.28984375 0.084375 0.071875
0 0.15703125 0.3546875 0.075 0.0859375
0 0.2078125 0.38046875 0.0703125 0.075
0 0.23359375 0.32265625 0.071875 0.0640625
1 0.1328125 0.49140625 0.065625 0.065625
1 0.15078125 0.428125 0.075 0.065625
0 0.20078125 0.4859375 0.0734375 0.05
0 0.23203125 0.43671875 0.10625 0.0453125
0 0.10703125 0.559375 0.075 0.06875
0 0.171875 0.5546875 0.065625 0.075
0 0.209375 0.62734375 0.059375 0.0703125
0 0.2296875 0.5546875 0.065625 0.08125
0 0.1859375 0.6875 0.0921875 0.0484375
0 0.16015625 0.73984375 0.065625 0.0859375
0 0.159375 0.84453125 0.075 0.08125
1 0.1984375 0.80546875 0.065625 0.06875
0 0.23203125 0.7421875 0.084375 0.0734375
0 0.22734375 0.88125 0.096875 0.0640625
0 0.2640625 0.81953125 0.08125 0.0796875
0 0.28515625 0.7578125 0.075 0.05625
0 0.3046875 0.696875 0.078125 0.0734375
1 0.26640625 0.63203125 0.071875 0.078125
0 0.29765625 0.56640625 0.075 0.084375
1 0.26796875 0.48984375 0.059375 0.075
0 0.26953125 0.38984375 0.0640625 0.078125
1 0.309375 0.3421875 0.075 0.0515625
1 0.071875 0.121875 0.0859375 0.059375
0 0.04921875 0.05859375 0.053125 0.065625
0 0.146875 0.028125 0.09375 0.05625
0 0.13203125 0.0796875 0.08125 0.04375
0 0.19921875 0.0671875 0.05 0.065625
0 0.13359375 0.14609375 0.0875 0.0546875
1 0.2140625 0.134375 0.065625 0.078125
0 0.18046875 0.2140625 0.078125 0.06875
1 0.28203125 0.10859375 0.071875 0.084375
0 0.296875 0.03046875 0.090625 0.05625
1 0.2109375 0.2609375 0.0796875 0.05625
1 0.25 0.20859375 0.0703125 0.0828125
1 0.30390625 0.1828125 0.084375 0.0703125
1 0.3484375 0.1234375 0.08125 0.06875
0 0.353125 0.0578125 0.06875 0.065625
0 0.43203125 0.0265625 0.084375 0.053125
0 0.421875 0.08203125 0.090625 0.0625
0 0.40546875 0.14765625 0.0875 0.071875
0 0.37734375 0.209375 0.0828125 0.0625
0 0.303125 0.26171875 0.084375 0.09375
0 0.35859375 0.30859375 0.065625 0.065625
0 0.3890625 0.271875 0.078125 0.0671875
1 0.434375 0.2484375 0.078125 0.065625
0 0.45546875 0.1859375 0.075 0.06875
1 0.48046875 0.11875 0.0625 0.071875
1 0.5296875 0.06640625 0.1 0.05625
1 0.5078125 0.02734375 0.0875 0.0546875
0 0.596875 0.02890625 0.090625 0.0578125
0 0.615625 0.09453125 0.10625 0.0625
1 0.6546875 0.05625 0.0890625 0.05625
1 0.54765625 0.1234375 0.1 0.0625
1 0.5234375 0.1765625 0.084375 0.0625
0 0.50625 0.23515625 0.078125 0.059375
0 0.56640625 0.22421875 0.0703125 0.05625
0 0.328125 0.45234375 0.090625 0.065625
0 0.34765625 0.39296875 0.084375 0.0625
0 0.33046875 0.5125 0.0734375 0.071875
0 0.334375 0.6421875 0.0734375 0.0625
0 0.3671875 0.62109375 0.0734375 0.065625
0 0.38359375 0.56953125 0.090625 0.05625
0 0.39765625 0.5140625 0.0859375 0.0671875
0 0.3125 0.93671875 0.075 0.065625
1 0.30546875 0.87109375 0.071875 0.0765625
1 0.3375 0.8015625 0.0890625 0.059375
0 0.3640625 0.74296875 0.0921875 0.065625
1 0.38671875 0.684375 0.096875 0.065625
1 0.3734375 0.86171875 0.065625 0.071875
1 0.39609375 0.92421875 0.096875 0.065625
0 0.409375 0.80390625 0.0734375 0.075
1 0.45546875 0.9734375 0.084375 0.053125
1 0.45390625 0.875 0.1171875 0.0609375
0 0.49453125 0.82734375 0.103125 0.059375
1 0.50078125 0.9265625 0.103125 0.053125
0 0.54453125 0.97265625 0.096875 0.0546875
0 0.553125 0.8859375 0.09375 0.06875
0 0.4640625 0.75859375 0.071875 0.075
0 0.471875 0.6859375 0.065625 0.071875
0 0.44609375 0.6234375 0.06875 0.06875
0 0.475 0.57421875 0.0921875 0.06875
0 0.46328125 0.49765625 0.0734375 0.075
1 0.409375 0.42578125 0.0625 0.0953125
1 0.41796875 0.34140625 0.078125 0.075
1 0.4765625 0.30078125 0.1109375 0.0578125
0 0.484375 0.35703125 0.0734375 0.071875
1 0.565625 0.28828125 0.090625 0.0546875
0 0.63359375 0.23046875 0.06875 0.08125
0 0.62421875 0.1546875 0.065625 0.06875
1 0.7125 0.021875 0.096875 0.04375
0 0.76796875 0.0671875 0.0890625 0.0578125
0 0.7296875 0.1140625 0.1046875 0.05625
0 0.6859375 0.15703125 0.08125 0.04375
0 0.69296875 0.209375 0.071875 0.0625
1 0.74296875 0.18125 0.078125 0.046875
0 0.79921875 0.12421875 0.08125 0.078125
1 0.90625 0.09453125 0.078125 0.05625
0 0.96015625 0.0328125 0.078125 0.053125
0 0.84609375 0.1921875 0.0859375 0.059375
1 0.896875 0.17890625 0.075 0.05625
1 0.96875 0.17109375 0.0625 0.053125
1 0.76328125 0.23203125 0.103125 0.05
1 0.965625 0.21875 0.06875 0.0484375
0 0.64765625 0.27578125 0.075 0.05
0 0.78046875 0.29296875 0.08125 0.078125
1 0.88203125 0.2703125 0.075 0.08125
0 0.95078125 0.26484375 0.065625 0.075
1 0.56171875 0.3421875 0.0875 0.075
0 0.6328125 0.3390625 0.071875 0.078125
1 0.6890625 0.3171875 0.0796875 0.0671875
1 0.7578125 0.3671875 0.0921875 0.05625
0 0.85390625 0.33125 0.08125 0.053125
1 0.940625 0.31484375 0.096875 0.05
0 0.53359375 0.76953125 0.09375 0.05
0 0.534375 0.71328125 0.08125 0.0625
1 0.5265625 0.64296875 0.0765625 0.075
0 0.56328125 0.575 0.0765625 0.075
1 0.52578125 0.52421875 0.06875 0.0703125
0 0.50546875 0.4625 0.071875 0.065625
0 0.540625 0.40078125 0.0828125 0.05625
0 0.59453125 0.415625 0.0578125 0.0546875
1 0.66015625 0.39921875 0.103125 0.059375
1 0.58203125 0.4734375 0.0875 0.065625
1 0.64140625 0.45859375 0.0609375 0.075
0 0.6265625 0.52578125 0.0859375 0.0671875
1 0.709375 0.45546875 0.075 0.06875
0 0.76953125 0.4328125 0.0734375 0.078125
1 0.8671875 0.415625 0.0890625 0.06875
1 0.9125 0.3703125 0.071875 0.075
1 0.965625 0.38984375 0.0625 0.078125
1 0.95859375 0.4421875 0.08125 0.0625
0 0.571875 0.8140625 0.096875 0.0765625
0 0.60546875 0.746875 0.078125 0.078125
0 0.5984375 0.67890625 0.0984375 0.05625
1 0.59609375 0.6125 0.0890625 0.065625
1 0.6640625 0.56875 0.0890625 0.05625
1 0.6796875 0.6328125 0.090625 0.053125
1 0.709375 0.51484375 0.0953125 0.0609375
0 0.78046875 0.4953125 0.08125 0.059375
1 0.85 0.484375 0.075 0.0703125
1 0.9234375 0.515625 0.06875 0.0703125
0 0.94921875 0.5890625 0.0921875 0.059375
1 0.88125 0.54765625 0.0984375 0.059375
0 0.85625 0.596875 0.084375 0.053125
1 0.784375 0.56171875 0.0921875 0.0609375
1 0.765625 0.615625 0.0890625 0.059375
1 0.70078125 0.71953125 0.09375 0.0671875
0 0.76953125 0.68359375 0.071875 0.06875
0 0.915625 0.6484375 0.103125 0.0625
1 0.82421875 0.71328125 0.0625 0.078125
1 0.88515625 0.7265625 0.0671875 0.0609375
0 0.7875 0.7640625 0.090625 0.059375
0 0.68984375 0.796875 0.0953125 0.0625
1 0.64453125 0.8328125 0.05625 0.065625
1 0.63046875 0.88359375 0.0671875 0.0609375
1 0.61875 0.953125 0.06875 0.0875
0 0.6921875 0.95703125 0.0890625 0.0625
1 0.71328125 0.89140625 0.096875 0.0640625
1 0.75390625 0.82734375 0.096875 0.0546875
0 0.79140625 0.878125 0.0875 0.0640625
1 0.77109375 0.95625 0.0921875 0.059375
1 0.91484375 0.92265625 0.075 0.0875
1 0.8578125 0.82265625 0.090625 0.0625
1 0.93359375 0.7734375 0.084375 0.078125
0 0.9640625 0.859375 0.071875 0.05625