1 0.96484375 0.06796875 0.0703125 0.0765625
0 0.83671875 0.1578125 0.109375 0.0640625
0 0.8640625 0.20703125 0.0828125 0.078125
0 0.93359375 0.2203125 0.0703125 0.0734375
0 0.925 0.3 0.065625 0.078125
0 0.84921875 0.3109375 0.0796875 0.0625
0 0.87734375 0.36328125 0.078125 0.0796875
0 0.9015625 0.10234375 0.103125 0.0484375
0 0.828125 0.09453125 0.053125 0.075
0 0.82734375 0.41015625 0.084375 0.0546875
0 0.928125 0.4015625 0.059375 0.071875
0 0.86640625 0.5046875 0.0703125 0.071875
0 0.9671875 0.146875 0.065625 0.08125
1 0.98359375 0.221875 0.03125 0.078125
1 0.978125 0.2921875 0.04375 0.05625
0 0.96796875 0.34375 0.0625 0.046875
1 0.98046875 0.40625 0.0375 0.05625
1 0.95703125 0.46015625 0.059375 0.0703125
0 0.940625 0.5140625 0.08125 0.046875
1 0.9765625 0.54375 0.046875 0.059375
0 0.96015625 0.59453125 0.065625 0.075
1 0.90390625 0.55625 0.0875 0.053125
1 0.98046875 0.64140625 0.0390625 0.0625
1 0.9734375 0.68984375 0.053125 0.053125
0 0.946875 0.7421875 0.08125 0.06875
1 0.98828125 0.76484375 0.0234375 0.053125
1 0.98125 0.8171875 0.0375 0.053125
1 0.97890625 0.86796875 0.0421875 0.0515625
1 0.96171875 0.9546875 0.0765625 0.075
0 0.9171875 0.80625 0.0796875 0.0640625
0 0.89140625 0.93984375 0.059375 0.08125
1 0.921875 0.64140625 0.06875 0.0875
0 0.8953125 0.71328125 0.1 0.0640625
1 0.84140625 0.79765625 0.09375 0.0625
0 0.83203125 0.88046875 0.103125 0.053125
1 0.79609375 0.934375 0.084375 0.0671875
0 0.8546875 0.6734375 0.0734375 0.06875
1 0.85234375 0.61640625 0.075 0.0515625
1 0.82578125 0.553125 0.075 0.075
1 0.7890625 0.709375 0.06875 0.065625
1 0.76171875 0.821875 0.0796875 0.0671875
1 0.75 0.528125 0.0875 0.059375
0 0.7859375 0.590625 0.0625 0.06875
0 0.7890625 0.6453125 0.0921875 0.053125
0 0.77734375 0.7671875 0.08125 0.0578125
0 0.73125 0.8953125 0.0671875 0.065625
0 0.675 0.94296875 0.090625 0.0546875
0 0.803125 0.4765625 0.0703125 0.078125
1 0.675 0.840625 0.103125 0.0546875
1 0.70390625 0.7953125 0.084375 0.053125
1 0.71640625 0.6984375 0.0875 0.05
1 0.709375 0.62890625 0.075 0.071875
1 0.66328125 0.66953125 0.08125 0.0375
0 0.7109375 0.74765625 0.090625 0.0625
0 0.88671875 0.440625 0.0640625 0.071875
1 0.88671875 0.05390625 0.103125 0.05625
0 0.97890625 0.0203125 0.0421875 0.040625
0 0.92734375 0.01875 0.065625 0.0375
1 0.8578125 0.00859375 0.0796875 0.0171875
0 0.77890625 0.22578125 0.090625 0.078125
0 0.69609375 0.028125 0.096875 0.053125
0 0.6578125 0.0875 0.05625 0.0890625
0 0.746875 0.12421875 0.0765625 0.0875
0 0.66484375 0.15859375 0.0953125 0.05625
0 0.7046875 0.25234375 0.059375 0.065625
0 0.75625 0.28515625 0.09375 0.053125
0 0.78515625 0.3375 0.078125 0.1
1 0.72421875 0.065625 0.1015625 0.0625
0 0.69453125 0.35234375 0.0765625 0.0859375
0 0.64296875 0.25 0.084375 0.05625
1 0.6453125 0.2984375 0.1015625 0.046875
0 0.74375 0.45546875 0.075 0.084375
1 0.56796875 0.0359375 0.10625 0.0625
1 0.625 0.01171875 0.09375 0.0234375
0 0.59140625 0.15078125 0.0625 0.08125
0 0.5796875 0.09296875 0.10625 0.0609375
1 0.715625 0.203125 0.090625 0.053125
1 0.64140625 0.20546875 0.0765625 0.05
0 0.63359375 0.3640625 0.0578125 0.071875
1 0.68203125 0.4140625 0.09375 0.053125
0 0.6765625 0.47578125 0.06875 0.0796875
0 0.67578125 0.55703125 0.06875 0.078125
0 0.625 0.61953125 0.065625 0.0828125
0 0.5609375 0.66015625 0.0984375 0.0578125
0 0.6125 0.52109375 0.0640625 0.0734375
0 0.59453125 0.41953125 0.1 0.059375
0 0.58125 0.23828125 0.046875 0.0703125
0 0.53515625 0.24375 0.053125 0.0671875
0 0.5625 0.36484375 0.09375 0.05625
0 0.47265625 0.3578125 0.103125 0.0515625
0 0.4546875 0.4125 0.071875 0.0671875
0 0.4921875 0.58046875 0.0765625 0.0796875
0 0.50625 0.74140625 0.103125 0.0515625
0 0.6265625 0.7703125 0.0875 0.0625
1 0.5796875 0.71875 0.0859375 0.065625
1 0.55625 0.78984375 0.0890625 0.0625
1 0.653125 0.8921875 0.096875 0.05625
1 0.5921875 0.85390625 0.084375 0.05625
1 0.4796875 0.8328125 0.0875 0.05625
1 0.50625 0.97421875 0.090625 0.05
0 0.52734375 0.89609375 0.115625 0.05625
1 0.42734375 0.8828125 0.08125 0.0640625
1 0.43671875 0.96328125 0.078125 0.0671875
1 0.38125 0.78671875 0.065625 0.065625
1 0.4890625 0.69140625 0.096875 0.0546875
1 0.4203125 0.73125 0.090625 0.0625
0 0.3484375 0.87265625 0.0859375 0.0671875
0 0.36015625 0.96171875 0.065625 0.075
0 0.27734375 0.940625 0.0984375 0.05625
0 0.26875 0.88203125 0.075 0.06875
0 0.32109375 0.73125 0.065625 0.0765625
0 0.25234375 0.78984375 0.084375 0.05625
0 0.12109375 0.83515625 0.06875 0.078125
0 0.05234375 0.84296875 0.065625 0.071875
0 0.040625 0.76484375 0.08125 0.059375
0 0.14375 0.73046875 0.084375 0.0671875
0 0.15703125 0.67109375 0.1046875 0.0640625
0 0.18984375 0.8515625 0.084375 0.0734375
1 0.121875 0.925 0.0859375 0.053125
1 0.590625 0.4765625 0.09375 0.053125
1 0.56015625 0.59453125 0.059375 0.0765625
1 0.55078125 0.525 0.059375 0.06875
1 0.48828125 0.4984375 0.0984375 0.0625
0 0.50234375 0.4390625 0.103125 0.05625
0 0.47734375 0.02734375 0.0828125 0.0546875
0 0.35234375 0.0203125 0.096875 0.040625
0 0.31640625 0.20625 0.1140625 0.05625
0 0.34140625 0.2625 0.0765625 0.078125
0 0.3734375 0.37734375 0.071875 0.06875
1 0.48359375 0.10234375 0.0875 0.090625
1 0.4078125 0.05 0.071875 0.08125
1 0.36015625 0.11484375 0.0875 0.059375
1 0.41796875 0.16640625 0.09375 0.05625
1 0.52109375 0.17734375 0.096875 0.0703125
1 0.478125 0.2171875 0.084375 0.05625
1 0.465625 0.26171875 0.1 0.05625
1 0.56640625 0.30703125 0.0703125 0.075
0 0.48359375 0.31171875 0.103125 0.05
0 0.3921875 0.296875 0.078125 0.06875
0 0.4625 0.6421875 0.1046875 0.0578125
1 0.3828125 0.4625 0.0765625 0.053125
1 0.284375 0.31875 0.0671875 0.078125
1 0.3015625 0.39609375 0.090625 0.0625
1 0.1203125 0.1078125 0.0890625 0.0671875
1 0.0796875 0.2234375 0.08125 0.0625
0 0.21640625 0.2484375 0.10625 0.046875
1 0.1421875 0.28203125 0.1 0.0578125
0 0.20078125 0.33515625 0.075 0.065625
0 0.2203125 0.403125 0.084375 0.04375
0 0.34296875 0.43984375 0.09375 0.06875
0 0.309375 0.528125 0.065625 0.065625
0 0.2546875 0.63125 0.06875 0.071875
0 0.12734375 0.58828125 0.065625 0.0859375
0 0.07265625 0.6328125 0.0625 0.06875
1 0.2625 0.48515625 0.075 0.06875
1 0.21640625 0.4453125 0.0875 0.0484375
1 0.1375 0.415625 0.084375 0.06875
1 0.08125 0.3828125 0.090625 0.065625
1 0.04140625 0.4515625 0.0796875 0.071875
0 0.09140625 0.49453125 0.0984375 0.059375
1 0.05390625 0.571875 0.08125 0.06875
1 0.02578125 0.621875 0.0515625 0.0546875
0 0.22890625 0.73671875 0.0875 0.0546875
1 0.3046875 0.5859375 0.0890625 0.053125
0 0.3921875 0.5109375 0.1078125 0.05
1 0.38828125 0.56953125 0.071875 0.0765625
1 0.37578125 0.6328125 0.08125 0.065625
0 0.3953125 0.6875 0.0875 0.0625
1 0.32265625 0.65 0.071875 0.0765625
1 0.31796875 0.815625 0.084375 0.071875
1 0.30078125 0.98203125 0.0859375 0.0359375
0 0.015625 0.9609375 0.03125 0.053125
1 0.1734375 0.53671875 0.090625 0.0640625
0 0.83359375 0.26015625 0.09375 0.0453125