1 0.08515625 0.9375 0.1 0.0765625
1 0.09375 0.86640625 0.103125 0.0953125
1 0.11875 0.77578125 0.084375 0.0875
1 0.20625 0.92421875 0.084375 0.0625
1 0.3 0.9203125 0.0890625 0.0828125
1 0.39375 0.953125 0.078125 0.0828125
1 0.4015625 0.8828125 0.10625 0.0578125
1 0.46953125 0.84453125 0.1125 0.0796875
1 0.3515625 0.8421875 0.1 0.0640625
1 0.2625 0.85546875 0.096875 0.071875
1 0.2609375 0.7953125 0.10625 0.06875
1 0.35 0.784375 0.10625 0.065625
1 0.21328125 0.759375 0.10625 0.065625
1 0.1828125 0.82890625 0.078125 0.0671875
1 0.06328125 0.75078125 0.0765625 0.0734375
1 0.13515625 0.675 0.059375 0.0578125
1 0.06953125 0.67265625 0.08125 0.0828125
1 0.1703125 0.71953125 0.1046875 0.0625
1 0.29765625 0.66015625 0.09375 0.0875
1 0.2234375 0.675 0.090625 0.08125
1 0.18125 0.61953125 0.096875 0.0921875
1 0.09296875 0.6171875 0.103125 0.059375
1 0.54375 0.765625 0.103125 0.075
1 0.453125 0.74296875 0.08125 0.0765625
1 0.38828125 0.71640625 0.109375 0.0625
1 0.41875 0.65625 0.115625 0.08125
1 0.5125 0.68984375 0.10625 0.071875
1 0.53671875 0.628125 0.109375 0.06875
1 0.61015625 0.7203125 0.109375 0.075
1 0.7171875 0.7609375 0.1125 0.059375
1 0.76953125 0.69765625 0.0875 0.09375
1 0.6921875 0.69140625 0.10625 0.059375
1 0.6296875 0.65625 0.0921875 0.071875
1 0.71875 0.63515625 0.109375 0.071875
1 0.67890625 0.56796875 0.071875 0.071875
1 0.62578125 0.590625 0.090625 0.0609375
1 0.81171875 0.621875 0.115625 0.059375
1 0.9078125 0.646875 0.096875 0.0578125
1 0.9515625 0.60546875 0.096875 0.0640625
1 0.94765625 0.55234375 0.1 0.0609375
1 0.871875 0.58359375 0.059375 0.075
1 0.803125 0.5578125 0.0765625 0.075
1 0.865625 0.5140625 0.1 0.05625
1 0.7421875 0.53125 0.065625 0.084375
1 0.8 0.4796875 0.1 0.078125
1 0.87265625 0.46015625 0.090625 0.05625
1 0.953125 0.396875 0.09375 0.065625
1 0.8578125 0.39765625 0.115625 0.065625
1 0.78359375 0.4171875 0.078125 0.071875
1 0.1375 0.58515625 0.075 0.0546875
1 0.07578125 0.54453125 0.06875 0.0765625
1 0.33984375 0.53828125 0.103125 0.06875
1 0.26953125 0.5421875 0.071875 0.0796875
1 0.2046875 0.53984375 0.071875 0.071875
1 0.32890625 0.60390625 0.06875 0.084375
1 0.42265625 0.58203125 0.0796875 0.090625
1 0.478125 0.55546875 0.0625 0.078125
1 0.3921875 0.4921875 0.1109375 0.0671875
1 0.49375 0.478125 0.08125 0.084375
1 0.5515625 0.53203125 0.071875 0.0859375
1 0.64296875 0.51328125 0.096875 0.059375
1 0.64765625 0.453125 0.08125 0.075
1 0.584375 0.46875 0.0875 0.053125
1 0.58125 0.41875 0.103125 0.05625
1 0.72265625 0.4640625 0.078125 0.0625
1 0.71328125 0.39609375 0.0703125 0.08125
1 0.64375 0.38359375 0.1 0.065625
1 0.55625 0.36875 0.109375 0.065625
1 0.45859375 0.42265625 0.1125 0.0578125
1 0.33125 0.4375 0.103125 0.059375
1 0.25546875 0.465625 0.06875 0.078125
1 0.19765625 0.4640625 0.0875 0.078125
1 0.13828125 0.51015625 0.0875 0.059375
1 0.12265625 0.4609375 0.0875 0.065625
1 0.06171875 0.47890625 0.1 0.0625
1 0.10390625 0.3921875 0.0765625 0.06875
1 0.04609375 0.41484375 0.08125 0.05625
1 0.040625 0.34453125 0.08125 0.0578125
1 0.15625 0.3734375 0.0765625 0.0515625
1 0.24609375 0.38984375 0.090625 0.0625
1 0.20703125 0.3515625 0.103125 0.059375
1 0.43984375 0.3703125 0.096875 0.0625
1 0.3359375 0.32578125 0.0859375 0.06875
1 0.4171875 0.3078125 0.078125 0.090625
1 0.49453125 0.33125 0.0765625 0.0875
1 0.67109375 0.3046875 0.096875 0.071875
1 0.60078125 0.315625 0.08125 0.084375
1 0.54921875 0.2984375 0.08125 0.096875
1 0.7828125 0.353125 0.0875 0.084375
1 0.7546875 0.290625 0.090625 0.090625
1 0.9453125 0.3046875 0.090625 0.08125
1 0.878125 0.29140625 0.0796875 0.075
1 0.821875 0.275 0.0578125 0.071875
1 0.86484375 0.3421875 0.0859375 0.0546875
1 0.94453125 0.2421875 0.0875 0.075
1 0.8484375 0.2109375 0.0921875 0.059375
1 0.76484375 0.23203125 0.08125 0.065625
1 0.684375 0.24453125 0.084375 0.0546875
1 0.60625 0.234375 0.096875 0.0640625
1 0.51953125 0.24375 0.096875 0.075
1 0.421875 0.23046875 0.06875 0.0625
1 0.90703125 0.16796875 0.103125 0.05625
1 0.85234375 0.109375 0.0875 0.0625
1 0.83125 0.04765625 0.096875 0.053125
1 0.7984375 0.01640625 0.0859375 0.03125
1 0.79140625 0.17109375 0.084375 0.071875
1 0.715625 0.19296875 0.078125 0.065625
1 0.71640625 0.10078125 0.0828125 0.075
1 0.646875 0.19140625 0.08125 0.059375
1 0.634375 0.1453125 0.084375 0.071875
1 0.6265625 0.084375 0.0953125 0.04375
1 0.54140625 0.18359375 0.10625 0.065625
1 0.465625 0.20078125 0.0953125 0.059375
1 0.11953125 0.31953125 0.071875 0.075
1 0.25 0.30546875 0.084375 0.065625
1 0.1734375 0.2875 0.08125 0.075
1 0.1296875 0.22421875 0.1046875 0.05625
1 0.075 0.28359375 0.084375 0.071875
1 0.0515625 0.203125 0.0921875 0.0515625
1 0.30234375 0.2609375 0.1015625 0.06875
1 0.21328125 0.2390625 0.084375 0.075
1 0.33984375 0.2078125 0.08125 0.059375
1 0.26015625 0.20703125 0.0625 0.065625
0 0.2984375 0.15390625 0.0734375 0.06875
1 0.225 0.153125 0.0875 0.071875
1 0.1125 0.17578125 0.084375 0.071875
1 0.07578125 0.13359375 0.071875 0.0765625
1 0.16875 0.10234375 0.09375 0.0625
1 0.253125 0.1 0.090625 0.0625
1 0.36171875 0.1 0.0890625 0.071875
1 0.315625 0.0640625 0.075 0.078125
1 0.24765625 0.03515625 0.090625 0.0546875
1 0.46328125 0.140625 0.115625 0.0734375
1 0.39453125 0.16171875 0.0953125 0.071875
1 0.45859375 0.07890625 0.0921875 0.0625
1 0.4109375 0.03359375 0.0984375 0.059375
1 0.5953125 0.03515625 0.10625 0.0625
1 0.5078125 0.0359375 0.084375 0.071875
1 0.13671875 0.05 0.0875 0.065625