1 0.07421875 0.14296875 0.1234375 0.10234375
1 0.0703125 0.059375 0.09296875 0.11484375
1 0.14453125 0.16328125 0.0828125 0.06875
1 0.13984375 0.10625 0.07109375 0.08125
1 0.159375 0.059375 0.10078125 0.0828125
1 0.19140625 0.21953125 0.0734375 0.0953125
1 0.11953125 0.28046875 0.09609375 0.09921875
1 0.17109375 0.36015625 0.07890625 0.10625
1 0.06484375 0.53515625 0.08515625 0.1015625
1 0.0375 0.46640625 0.07109375 0.0765625
1 0.14453125 0.47734375 0.11015625 0.08125
1 0.225 0.575 0.0875 0.1
1 0.2046875 0.5046875 0.0640625 0.1
1 0.1484375 0.56953125 0.0890625 0.103125
1 0.15234375 0.65703125 0.0796875 0.1078125
1 0.0984375 0.8765625 0.10390625 0.0953125
1 0.20546875 0.75703125 0.07265625 0.1015625
1 0.21171875 0.66328125 0.07265625 0.10703125
1 0.2671875 0.5171875 0.0796875 0.1015625
1 0.23125 0.409375 0.0921875 0.09921875
1 0.21875 0.30625 0.06484375 0.128125
1 0.28828125 0.334375 0.08828125 0.121875
1 0.28984375 0.25703125 0.08046875 0.08515625
1 0.20546875 0.14375 0.0625 0.10078125
1 0.246875 0.1734375 0.0625 0.1109375
1 0.21640625 0.05703125 0.08359375 0.10390625
1 0.28671875 0.0546875 0.090625 0.10859375
1 0.25625 0.1125 0.090625 0.0640625
1 0.30703125 0.20078125 0.0765625 0.08671875
1 0.32578125 0.125 0.08671875 0.07890625
1 0.33984375 0.04765625 0.0734375 0.0953125
1 0.3984375 0.09609375 0.08359375 0.08671875
1 0.29296875 0.42578125 0.07265625 0.11640625
1 0.34296875 0.4375 0.06875 0.1
1 0.3640625 0.365625 0.08359375 0.07734375
1 0.3546875 0.30234375 0.09296875 0.078125
1 0.375 0.2421875 0.06875 0.09140625
1 0.44765625 0.15625 0.071875 0.12265625
1 0.321875 0.55625 0.0734375 0.0953125
1 0.26484375 0.62109375 0.06875 0.09453125
1 0.2609375 0.715625 0.06953125 0.09765625
1 0.471875 0.08828125 0.05703125 0.10703125
1 0.58203125 0.20703125 0.0640625 0.10625
1 0.3921875 0.42734375 0.04921875 0.0796875
1 0.4265625 0.37578125 0.07421875 0.08828125
1 0.45559210468750005 0.3647058828125 0.48190789531249995 0.363725490625 0.49342105312499995 0.361274509375 0.49835526249999995 0.3529411765625 0.5061677625 0.3294117640625 0.5049342109375 0.31617647031249996 0.5 0.3049019609375 0.4942434203125 0.2975490203125 0.4814967109375 0.28774509843749996 0.46258223750000005 0.2916666671875 0.44202302656250003 0.2921568625 0.43092105312499995 0.3024509796875 0.42434210468750005 0.3142156859375 0.42434210468750005 0.326960784375 0.42804276249999995 0.3352941171875 0.43996710468750005 0.351960784375 0.45559210468750005 0.3647058828125
1 0.53125 0.06640625 0.06953125 0.0609375
1 0.515625 0.14375 0.0765625 0.0609375
1 0.64609375 0.09375 0.08515625 0.0796875
1 0.46015625 0.2515625 0.0671875 0.09375
1 0.32890625 0.63203125 0.08671875 0.0734375
1 0.32734375 0.7265625 0.06484375 0.08359375
1 0.26484375 0.815625 0.08984375 0.09453125
1 0.2484375 0.89609375 0.09921875 0.0953125
1 0.3375 0.88828125 0.0796875 0.0734375
1 0.34375 0.81484375 0.078125 0.07734375
1 0.384375 0.5984375 0.0515625 0.10078125
1 0.37421875 0.759375 0.07890625 0.09375
1 0.39296875 0.6765625 0.06953125 0.0765625
1 0.43359375 0.5578125 0.06640625 0.0921875
1 0.38203125 0.49765625 0.075 0.0765625
1 0.440625 0.4609375 0.059375 0.10078125
1 0.49609375 0.478125 0.06484375 0.11328125
1 0.48125 0.3984375 0.065625 0.0828125
1 0.53515625 0.353125 0.071875 0.0875
1 0.51484375 0.2875 0.06484375 0.07421875
1 0.57578125 0.28671875 0.0765625 0.06875
1 0.64375 0.25234375 0.078125 0.08203125
1 0.64296875 0.178125 0.04609375 0.08671875
1 0.58046875 0.1265625 0.071875 0.0828125
1 0.653125 0.0390625 0.07734375 0.071875
1 0.728125 0.06796875 0.08515625 0.07265625
1 0.58515625 0.0484375 0.05625 0.09296875
1 0.7265625 0.22265625 0.05390625 0.0890625
1 0.74296875 0.1484375 0.06640625 0.10078125
1 0.68828125 0.17578125 0.05390625 0.09296875
1 0.56015625 0.56015625 0.0703125 0.0859375
1 0.54609375 0.49609375 0.0640625 0.08984375
1 0.56171875 0.41484375 0.0734375 0.08046875
1 0.6234375 0.40859375 0.0671875 0.090625
1 0.61484375 0.33671875 0.084375 0.06796875
1 0.4953125 0.578125 0.05546875 0.10390625
1 0.43359375 0.7421875 0.065625 0.1109375
1 0.45 0.65703125 0.06796875 0.08203125
1 0.3921875 0.95859375 0.09296875 0.0703125
1 0.39921875 0.89296875 0.0796875 0.07265625
1 0.4515625 0.8609375 0.06875 0.07109375
1 0.48359375 0.7921875 0.075 0.08046875
1 0.50078125 0.72109375 0.0796875 0.08828125
1 0.52890625 0.665625 0.07109375 0.1078125
1 0.5921875 0.709375 0.06796875 0.0953125
1 0.5953125 0.6359375 0.075 0.078125
1 0.5453125 0.76640625 0.0703125 0.10390625
1 0.4875 0.9234375 0.0734375 0.08046875
1 0.52734375 0.8609375 0.05703125 0.11015625
1 0.58984375 0.85078125 0.08203125 0.0796875
1 0.6171875 0.77421875 0.075 0.0671875
1 0.65859375 0.69765625 0.07421875 0.084375
1 0.621875 0.58046875 0.05546875 0.1078125
1 0.66328125 0.61015625 0.06484375 0.10546875
1 0.609375 0.4875 0.06640625 0.10546875
1 0.68203125 0.384375 0.0796875 0.07578125
1 0.65859375 0.465625 0.0640625 0.078125
1 0.690625 0.5046875 0.0703125 0.0765625
1 0.721875 0.44296875 0.0671875 0.05625
1 0.70546875 0.30625 0.08671875 0.0859375
1 0.79765625 0.17734375 0.06015625 0.08984375
1 0.79765625 0.0953125 0.059375 0.071875
1 0.83359375 0.2734375 0.071875 0.1125
1 0.859375 0.18828125 0.065625 0.08515625
1 0.8546875 0.11171875 0.06953125 0.09140625
1 0.89765625 0.04375 0.08203125 0.0734375
1 0.91875 0.209375 0.06875 0.09453125
1 0.92578125 0.1296875 0.084375 0.071875
1 0.77578125 0.29453125 0.059375 0.0984375
1 0.896875 0.36484375 0.07109375 0.084375
1 0.88828125 0.28828125 0.0765625 0.0796875
1 0.76640625 0.48515625 0.0734375 0.06484375
1 0.7921875 0.4171875 0.0796875 0.07890625
1 0.79921875 0.34375 0.06328125 0.071875
1 0.72421875 0.54609375 0.0765625 0.090625
1 0.7234375 0.628125 0.07578125 0.0828125
1 0.78671875 0.6125 0.08125 0.1109375
1 0.80859375 0.52421875 0.059375 0.09375
1 0.84765625 0.4578125 0.0640625 0.1015625
1 0.9140625 0.45234375 0.0671875 0.1
1 0.846875 0.36875 0.05625 0.08359375
1 0.95859375 0.359375 0.0828125 0.09765625
1 0.8609375 0.671875 0.0765625 0.0890625
1 0.85625 0.59296875 0.0640625 0.08046875
1 0.8765625 0.5328125 0.05625 0.08046875
1 0.734375 0.82578125 0.07265625 0.1109375
1 0.72578125 0.74921875 0.0921875 0.07578125
1 0.75703125 0.68984375 0.071875 0.08515625
1 0.66953125 0.88203125 0.07265625 0.09296875
1 0.67109375 0.8046875 0.07265625 0.08828125
1 0.64921875 0.9578125 0.08125 0.07578125
1 0.81015625 0.7296875 0.0875 0.0921875
1 0.61796875 0.9 0.0625 0.08046875
1 0.7984375 0.86875 0.08046875 0.0765625
1 0.8125 0.80703125 0.0984375 0.075
1 0.8734375 0.7578125 0.0578125 0.08671875
1 0.9078125 0.69453125 0.05859375 0.078125
1 0.909375 0.5875 0.0546875 0.10625
1 0.8953125 0.84453125 0.06875 0.078125
1 0.93203125 0.79453125 0.0703125 0.09453125
1 0.9734375 0.73671875 0.05234375 0.10078125
1 0.79296875 0.94375 0.07578125 0.0671875
1 0.7234375 0.93125 0.07265625 0.08046875
1 0.84375 0.9171875 0.07421875 0.08828125
1 0.8953125 0.94140625 0.07109375 0.08515625
1 0.95078125 0.92265625 0.059375 0.08984375
1 0.95234375 0.62734375 0.05859375 0.0921875