0 0.02421875 0.09140625 0.0484375 0.0734375
0 0.04453125 0.1640625 0.0671875 0.084375
0 0.075 0.08203125 0.065625 0.0875
0 0.11953125 0.1671875 0.065625 0.0640625
0 0.13359375 0.06484375 0.065625 0.0828125
0 0.10078125 0.0203125 0.0765625 0.040625
0 0.02734375 0.01640625 0.053125 0.0328125
0 0.21796875 0.03125 0.0875 0.0546875
0 0.2203125 0.0953125 0.1 0.059375
0 0.184375 0.1453125 0.103125 0.059375
0 0.19375 0.2109375 0.071875 0.078125
0 0.09375 0.2078125 0.071875 0.059375
0 0.04375 0.24453125 0.071875 0.0828125
0 0.08046875 0.284375 0.071875 0.0671875
1 0.1484375 0.25390625 0.08125 0.05625
1 0.1234375 0.31484375 0.0703125 0.0703125
0 0.0625 0.35625 0.075 0.078125
0 0.090625 0.3984375 0.075 0.071875
0 0.159375 0.36875 0.0734375 0.059375
0 0.19765625 0.33359375 0.0765625 0.078125
0 0.24921875 0.1875 0.0671875 0.075
0 0.2609375 0.2546875 0.09375 0.053125
0 0.25390625 0.3140625 0.0734375 0.0765625
1 0.31640625 0.02421875 0.096875 0.0484375
1 0.29296875 0.059375 0.090625 0.053125
1 0.29609375 0.128125 0.065625 0.0984375
0 0.36484375 0.1015625 0.071875 0.0546875
0 0.33828125 0.15078125 0.065625 0.078125
1 0.31328125 0.21640625 0.0625 0.078125
0 0.321875 0.28828125 0.071875 0.0703125
0 0.41484375 0.05 0.08125 0.05625
0 0.43125 0.115625 0.06875 0.0671875
0 0.41796875 0.17734375 0.0921875 0.05625
0 0.3828125 0.23125 0.0765625 0.075
0 0.434375 0.2578125 0.071875 0.0765625
0 0.39609375 0.30546875 0.084375 0.0625
0 0.3140625 0.3453125 0.075 0.075
1 0.18515625 0.4140625 0.06875 0.071875
1 0.24296875 0.38125 0.059375 0.05625
0 0.21875 0.43828125 0.0875 0.05625
0 0.221875 0.48046875 0.084375 0.040625
0 0.11015625 0.428125 0.0875 0.065625
0 0.0265625 0.4171875 0.053125 0.05625
0 0.0671875 0.46796875 0.078125 0.05625
0 0.12890625 0.48515625 0.0703125 0.0828125
0 0.06328125 0.5125 0.059375 0.0578125
0 0.08515625 0.56328125 0.09375 0.0703125
0 0.309375 0.40546875 0.090625 0.0515625
0 0.29765625 0.44921875 0.0953125 0.05625
0 0.30078125 0.50078125 0.084375 0.0546875
1 0.17578125 0.5203125 0.0703125 0.053125
0 0.04140625 0.6421875 0.065625 0.075
0 0.02578125 0.7046875 0.0515625 0.06875
0 0.1078125 0.66328125 0.0734375 0.0703125
0 0.075 0.696875 0.053125 0.0625
1 0.13046875 0.71953125 0.0875 0.059375
0 0.08046875 0.7734375 0.0640625 0.08125
1 0.0421875 0.81484375 0.06875 0.0703125
0 0.08359375 0.88203125 0.065625 0.059375
1 0.1296875 0.90390625 0.0796875 0.0625
0 0.01875 0.9 0.0375 0.0625
0 0.07109375 0.953125 0.06875 0.084375
0 0.140625 0.8 0.05625 0.078125
0 0.1953125 0.83984375 0.075 0.075
0 0.1859375 0.76796875 0.071875 0.078125
0 0.1828125 0.65078125 0.0875 0.059375
1 0.2046875 0.70390625 0.0625 0.0671875
0 0.128125 0.6046875 0.0625 0.075
0 0.175 0.58515625 0.059375 0.084375
1 0.23359375 0.59140625 0.08125 0.075
1 0.25546875 0.6390625 0.0625 0.06875
1 0.23671875 0.53046875 0.084375 0.0640625
0 0.2890625 0.55703125 0.05 0.065625
0 0.3140625 0.659375 0.0625 0.071875
0 0.33984375 0.6109375 0.078125 0.0671875
0 0.2671875 0.70859375 0.071875 0.08125
0 0.2703125 0.77890625 0.065625 0.0765625
0 0.24375 0.82265625 0.071875 0.0703125
0 0.25859375 0.8828125 0.0875 0.053125
0 0.24296875 0.9359375 0.10625 0.05
0 0.234375 0.97578125 0.096875 0.0484375
1 0.30625 0.9765625 0.0625 0.046875
0 0.32265625 0.91875 0.0734375 0.0703125
0 0.31328125 0.85859375 0.08125 0.06875
1 0.32578125 0.8 0.06875 0.059375
0 0.33671875 0.71875 0.075 0.071875
0 0.36875 0.76328125 0.1015625 0.05625
0 0.4 0.815625 0.08125 0.065625
0 0.41015625 0.8828125 0.09375 0.065625
0 0.37421875 0.97265625 0.0765625 0.0546875
0 0.428125 0.95625 0.0671875 0.0859375
0 0.371875 0.553125 0.08125 0.053125
0 0.4140625 0.609375 0.08125 0.0640625
1 0.409375 0.65625 0.084375 0.0515625
0 0.41171875 0.7140625 0.084375 0.0671875
0 0.37265625 0.4640625 0.0640625 0.078125
0 0.42890625 0.52734375 0.0625 0.090625
0 0.39921875 0.4078125 0.084375 0.04375
1 0.43046875 0.4546875 0.0671875 0.065625
0 0.3609375 0.359375 0.06875 0.078125
0 0.43359375 0.3578125 0.075 0.0640625
1 0.465625 0.39921875 0.065625 0.071875
1 0.50625 0.44453125 0.1 0.059375
0 0.48203125 0.30546875 0.096875 0.0515625
1 0.49453125 0.25078125 0.08125 0.0546875
0 0.48828125 0.19296875 0.06875 0.06875
0 0.478125 0.12890625 0.06875 0.0640625
0 0.48515625 0.05703125 0.065625 0.078125
0 0.55625 0.0609375 0.071875 0.0625
0 0.54296875 0.13125 0.0625 0.08125
0 0.54921875 0.20546875 0.065625 0.078125
0 0.54609375 0.27578125 0.08125 0.06875
0 0.51875 0.35234375 0.096875 0.0609375
0 0.5828125 0.3171875 0.059375 0.06875
0 0.5453125 0.38671875 0.1 0.0609375
0 0.62578125 0.03359375 0.09375 0.0640625
0 0.628125 0.10390625 0.09375 0.053125
0 0.60234375 0.14921875 0.1125 0.059375
1 0.609375 0.21484375 0.06875 0.071875
0 0.6453125 0.26953125 0.1015625 0.059375
0 0.675 0.2140625 0.09375 0.0625
0 0.70078125 0.15234375 0.1 0.06875
0 0.759375 0.06015625 0.0984375 0.059375
0 0.78125 0.1140625 0.0984375 0.0578125
1 0.83984375 0.0984375 0.075 0.06875
0 0.76171875 0.171875 0.0765625 0.0796875
0 0.80625 0.209375 0.0796875 0.075
0 0.88046875 0.2109375 0.078125 0.075
0 0.959375 0.22265625 0.078125 0.06875
0 0.9046875 0.2765625 0.0875 0.06875
0 0.97421875 0.27890625 0.0515625 0.0734375
1 0.95546875 0.33828125 0.075 0.06875
0 0.740625 0.25703125 0.071875 0.0609375
0 0.6265625 0.34375 0.071875 0.078125
1 0.58984375 0.4203125 0.075 0.08125
0 0.71328125 0.33203125 0.078125 0.071875
0 0.67421875 0.39453125 0.084375 0.0546875
1 0.77890625 0.29765625 0.071875 0.059375
0 0.8328125 0.3015625 0.0671875 0.075
0 0.75703125 0.36640625 0.06875 0.08125
1 0.71484375 0.43515625 0.0734375 0.0640625
0 0.6390625 0.4484375 0.0640625 0.075
1 0.821875 0.3671875 0.0890625 0.05625
1 0.8890625 0.35078125 0.065625 0.0875
0 0.7875 0.421875 0.08125 0.071875
0 0.8625 0.41953125 0.090625 0.05625
0 0.92109375 0.41171875 0.053125 0.0921875
0 0.97890625 0.39921875 0.040625 0.075
1 0.9765625 0.47265625 0.046875 0.065625
0 0.684375 0.49453125 0.08125 0.075
1 0.7609375 0.48125 0.090625 0.0625
0 0.8671875 0.475 0.065625 0.071875
1 0.9234375 0.49609375 0.0640625 0.075
0 0.5484375 0.478125 0.071875 0.0625
0 0.4875 0.50703125 0.06875 0.0734375
0 0.471875 0.575 0.08125 0.065625
0 0.540625 0.55 0.0625 0.075
0 0.59375 0.4984375 0.0734375 0.059375
0 0.5984375 0.55859375 0.0625 0.078125
0 0.53125 0.61796875 0.09375 0.05
0 0.65703125 0.565625 0.065625 0.078125
0 0.734375 0.53515625 0.078125 0.0578125
0 0.73125 0.58046875 0.1125 0.053125
1 0.6125 0.61796875 0.084375 0.0546875
0 0.484375 0.64609375 0.084375 0.059375
0 0.48125 0.70078125 0.078125 0.059375
0 0.4640625 0.76328125 0.0671875 0.071875
0 0.459375 0.828125 0.05625 0.06875
1 0.4609375 0.90390625 0.05 0.0609375
1 0.52421875 0.96640625 0.071875 0.0671875
0 0.58671875 0.98671875 0.09375 0.0265625
0 0.51015625 0.8609375 0.090625 0.0625
0 0.51875 0.9125 0.09375 0.06875
0 0.53046875 0.76953125 0.096875 0.0625
0 0.5296875 0.81015625 0.0828125 0.040625
0 0.51640625 0.7234375 0.065625 0.06875
0 0.5671875 0.66640625 0.075 0.0734375
0 0.58125 0.71796875 0.0859375 0.053125
0 0.63359375 0.67578125 0.084375 0.0625
0 0.60625 0.76875 0.078125 0.06875
0 0.5953125 0.82109375 0.0765625 0.046875
1 0.58828125 0.86484375 0.090625 0.053125
0 0.59765625 0.9203125 0.096875 0.05625
1 0.64375 0.95546875 0.090625 0.05625
0 0.696875 0.98203125 0.08125 0.0359375
0 0.7515625 0.95546875 0.078125 0.059375
0 0.671875 0.88046875 0.071875 0.0734375
0 0.725 0.8765625 0.071875 0.0828125
0 0.66640625 0.828125 0.09375 0.0546875
0 0.6625 0.7765625 0.084375 0.0625
0 0.66875 0.72734375 0.103125 0.053125
0 0.70390625 0.68203125 0.0609375 0.071875
0 0.68203125 0.62890625 0.065625 0.065625
0 0.75625 0.640625 0.103125 0.0640625
0 0.81796875 0.54609375 0.0609375 0.075
0 0.79453125 0.60859375 0.059375 0.06875
0 0.86875 0.55546875 0.065625 0.0828125
0 0.8515625 0.6234375 0.090625 0.059375
0 0.94296875 0.565625 0.0921875 0.078125
0 0.925 0.640625 0.065625 0.0765625
1 0.74921875 0.70859375 0.0625 0.0734375
1 0.79921875 0.6984375 0.059375 0.0734375
0 0.85859375 0.68359375 0.0640625 0.0828125
1 0.909375 0.70703125 0.0796875 0.0625
0 0.978125 0.60625 0.04375 0.059375
0 0.97265625 0.6609375 0.053125 0.059375
0 0.72578125 0.7828125 0.0671875 0.0796875
1 0.78515625 0.76796875 0.075 0.078125
0 0.79609375 0.8203125 0.078125 0.0515625
1 0.86484375 0.76328125 0.08125 0.0609375
0 0.9609375 0.74375 0.078125 0.05625
0 0.93359375 0.79765625 0.084375 0.0609375
0 0.8734375 0.83203125 0.090625 0.0828125
1 0.9640625 0.86328125 0.071875 0.0578125
1 0.96328125 0.9234375 0.0734375 0.0671875
0 0.89140625 0.88671875 0.0875 0.059375
0 0.80546875 0.91015625 0.1 0.053125
0 0.85546875 0.94609375 0.06875 0.05625
0 0.025 0.54453125 0.0484375 0.0796875
1 0.02578125 0.48046875 0.0515625 0.0453125
1 0.0234375 0.9484375 0.046875 0.0640625
1 0.01796875 0.76015625 0.0359375 0.0609375
1 0.42578125 0.01796875 0.084375 0.0359375