1 0.025 0.07734375 0.04765625 0.084375
1 0.15390625 0.02265625 0.0484375 0.0453125
0 0.1625 0.09453125 0.0625 0.096875
0 0.20234375 0.04375 0.07109375 0.0453125
1 0.26640625 0.0484375 0.0609375 0.09140625
1 0.22890625 0.09921875 0.07109375 0.07578125
0 0.31796875 0.08671875 0.07578125 0.08671875
0 0.38203125 0.06015625 0.07890625 0.071875
1 0.46171875 0.0375 0.0859375 0.07109375
1 0.528125 0.03125 0.08203125 0.06171875
0 0.50859375 0.08828125 0.0765625 0.05703125
1 0.440625 0.10078125 0.06328125 0.07421875
0 0.58125 0.065625 0.08046875 0.06640625
1 0.6203125 0.0203125 0.065625 0.040625
0 0.678125 0.0375 0.065625 0.075
0 0.753125 0.0625 0.07421875 0.07890625
1 0.8109375 0.02734375 0.08671875 0.05390625
1 0.8890625 0.04453125 0.06171875 0.08828125
0 0.828125 0.10625 0.05625 0.078125
0 0.78359375 0.1546875 0.0578125 0.08359375
0 0.734375 0.1734375 0.05390625 0.084375
0 0.63203125 0.096875 0.0484375 0.078125
1 0.67734375 0.10546875 0.05234375 0.10234375
0 0.5765625 0.134375 0.0625 0.0890625
1 0.64375 0.159375 0.075 0.08515625
0 0.625 0.23046875 0.06015625 0.096875
1 0.4953125 0.1515625 0.09921875 0.0640625
0 0.47421875 0.19296875 0.07734375 0.071875
0 0.375 0.12578125 0.07734375 0.06796875
0 0.41796875 0.1859375 0.05703125 0.096875
0 0.3671875 0.19453125 0.05390625 0.07109375
0 0.2984375 0.15859375 0.07109375 0.08203125
0 0.21015625 0.159375 0.0765625 0.06171875
0 0.14765625 0.1921875 0.05625 0.096875
1 0.20078125 0.2359375 0.05234375 0.090625
0 0.2578125 0.2203125 0.05390625 0.1
0 0.15234375 0.26875 0.04921875 0.08203125
1 0.0828125 0.2828125 0.07890625 0.07734375
0 0.02734375 0.30625 0.05390625 0.09765625
1 0.05859375 0.346875 0.05703125 0.09921875
1 0.1203125 0.34375 0.06875 0.07265625
0 0.184375 0.33046875 0.07734375 0.06328125
0 0.259375 0.31171875 0.06015625 0.0921875
0 0.32265625 0.225 0.08125 0.06484375
1 0.3265625 0.2828125 0.08046875 0.06953125
0 0.403125 0.2828125 0.0734375 0.09375
0 0.44296875 0.2625 0.0640625 0.0875
0 0.5 0.26953125 0.06484375 0.084375
1 0.54375 0.2484375 0.0828125 0.0734375
0 0.55703125 0.3140625 0.05625 0.0765625
0 0.609375 0.3375 0.05703125 0.08125
1 0.67421875 0.3 0.059375 0.096875
0 0.70625 0.23203125 0.078125 0.07109375
1 0.77890625 0.25390625 0.075 0.07265625
1 0.84296875 0.24296875 0.05546875 0.09453125
1 0.86875 0.18515625 0.05859375 0.08828125
1 0.928125 0.2046875 0.0546875 0.11953125
1 0.96796875 0.21171875 0.0546875 0.090625
0 0.90234375 0.31171875 0.0734375 0.10703125
0 0.87109375 0.36015625 0.0578125 0.10078125
0 0.91875 0.41875 0.0484375 0.109375
0 0.7375 0.328125 0.07578125 0.08046875
0 0.79765625 0.321875 0.06640625 0.0859375
0 0.81875 0.37109375 0.06484375 0.06953125
1 0.85703125 0.4609375 0.06171875 0.08828125
0 0.759375 0.41015625 0.07265625 0.084375
0 0.69921875 0.38671875 0.05234375 0.096875
0 0.6390625 0.38359375 0.07734375 0.0671875
0 0.64609375 0.43984375 0.0765625 0.075
1 0.571875 0.3921875 0.06484375 0.096875
0 0.521875 0.37265625 0.0453125 0.09609375
0 0.48046875 0.34453125 0.06953125 0.08671875
0 0.4296875 0.37421875 0.05390625 0.0921875
0 0.36328125 0.3421875 0.06875 0.06484375
1 0.30703125 0.375 0.05234375 0.09296875
0 0.365625 0.40078125 0.07890625 0.07421875
1 0.246875 0.396875 0.07109375 0.09296875
1 0.1765625 0.39140625 0.0875 0.059375
0 0.1046875 0.41875 0.07890625 0.07265625
1 0.03515625 0.4453125 0.06640625 0.08828125
1 0.2359375 0.46953125 0.07734375 0.06640625
1 0.30859375 0.46796875 0.05625 0.09453125
1 0.06796875 0.51953125 0.0546875 0.09609375
1 0.12421875 0.52578125 0.0609375 0.0875
0 0.16640625 0.51171875 0.05390625 0.09296875
0 0.21796875 0.54375 0.06015625 0.09453125
0 0.271875 0.53359375 0.0640625 0.08046875
0 0.41875 0.44375 0.07265625 0.05625
0 0.3921875 0.484375 0.0578125 0.05859375
1 0.4828125 0.425 0.06640625 0.0921875
0 0.475 0.490625 0.071875 0.05859375
0 0.54765625 0.465625 0.084375 0.07265625
0 0.6234375 0.50078125 0.0671875 0.06875
0 0.70546875 0.4796875 0.075 0.0578125
0 0.8 0.49609375 0.06640625 0.06015625
0 0.784375 0.56015625 0.08671875 0.06640625
1 0.72265625 0.5578125 0.0578125 0.09765625
0 0.6671875 0.5828125 0.0515625 0.1203125
1 0.58515625 0.53984375 0.075 0.071875
0 0.36328125 0.559375 0.084375 0.07421875
0 0.4328125 0.53828125 0.06953125 0.06875
0 0.5 0.56875 0.06484375 0.09140625
0 0.55859375 0.58046875 0.06640625 0.06953125
1 0.61640625 0.61875 0.05078125 0.090625
1 0.71484375 0.6421875 0.06171875 0.08046875
1 0.7671875 0.6296875 0.07421875 0.06953125
0 0.83515625 0.621875 0.065625 0.0828125
0 0.91640625 0.55625 0.0609375 0.08203125
0 0.925 0.625 0.07421875 0.0734375
1 0.984375 0.46796875 0.03046875 0.10078125
1 0.97890625 0.546875 0.0421875 0.0625
1 0.97890625 0.61171875 0.0421875 0.065625
0 0.9765625 0.6875 0.046875 0.0921875
1 0.93359375 0.69921875 0.05546875 0.0984375
0 0.8875 0.69765625 0.0453125 0.0859375
1 0.9734375 0.80390625 0.05234375 0.0703125
1 0.9203125 0.790625 0.065625 0.08671875
1 0.884375 0.85546875 0.07890625 0.084375
0 0.8625 0.78203125 0.05703125 0.08125
0 0.80859375 0.76484375 0.0828125 0.08359375
0 0.7671875 0.7109375 0.040625 0.103125
0 0.66171875 0.67890625 0.07421875 0.065625
0 0.7 0.7359375 0.0640625 0.06796875
0 0.734375 0.78984375 0.0625 0.09296875
1 0.809375 0.89765625 0.05703125 0.08671875
0 0.74765625 0.89453125 0.06875 0.075
1 0.690625 0.85859375 0.0625 0.09765625
1 0.72109375 0.94296875 0.0765625 0.0625
1 0.7375 0.97890625 0.075 0.0421875
1 0.728125 0.94921875 0.0140625 0.01015625
1 0.80234375 0.97109375 0.0515625 0.05703125
0 0.66328125 0.96171875 0.0703125 0.07578125
0 0.60625 0.8546875 0.05390625 0.0984375
0 0.63203125 0.915625 0.0703125 0.0828125
0 0.603125 0.6953125 0.04921875 0.0859375
0 0.57734375 0.653125 0.0375 0.08046875
0 0.53203125 0.62890625 0.0625 0.0671875
0 0.55546875 0.71328125 0.05 0.10703125
0 0.596875 0.7703125 0.06875 0.0484375
0 0.50546875 0.68203125 0.065625 0.09296875
1 0.54375 0.7984375 0.0765625 0.075
0 0.5390625 0.86796875 0.0875 0.06484375
0 0.56015625 0.89921875 0.08046875 0.059375
0 0.51328125 0.9359375 0.0765625 0.06953125
1 0.4796875 0.8625 0.05703125 0.08984375
0 0.44296875 0.71796875 0.0625 0.09140625
0 0.45859375 0.77734375 0.06015625 0.06875
0 0.44375 0.5984375 0.0875 0.071875
1 0.32265625 0.61015625 0.05625 0.0796875
1 0.36796875 0.65546875 0.059375 0.08671875
1 0.26328125 0.6125 0.08046875 0.075
1 0.19453125 0.590625 0.05234375 0.0859375
0 0.11953125 0.60625 0.07734375 0.0625
1 0.03125 0.62109375 0.059375 0.0859375
0 0.18984375 0.6703125 0.04765625 0.0890625
1 0.23203125 0.728125 0.08046875 0.08203125
1 0.296875 0.67421875 0.07578125 0.06484375
0 0.3671875 0.7296875 0.06484375 0.0890625
1 0.4109375 0.79609375 0.05625 0.1078125
0 0.34765625 0.79375 0.06171875 0.08359375
1 0.1703125 0.7671875 0.0578125 0.10078125
1 0.2109375 0.8375 0.0578125 0.10390625
1 0.175 0.8875 0.05390625 0.1015625
1 0.278125 0.84140625 0.0796875 0.10078125
1 0.27265625 0.94609375 0.06015625 0.10234375
1 0.3375 0.88984375 0.06875 0.1109375
0 0.425 0.90703125 0.0703125 0.09453125
1 0.44296875 0.9640625 0.07265625 0.071875
0 0.3765625 0.98046875 0.06484375 0.0390625
1 0.6 0.96796875 0.0640625 0.06328125