0 0.01875 0.02890625 0.0375 0.0578125
1 0.0265625 0.10859375 0.05234375 0.10078125
1 0.125 0.0375 0.065625 0.075
1 0.19375 0.03203125 0.07421875 0.06328125
1 0.28125 0.02578125 0.084375 0.0515625
0 0.13046875 0.1390625 0.07421875 0.08515625
0 0.20390625 0.09765625 0.08203125 0.07109375
0 0.275 0.0859375 0.06171875 0.0953125
0 0.33359375 0.0703125 0.0640625 0.0984375
1 0.3625 0.01875 0.078125 0.0375
1 0.184375 0.1671875 0.05546875 0.08125
0 0.2453125 0.1609375 0.08359375 0.06484375
0 0.3109375 0.14375 0.059375 0.0875
1 0.38671875 0.0765625 0.04609375 0.0953125
1 0.35859375 0.146875 0.053125 0.08125
0 0.41796875 0.15234375 0.0796875 0.0921875
1 0.425 0.0390625 0.06015625 0.0546875
1 0.45234375 0.0984375 0.0765625 0.0734375
0 0.12265625 0.21875 0.0765625 0.08984375
0 0.1765625 0.23515625 0.06953125 0.0765625
0 0.23828125 0.23359375 0.05703125 0.103125
1 0.3046875 0.221875 0.0765625 0.06328125
0 0.375 0.21484375 0.0765625 0.0828125
0 0.434375 0.240625 0.05625 0.103125
0 0.47890625 0.16796875 0.0640625 0.09453125
1 0.490625 0.03984375 0.05625 0.07890625
1 0.55 0.034375 0.0640625 0.06875
1 0.53515625 0.0984375 0.08984375 0.07109375
1 0.62109375 0.04765625 0.0859375 0.071875
1 0.69765625 0.01953125 0.078125 0.0390625
0 0.621875 0.1140625 0.075 0.06953125
0 0.7734375 0.06484375 0.071875 0.06953125
0 0.87109375 0.071875 0.08125 0.059375
0 0.97578125 0.07265625 0.04765625 0.09765625
0 0.9359375 0.13203125 0.05546875 0.096875
0 0.8234375 0.12421875 0.0765625 0.06796875
0 0.75234375 0.11484375 0.06171875 0.0734375
1 0.71796875 0.1484375 0.06796875 0.06953125
1 0.671875 0.18125 0.0609375 0.096875
0 0.56015625 0.1640625 0.0796875 0.08671875
1 0.63671875 0.23671875 0.0671875 0.1140625
0 0.771875 0.18984375 0.078125 0.08671875
0 0.80546875 0.22734375 0.06484375 0.05234375
1 0.8609375 0.2078125 0.0609375 0.0921875
1 0.9125 0.21328125 0.05078125 0.0875
1 0.96015625 0.20859375 0.04921875 0.10234375
1 0.0296875 0.27890625 0.0578125 0.1
0 0.09609375 0.2875 0.08671875 0.06953125
0 0.1765625 0.29453125 0.07890625 0.06328125
0 0.27578125 0.27890625 0.0640625 0.08984375
0 0.359375 0.2921875 0.1109375 0.07578125
1 0.4875 0.2453125 0.06640625 0.078125
0 0.5296875 0.203125 0.05390625 0.0640625
0 0.5875 0.2484375 0.06484375 0.09765625
0 0.53515625 0.29453125 0.059375 0.0953125
0 0.59765625 0.328125 0.06171875 0.053125
0 0.69921875 0.26796875 0.065625 0.1046875
1 0.76015625 0.29921875 0.06015625 0.0828125
1 0.8203125 0.28125 0.0765625 0.06953125
0 0.87734375 0.31328125 0.078125 0.06953125
1 0.9765625 0.334375 0.046875 0.09375
1 0.9328125 0.34765625 0.06796875 0.07265625
1 0.890625 0.38671875 0.0703125 0.09453125
1 0.8015625 0.35546875 0.06171875 0.0984375
1 0.1046875 0.35 0.0828125 0.0765625
0 0.20546875 0.3625 0.07265625 0.0703125
0 0.2859375 0.36328125 0.07109375 0.0984375
0 0.33359375 0.35546875 0.04921875 0.0828125
1 0.4109375 0.36171875 0.05625 0.1046875
1 0.4703125 0.3203125 0.078125 0.07109375
0 0.53671875 0.3796875 0.08125 0.07109375
0 0.61953125 0.3984375 0.08515625 0.06953125
1 0.65546875 0.3375 0.04921875 0.10390625
1 0.6984375 0.378125 0.04921875 0.1015625
1 0.75 0.396875 0.06171875 0.0859375
0 0.8375 0.41171875 0.07734375 0.06640625
1 0.96953125 0.4375 0.06015625 0.07578125
0 0.021875 0.40234375 0.04375 0.08828125
0 0.078125 0.4140625 0.06796875 0.0734375
1 0.13984375 0.41328125 0.0578125 0.0828125
0 0.1953125 0.44765625 0.0640625 0.090625
0 0.25625 0.425 0.0671875 0.1078125
0 0.3265625 0.4375 0.07578125 0.06875
0 0.40234375 0.46640625 0.0578125 0.0953125
0 0.4546875 0.41640625 0.08671875 0.06796875
0 0.55234375 0.42890625 0.0703125 0.0484375
1 0.640625 0.471875 0.08359375 0.07109375
0 0.7171875 0.46875 0.07265625 0.07109375
0 0.7828125 0.48125 0.06171875 0.090625
0 0.83359375 0.47578125 0.06875 0.0890625
0 0.89140625 0.4703125 0.05 0.0890625
1 0.9421875 0.5 0.05390625 0.09609375
0 0.98359375 0.5125 0.0328125 0.08671875
1 0.8890625 0.55234375 0.06953125 0.08203125
0 0.96015625 0.58671875 0.0796875 0.0765625
0 0.83203125 0.5390625 0.06953125 0.0671875
0 0.73515625 0.53671875 0.08203125 0.0703125
1 0.7796875 0.5734375 0.0625 0.0859375
0 0.6578125 0.5390625 0.071875 0.065625
0 0.56796875 0.48125 0.07421875 0.07890625
0 0.828125 0.60703125 0.04609375 0.08125
0 0.86796875 0.61328125 0.04375 0.08828125
1 0.91484375 0.63515625 0.05234375 0.0953125
1 0.96015625 0.6578125 0.0546875 0.0828125
0 0.73203125 0.61328125 0.06796875 0.084375
1 0.79375 0.64921875 0.06015625 0.06875
0 0.859375 0.684375 0.08046875 0.06328125
1 0.934375 0.73046875 0.05703125 0.10234375
0 0.88515625 0.74375 0.05625 0.08203125
1 0.96640625 0.784375 0.06640625 0.096875
1 0.9 0.81484375 0.0703125 0.0796875
0 0.78515625 0.728125 0.059375 0.09921875
1 0.82578125 0.840625 0.065625 0.10703125
1 0.76171875 0.93046875 0.08359375 0.06953125
1 0.7671875 0.8265625 0.06328125 0.08828125
0 0.725 0.69921875 0.06875 0.0734375
0 0.7296875 0.765625 0.05546875 0.0796875
0 0.63359375 0.5953125 0.07265625 0.0703125
1 0.66875 0.66484375 0.06875 0.08203125
0 0.66796875 0.725 0.06875 0.06640625
0 0.66953125 0.79765625 0.06953125 0.09296875
1 0.70234375 0.8484375 0.07265625 0.09140625
1 0.6484375 0.878125 0.05703125 0.07578125
1 0.68984375 0.97265625 0.06484375 0.0546875
1 0.63984375 0.95 0.0765625 0.0796875
1 0.60625 0.90078125 0.05 0.08046875
0 0.6046875 0.81015625 0.0640625 0.10234375
0 0.6140625 0.70078125 0.05546875 0.11328125
0 0.57421875 0.5671875 0.06328125 0.1171875
1 0.49609375 0.4703125 0.0828125 0.08046875
0 0.51171875 0.534375 0.08515625 0.06875
1 0.53046875 0.62890625 0.05703125 0.0921875
1 0.55546875 0.7078125 0.06015625 0.07890625
0 0.55546875 0.8234375 0.0578125 0.08984375
1 0.55078125 0.88828125 0.06640625 0.07890625
0 0.546875 0.97421875 0.065625 0.0515625
0 0.48515625 0.696875 0.09140625 0.0703125
1 0.51640625 0.76875 0.05859375 0.07265625
0 0.45859375 0.80390625 0.07421875 0.06875
1 0.49296875 0.83515625 0.078125 0.071875
1 0.48671875 0.89375 0.0828125 0.075
0 0.5 0.9515625 0.065625 0.0625
0 0.46328125 0.59921875 0.053125 0.09921875
0 0.44609375 0.521875 0.06328125 0.084375
1 0.4015625 0.55859375 0.059375 0.0609375
0 0.42578125 0.64453125 0.05234375 0.11015625
0 0.35390625 0.50390625 0.07265625 0.078125
0 0.2796875 0.50546875 0.071875 0.084375
0 0.328125 0.55859375 0.09921875 0.071875
0 0.3171875 0.62109375 0.07734375 0.084375
1 0.3796875 0.61953125 0.05390625 0.0765625
0 0.38515625 0.70234375 0.06640625 0.103125
1 0.3828125 0.77734375 0.07265625 0.09765625
1 0.4015625 0.85234375 0.07890625 0.06640625
1 0.4140625 0.91328125 0.065625 0.0734375
0 0.43125 0.96484375 0.0625 0.06953125
1 0.3546875 0.93046875 0.0578125 0.09921875
1 0.340625 0.82734375 0.05703125 0.0921875
1 0.30390625 0.89296875 0.05625 0.08515625
1 0.290625 0.97734375 0.0703125 0.04453125
1 0.2625 0.934375 0.07265625 0.06796875
1 0.33515625 0.6984375 0.05234375 0.0859375
1 0.27734375 0.6828125 0.06875 0.08671875
0 0.30078125 0.76015625 0.08125 0.0953125
1 0.2171875 0.51953125 0.0640625 0.08515625
1 0.25 0.57734375 0.08046875 0.0640625
0 0.23828125 0.6375 0.08359375 0.0671875
1 0.0421875 0.48359375 0.0546875 0.0953125
1 0.1015625 0.48359375 0.0796875 0.08203125
1 0.15234375 0.52890625 0.06796875 0.084375
1 0.0828125 0.55078125 0.08203125 0.0703125
0 0.01875 0.571875 0.0375 0.103125
0 0.06796875 0.6234375 0.06875 0.0859375
0 0.1875 0.5796875 0.0625 0.0625
0 0.1609375 0.621875 0.07421875 0.08203125
0 0.19453125 0.71484375 0.05078125 0.096875
0 0.23203125 0.75234375 0.06484375 0.08359375
0 0.24140625 0.82421875 0.0828125 0.0609375
0 0.13828125 0.796875 0.05703125 0.084375
1 0.17578125 0.853125 0.07265625 0.0796875
0 0.11796875 0.69453125 0.08125 0.06953125
0 0.0484375 0.703125 0.0640625 0.0921875
0 0.07578125 0.77109375 0.0546875 0.0859375
1 0.028125 0.76640625 0.0546875 0.07578125
1 0.03046875 0.83359375 0.0609375 0.075
1 0.10859375 0.8515625 0.0796875 0.1
1 0.14375 0.934375 0.05 0.0890625
1 0.196875 0.928125 0.06875 0.07578125
1 0.215625 0.98359375 0.06484375 0.0328125