1 0.08828125 0.06171875 0.053125 0.1109375
1 0.13984375 0.040625 0.05546875 0.08125
0 0.19453125 0.06875 0.07421875 0.0765625
0 0.23203125 0.02265625 0.0703125 0.0453125
1 0.26484375 0.07421875 0.0734375 0.090625
0 0.3046875 0.02890625 0.071875 0.0578125
0 0.365625 0.0328125 0.075 0.065625
0 0.40625 0.06328125 0.06015625 0.08359375
0 0.45625 0.0265625 0.0796875 0.05234375
0 0.525 0.034375 0.05703125 0.06875
0 0.58359375 0.02578125 0.0765625 0.0515625
1 0.646875 0.03515625 0.075 0.0703125
1 0.71328125 0.03671875 0.071875 0.07265625
0 0.7484375 0.0171875 0.053125 0.034375
0 0.8328125 0.0265625 0.071875 0.053125
1 0.88828125 0.03828125 0.05390625 0.07578125
0 0.93359375 0.04921875 0.05703125 0.0984375
1 0.9765625 0.05546875 0.046875 0.1109375
0 0.77890625 0.0640625 0.0859375 0.06953125
1 0.8390625 0.09921875 0.06171875 0.0953125
1 0.89140625 0.1125 0.059375 0.08671875
0 0.96953125 0.13984375 0.0609375 0.0859375
1 0.90703125 0.2 0.065625 0.08359375
0 0.86015625 0.17734375 0.0484375 0.09375
0 0.78984375 0.1421875 0.06796875 0.090625
1 0.72109375 0.115625 0.0734375 0.090625
0 0.66953125 0.10078125 0.05 0.08671875
0 0.61875 0.090625 0.06015625 0.0953125
0 0.56796875 0.08203125 0.0546875 0.08125
0 0.5109375 0.08125 0.07265625 0.0984375
0 0.465625 0.096875 0.0640625 0.096875
0 0.3375 0.09296875 0.08671875 0.07421875
0 0.40078125 0.128125 0.0765625 0.06796875
0 0.3171875 0.16015625 0.06171875 0.08359375
1 0.234375 0.1359375 0.0765625 0.07109375
1 0.15234375 0.10859375 0.0890625 0.071875
1 0.10546875 0.16015625 0.0578125 0.09609375
0 0.196875 0.17421875 0.08359375 0.08046875
0 0.28984375 0.20546875 0.0578125 0.0921875
0 0.2453125 0.2078125 0.0453125 0.09375
1 0.3828125 0.18828125 0.07890625 0.084375
0 0.45546875 0.17265625 0.0796875 0.0578125
0 0.53671875 0.14921875 0.0875 0.0625
0 0.6 0.16328125 0.06015625 0.084375
1 0.66640625 0.178125 0.07734375 0.07421875
1 0.73828125 0.1921875 0.07265625 0.06796875
1 0.80390625 0.20546875 0.0765625 0.05859375
0 0.95859375 0.23671875 0.0671875 0.06796875
0 0.92265625 0.28671875 0.04375 0.11484375
0 0.9625 0.30234375 0.059375 0.08671875
0 0.86640625 0.26328125 0.07578125 0.07109375
0 0.7640625 0.24765625 0.05625 0.075
1 0.9171875 0.37890625 0.075 0.09375
1 0.80390625 0.30625 0.0578125 0.09609375
1 0.8515625 0.32734375 0.071875 0.07421875
0 0.73359375 0.3203125 0.07890625 0.078125
1 0.6921875 0.24921875 0.07890625 0.07578125
0 0.6171875 0.2328125 0.06953125 0.071875
1 0.65390625 0.2921875 0.05625 0.08046875
0 0.5625 0.25625 0.053125 0.0859375
0 0.521875 0.19765625 0.07109375 0.05859375
0 0.4578125 0.2203125 0.08125 0.05703125
0 0.515625 0.2734375 0.046875 0.1078125
0 0.596875 0.31171875 0.0671875 0.10234375
0 0.54765625 0.33359375 0.04375 0.08671875
1 0.634375 0.36640625 0.071875 0.05625
1 0.70234375 0.37109375 0.075 0.06328125
1 0.775 0.38125 0.08203125 0.06953125
0 0.4515625 0.2734375 0.08203125 0.06171875
0 0.3625 0.27109375 0.0953125 0.07421875
1 0.18828125 0.23828125 0.08125 0.0609375
0 0.0953125 0.29453125 0.06015625 0.0921875
1 0.15859375 0.2984375 0.07265625 0.08046875
1 0.0640625 0.35703125 0.05546875 0.0828125
1 0.1234375 0.35625 0.06875 0.08828125
0 0.23359375 0.31484375 0.06328125 0.09453125
0 0.29140625 0.2921875 0.07578125 0.0625
0 0.3484375 0.33828125 0.0640625 0.07265625
0 0.415625 0.34765625 0.07578125 0.06484375
1 0.496875 0.340625 0.06484375 0.06328125
1 0.2953125 0.35703125 0.07421875 0.0765625
1 0.22734375 0.396875 0.0890625 0.07265625
1 0.06328125 0.43203125 0.075 0.0734375
0 0.13203125 0.44375 0.05703125 0.0921875
0 0.04296875 0.50859375 0.05625 0.09765625
1 0.10078125 0.509375 0.06640625 0.0921875
0 0.2 0.46953125 0.08046875 0.07890625
0 0.30078125 0.4203125 0.06484375 0.07734375
1 0.27421875 0.471875 0.07265625 0.08671875
1 0.3578125 0.43046875 0.0671875 0.0890625
0 0.396875 0.39921875 0.08125 0.05859375
0 0.47890625 0.41328125 0.0828125 0.07734375
0 0.54296875 0.38828125 0.0796875 0.059375
0 0.59921875 0.43203125 0.05 0.09375
0 0.54921875 0.45546875 0.0546875 0.06328125
0 0.496875 0.4828125 0.07265625 0.0828125
1 0.41875 0.459375 0.06328125 0.08984375
0 0.34453125 0.48671875 0.07421875 0.0796875
0 0.0125 0.5765625 0.02421875 0.08125
0 0.0578125 0.59296875 0.06484375 0.0828125
1 0.115625 0.59375 0.06484375 0.09296875
0 0.1734375 0.5578125 0.0578125 0.08984375
1 0.2234375 0.546875 0.05234375 0.0984375
0 0.26953125 0.55390625 0.05234375 0.090625
0 0.3234375 0.54296875 0.078125 0.0859375
0 0.3953125 0.5328125 0.07734375 0.0734375
1 0.45625 0.528125 0.0546875 0.0953125
0 0.565625 0.50234375 0.0765625 0.06171875
1 0.66640625 0.42890625 0.07890625 0.059375
0 0.7359375 0.4359375 0.06484375 0.08359375
1 0.79140625 0.434375 0.059375 0.06171875
1 0.83671875 0.45703125 0.0484375 0.08671875
1 0.90703125 0.46328125 0.06875 0.08359375
1 0.9546875 0.48671875 0.07109375 0.07421875
1 0.86875 0.5265625 0.07734375 0.0703125
1 0.9578125 0.55390625 0.06953125 0.071875
0 0.8953125 0.6 0.0609375 0.08515625
0 0.93203125 0.62265625 0.06015625 0.08671875
0 0.95078125 0.69375 0.0796875 0.06015625
1 0.98203125 0.58984375 0.0359375 0.0984375
0 0.8015625 0.49375 0.071875 0.06796875
0 0.8015625 0.5578125 0.08515625 0.06796875
0 0.75234375 0.5171875 0.0375 0.08125
1 0.83828125 0.60234375 0.05625 0.07890625
0 0.790625 0.63203125 0.06484375 0.08984375
0 0.853125 0.67734375 0.075 0.05546875
0 0.88203125 0.7265625 0.071875 0.071875
1 0.640625 0.49140625 0.0546875 0.078125
0 0.69921875 0.5 0.0703125 0.06640625
0 0.61953125 0.54609375 0.0578125 0.09765625
0 0.6875 0.56484375 0.0859375 0.07421875
1 0.74609375 0.60703125 0.05 0.09140625
0 0.70078125 0.6453125 0.06640625 0.07734375
1 0.6390625 0.62109375 0.07890625 0.0609375
1 0.521875 0.55390625 0.08125 0.078125
1 0.56484375 0.6 0.0828125 0.06875
0 0.41875 0.59921875 0.07109375 0.0765625
0 0.48984375 0.61640625 0.08125 0.07734375
0 0.33203125 0.61015625 0.0859375 0.06796875
0 0.26796875 0.62890625 0.06171875 0.07734375
1 0.21640625 0.653125 0.0546875 0.0984375
1 0.1640625 0.6453125 0.05703125 0.08671875
1 0.13046875 0.70234375 0.06640625 0.08828125
0 0.01484375 0.775 0.0296875 0.08359375
0 0.1953125 0.72734375 0.06875 0.05703125
0 0.26328125 0.7375 0.07734375 0.06953125
0 0.3171875 0.6921875 0.0546875 0.07109375
1 0.38515625 0.659375 0.07578125 0.07265625
1 0.44375 0.6765625 0.0484375 0.10078125
0 0.03046875 0.93828125 0.0609375 0.1203125
1 0.15859375 0.8375 0.05390625 0.09609375
0 0.20625 0.78828125 0.06640625 0.0828125
0 0.2265625 0.90234375 0.07734375 0.08359375
1 0.303125 0.896875 0.075 0.071875
0 0.2921875 0.80078125 0.08515625 0.07578125
1 0.346875 0.7421875 0.065625 0.090625
0 0.4046875 0.71953125 0.06953125 0.071875
0 0.38828125 0.7828125 0.07109375 0.06640625
1 0.3625 0.83125 0.08046875 0.07578125
0 0.42890625 0.83828125 0.05234375 0.09765625
0 0.40234375 0.915625 0.0640625 0.08359375
0 0.371875 0.96875 0.0921875 0.0625
0 0.446875 0.97109375 0.05625 0.0578125
0 0.465625 0.76640625 0.06953125 0.071875
1 0.5015625 0.68671875 0.06875 0.07578125
0 0.56875 0.65546875 0.0765625 0.07109375
0 0.63515625 0.690625 0.071875 0.08046875
0 0.53359375 0.7203125 0.053125 0.090625
1 0.58515625 0.73125 0.06796875 0.0953125
0 0.50234375 0.80859375 0.07265625 0.07734375
1 0.559375 0.790625 0.04375 0.0796875
1 0.49140625 0.878125 0.09375 0.06640625
0 0.51171875 0.9546875 0.06640625 0.090625
0 0.56796875 0.96484375 0.046875 0.0703125
1 0.5671875 0.88671875 0.0609375 0.10234375
0 0.603125 0.8296875 0.053125 0.0984375
0 0.6234375 0.9171875 0.0578125 0.09453125
0 0.63515625 0.7734375 0.0484375 0.1
0 0.65859375 0.84921875 0.07421875 0.07265625
0 0.71015625 0.73203125 0.078125 0.0609375
1 0.6890625 0.78515625 0.0734375 0.06953125
1 0.69140625 0.95234375 0.07890625 0.06328125
0 0.71875 0.9 0.06953125 0.0765625
0 0.725 0.8359375 0.07265625 0.06171875
1 0.76015625 0.76328125 0.0765625 0.06484375
1 0.79765625 0.7171875 0.0671875 0.08046875
1 0.82890625 0.78359375 0.06484375 0.0765625
0 0.78359375 0.8390625 0.0609375 0.09609375
0 0.76875 0.94765625 0.08203125 0.07734375
1 0.8359375 0.9390625 0.06953125 0.078125
1 0.82265625 0.86953125 0.06953125 0.0953125
1 0.878125 0.79375 0.06796875 0.0796875
0 0.88828125 0.8640625 0.06796875 0.09375
0 0.94609375 0.8421875 0.05859375 0.09765625
1 0.94296875 0.928125 0.05546875 0.084375
0 0.98515625 0.8875 0.0296875 0.078125