1 0.09296875 0.10078125 0.1125 0.090625
1 0.09453125 0.17890625 0.1 0.096875
1 0.2015625 0.20859375 0.1375 0.078125
1 0.31796875 0.18359375 0.121875 0.10625
1 0.41796875 0.19921875 0.11875 0.08125
1 0.42109375 0.259375 0.1359375 0.08125
1 0.29609375 0.253125 0.06875 0.084375
1 0.21640625 0.2625 0.128125 0.0609375
1 0.10625 0.25234375 0.1046875 0.0609375
1 0.04453125 0.22109375 0.0890625 0.0875
1 0.05 0.30234375 0.1 0.059375
1 0.2515625 0.31484375 0.0796875 0.090625
1 0.17734375 0.32109375 0.090625 0.08125
1 0.12890625 0.296875 0.071875 0.078125
1 0.1078125 0.3609375 0.0796875 0.0828125
1 0.0421875 0.3640625 0.084375 0.08125
1 0.16484375 0.415625 0.090625 0.084375
1 0.09140625 0.41171875 0.078125 0.0765625
1 0.353125 0.3140625 0.115625 0.08125
1 0.44921875 0.3265625 0.103125 0.0859375
1 0.31796875 0.3703125 0.10625 0.084375
1 0.23046875 0.3859375 0.103125 0.08125
1 0.29375 0.43046875 0.078125 0.08125
1 0.371875 0.45390625 0.1140625 0.06875
1 0.4734375 0.3890625 0.090625 0.090625
1 0.40234375 0.409375 0.090625 0.08125
1 0.5328125 0.25234375 0.11875 0.0609375
1 0.68984375 0.28203125 0.09375 0.0921875
1 0.6171875 0.29375 0.090625 0.09375
1 0.76875 0.2390625 0.125 0.090625
1 0.846875 0.3015625 0.1 0.065625
1 0.77890625 0.33125 0.0953125 0.05625
1 0.5375 0.321875 0.0828125 0.078125
1 0.6625 0.35703125 0.084375 0.0859375
1 0.64765625 0.42265625 0.1 0.09375
1 0.553125 0.4 0.08125 0.06875
1 0.56640625 0.4578125 0.0953125 0.0703125
1 0.4859375 0.45859375 0.1 0.0671875
1 0.67890625 0.48671875 0.090625 0.0546875
1 0.6671875 0.5375 0.1 0.071875
1 0.5921875 0.53203125 0.08125 0.09375
1 0.5296875 0.515625 0.09375 0.046875
1 0.434375 0.525 0.115625 0.0625
1 0.33125 0.5125 0.1 0.0875
1 0.253125 0.4890625 0.0921875 0.078125
1 0.1828125 0.46640625 0.0953125 0.065625
1 0.103125 0.4671875 0.10625 0.0625
1 0.16328125 0.5203125 0.096875 0.0671875
1 0.0953125 0.521875 0.09375 0.0703125
1 0.05078125 0.55703125 0.1015625 0.0828125
1 0.11484375 0.61640625 0.1 0.075
1 0.0671875 0.66171875 0.103125 0.08125
1 0.16015625 0.66171875 0.0875 0.084375
1 0.21015625 0.61015625 0.09375 0.0625
1 0.3328125 0.61796875 0.078125 0.06875
1 0.52578125 0.5625 0.0984375 0.059375
1 0.4515625 0.6015625 0.06875 0.0953125
1 0.24296875 0.65625 0.09375 0.0515625
1 0.2203125 0.7078125 0.1375 0.0546875
1 0.1375 0.7375 0.0859375 0.0671875
1 0.0859375 0.759375 0.075 0.090625
1 0.05078125 0.83203125 0.096875 0.0859375
1 0.065625 0.93828125 0.0734375 0.0859375
1 0.1109375 0.85234375 0.0734375 0.065625
1 0.27109375 0.74296875 0.075 0.059375
1 0.2140625 0.76640625 0.0890625 0.084375
1 0.15 0.7984375 0.1 0.0640625
1 0.30859375 0.68515625 0.0875 0.065625
1 0.2171875 0.83359375 0.1015625 0.06875
1 0.16328125 0.88515625 0.1 0.075
1 0.18671875 0.94609375 0.1 0.0828125
1 0.2515625 0.88984375 0.109375 0.065625
1 0.35546875 0.75703125 0.078125 0.0609375
1 0.3015625 0.8046875 0.084375 0.065625
1 0.6359375 0.596875 0.090625 0.08125
1 0.5640625 0.62109375 0.0734375 0.096875
1 0.503125 0.64296875 0.0828125 0.0921875
1 0.4375 0.659375 0.0859375 0.08125
1 0.39140625 0.69375 0.084375 0.08125
1 0.4125 0.8421875 0.090625 0.065625
1 0.3375 0.865625 0.090625 0.0765625
1 0.4609375 0.7703125 0.078125 0.0890625
1 0.39140625 0.78671875 0.096875 0.0703125
1 0.49453125 0.90078125 0.1 0.0765625
1 0.41796875 0.9078125 0.084375 0.075
1 0.31953125 0.946875 0.078125 0.090625
1 0.2625 0.95 0.075 0.06875
1 0.475 0.9515625 0.10625 0.075
1 0.39765625 0.978125 0.096875 0.04375
1 0.74921875 0.64375 0.071875 0.096875
1 0.684375 0.64375 0.084375 0.0859375
1 0.61953125 0.6578125 0.090625 0.0875
1 0.85703125 0.403125 0.1125 0.0578125
1 0.7703125 0.44140625 0.090625 0.0796875
1 0.84765625 0.35859375 0.103125 0.0578125
1 0.909375 0.43203125 0.075 0.0625
1 0.83671875 0.4734375 0.0875 0.0625
1 0.75859375 0.5171875 0.0875 0.071875
1 0.7359375 0.57578125 0.084375 0.08125
1 0.796875 0.596875 0.08125 0.065625
1 0.90546875 0.503125 0.1 0.065625
1 0.8203125 0.54296875 0.059375 0.075
1 0.9625 0.52421875 0.075 0.0734375
1 0.928125 0.59296875 0.08125 0.0765625
1 0.92421875 0.63671875 0.096875 0.071875
1 0.86171875 0.62265625 0.0875 0.071875
1 0.8078125 0.6703125 0.0859375 0.075
1 0.93125 0.70546875 0.090625 0.090625
1 0.86640625 0.6890625 0.096875 0.0625
1 0.79453125 0.73125 0.096875 0.071875
1 0.71484375 0.7171875 0.103125 0.0625
1 0.6515625 0.74140625 0.096875 0.084375
1 0.571875 0.709375 0.10625 0.075
1 0.50390625 0.70546875 0.071875 0.075
1 0.49921875 0.8296875 0.096875 0.078125
1 0.5703125 0.78671875 0.084375 0.06875
1 0.58203125 0.86640625 0.103125 0.0765625
1 0.63125 0.82109375 0.078125 0.0875
1 0.7140625 0.83125 0.096875 0.075
1 0.7390625 0.7828125 0.078125 0.0734375
1 0.8359375 0.79453125 0.0875 0.0921875
1 0.89296875 0.759375 0.075 0.0875
1 0.796875 0.8484375 0.09375 0.078125
1 0.86640625 0.909375 0.1015625 0.09375
1 0.94453125 0.88671875 0.1109375 0.0953125
1 0.9390625 0.95390625 0.1 0.075
1 0.7875 0.96484375 0.0875 0.0703125
1 0.7328125 0.9046875 0.096875 0.0765625
1 0.64765625 0.91015625 0.0734375 0.065625
1 0.7 0.9546875 0.084375 0.071875