1 0.0390625 0.1390625 0.06875 0.065625
1 0.03125 0.0640625 0.0625 0.0828125
1 0.08671875 0.06875 0.05 0.1015625
1 0.0703125 0.38125 0.065625 0.0953125
1 0.05859375 0.29140625 0.075 0.0875
1 0.1140625 0.2 0.084375 0.08125
1 0.12890625 0.1265625 0.0796875 0.075
1 0.1359375 0.3421875 0.0859375 0.071875
1 0.15078125 0.28828125 0.075 0.08125
1 0.17890625 0.19296875 0.08125 0.096875
1 0.16640625 0.0765625 0.084375 0.09375
1 0.2453125 0.23828125 0.0625 0.084375
1 0.2421875 0.1484375 0.09375 0.09375
1 0.2265625 0.07421875 0.075 0.0984375
1 0.27890625 0.40625 0.071875 0.071875
1 0.27265625 0.30625 0.0625 0.1
1 0.29296875 0.2015625 0.0546875 0.0828125
1 0.3015625 0.0984375 0.084375 0.078125
1 0.28359375 0.0359375 0.084375 0.05625
1 0.05546875 0.54765625 0.078125 0.115625
1 0.12265625 0.5734375 0.0796875 0.071875
1 0.115625 0.5015625 0.0828125 0.0859375
1 0.10703125 0.42734375 0.065625 0.0890625
1 0.1859375 0.50859375 0.0671875 0.084375
1 0.16484375 0.43515625 0.04375 0.090625
1 0.14296875 0.72890625 0.084375 0.090625
1 0.22734375 0.70390625 0.071875 0.078125
1 0.20234375 0.61875 0.0625 0.09375
1 0.23203125 0.5203125 0.0609375 0.1
1 0.22109375 0.446875 0.059375 0.06875
1 0.14140625 0.6390625 0.0609375 0.0765625
1 0.0328125 0.78203125 0.065625 0.0734375
1 0.11640625 0.85546875 0.05625 0.103125
1 0.2328125 0.90390625 0.078125 0.065625
1 0.2125 0.8375 0.1 0.065625
1 0.271875 0.65859375 0.0703125 0.090625
1 0.28359375 0.95234375 0.0859375 0.084375
1 0.28984375 0.86640625 0.0640625 0.1
1 0.27734375 0.78515625 0.0765625 0.078125
1 0.3421875 0.92109375 0.0671875 0.08125
1 0.33828125 0.83125 0.065625 0.096875
1 0.3203125 0.725 0.065625 0.065625
1 0.2234375 0.36015625 0.05625 0.10625
1 0.340625 0.215625 0.06875 0.1015625
1 0.37109375 0.1078125 0.05625 0.096875
1 0.32734375 0.4640625 0.08125 0.075
1 0.34765625 0.38828125 0.0609375 0.0890625
1 0.3234375 0.33203125 0.059375 0.0796875
1 0.371875 0.2828125 0.08125 0.059375
1 0.4453125 0.2671875 0.075 0.071875
1 0.4359375 0.2015625 0.0734375 0.059375
1 0.4234375 0.12890625 0.0765625 0.075
1 0.4265625 0.05 0.0703125 0.09375
1 0.38359375 0.784375 0.0671875 0.1078125
1 0.371875 0.6921875 0.0640625 0.09375
1 0.38203125 0.609375 0.09375 0.0625
1 0.35 0.5484375 0.065625 0.0859375
1 0.41953125 0.54453125 0.065625 0.09375
1 0.39765625 0.4796875 0.0625 0.10625
1 0.41640625 0.39609375 0.075 0.084375
1 0.41875 0.33125 0.0875 0.078125
1 0.45703125 0.45625 0.075 0.0875
1 0.4921875 0.38125 0.053125 0.103125
0 0.5125 0.296875 0.0859375 0.06875
1 0.52265625 0.24453125 0.08125 0.075
1 0.496875 0.52265625 0.084375 0.075
1 0.53671875 0.4453125 0.078125 0.1
1 0.5453125 0.35859375 0.0625 0.0984375
0 0.5546875 0.7421875 0.06875 0.075
1 0.5453125 0.93984375 0.0828125 0.075
1 0.565625 0.86015625 0.08125 0.0875
1 0.59296875 0.79765625 0.078125 0.090625
1 0.59765625 0.70234375 0.059375 0.0953125
1 0.6015625 0.61796875 0.075 0.071875
1 0.6375 0.5296875 0.078125 0.071875
1 0.61484375 0.47265625 0.08125 0.0921875
1 0.62265625 0.38828125 0.084375 0.0890625
1 0.59765625 0.31875 0.084375 0.090625
1 0.4921875 0.153125 0.053125 0.09375
1 0.49296875 0.06171875 0.05625 0.1078125
1 0.54375 0.16484375 0.059375 0.1125
1 0.5421875 0.07890625 0.053125 0.084375
1 0.62109375 0.23515625 0.08125 0.096875
1 0.59140625 0.19140625 0.05625 0.078125
1 0.5875 0.10390625 0.040625 0.09375
1 0.6640625 0.1921875 0.06875 0.09375
1 0.64375 0.0953125 0.0734375 0.090625
1 0.58984375 0.03203125 0.0578125 0.0640625
1 0.65859375 0.03828125 0.078125 0.0765625
1 0.703125 0.1234375 0.065625 0.0984375
1 0.73046875 0.04609375 0.0875 0.0671875
1 0.68359375 0.3171875 0.0875 0.090625
1 0.72421875 0.23515625 0.0734375 0.0671875
1 0.7390625 0.17578125 0.059375 0.0875
1 0.76796875 0.11484375 0.084375 0.090625
1 0.8296875 0.0859375 0.084375 0.0828125
1 0.81171875 0.0296875 0.0890625 0.059375
1 0.71953125 0.3875 0.08125 0.0875
1 0.759375 0.28515625 0.0625 0.0796875
1 0.678125 0.921875 0.0640625 0.0875
1 0.7078125 0.83359375 0.0703125 0.06875
1 0.7296875 0.74453125 0.059375 0.0859375
1 0.7234375 0.6515625 0.071875 0.090625
1 0.71953125 0.5640625 0.053125 0.096875
1 0.76796875 0.46328125 0.084375 0.096875
1 0.78828125 0.40234375 0.0703125 0.084375
1 0.8046875 0.3359375 0.05 0.10625
1 0.8078125 0.21484375 0.078125 0.0796875
1 0.78125 0.66953125 0.0734375 0.06875
1 0.77734375 0.60703125 0.065625 0.065625
1 0.78671875 0.83203125 0.0671875 0.09375
1 0.803125 0.746875 0.0625 0.10625
1 0.8484375 0.79375 0.0875 0.08125
1 0.86328125 0.7171875 0.1046875 0.0859375
1 0.834375 0.6359375 0.0640625 0.103125
1 0.82265625 0.54765625 0.0734375 0.1
1 0.82890625 0.4515625 0.053125 0.1125
1 0.8546875 0.35 0.05625 0.10625
1 0.86015625 0.2640625 0.071875 0.10625
1 0.871875 0.1625 0.065625 0.109375
1 0.90546875 0.10078125 0.059375 0.1125
1 0.90625 0.2296875 0.0640625 0.1046875
1 0.95390625 0.19921875 0.078125 0.1140625
1 0.88984375 0.65546875 0.0640625 0.1
1 0.88828125 0.546875 0.05625 0.09375
1 0.8890625 0.4546875 0.075 0.090625
1 0.90390625 0.36953125 0.075 0.0875
1 0.95703125 0.64765625 0.075 0.103125
1 0.934375 0.56953125 0.075 0.103125
1 0.92890625 0.48046875 0.05625 0.09375
1 0.94921875 0.41328125 0.0875 0.090625
1 0.94140625 0.328125 0.08125 0.10625
1 0.97109375 0.2953125 0.0578125 0.109375
1 0.42109375 0.6859375 0.0609375 0.1015625
1 0.45390625 0.58828125 0.078125 0.1015625
1 0.3953125 0.89765625 0.0734375 0.0890625
1 0.4515625 0.8890625 0.05625 0.109375
1 0.428125 0.825 0.05 0.0859375
1 0.4546875 0.7375 0.078125 0.08125
1 0.48046875 0.65546875 0.059375 0.1
1 0.53515625 0.678125 0.065625 0.065625
1 0.53203125 0.60625 0.0625 0.0875
1 0.4859375 0.784375 0.078125 0.071875
1 0.57265625 0.55390625 0.0796875 0.071875
1 0.68515625 0.440625 0.0859375 0.090625
1 0.678125 0.7703125 0.071875 0.06875
1 0.66171875 0.69375 0.08125 0.096875
1 0.66328125 0.6 0.0671875 0.10625
1 0.48515625 0.959375 0.0734375 0.08125
1 0.5109375 0.86953125 0.065625 0.10625
1 0.6140625 0.9265625 0.0625 0.10625
1 0.63984375 0.840625 0.075 0.1015625
1 0.72578125 0.96953125 0.090625 0.0609375
1 0.73984375 0.89453125 0.078125 0.096875
1 0.8125 0.94375 0.0484375 0.06875
1 0.87421875 0.95625 0.06875 0.0875
1 0.86640625 0.86328125 0.065625 0.0875
1 0.91484375 0.85703125 0.053125 0.1046875
1 0.92890625 0.76953125 0.084375 0.103125
1 0.96484375 0.85234375 0.065625 0.109375