0 0.0734375 0.0375 0.071875 0.05
0 0.128125 0.0890625 0.06875 0.103125
0 0.190625 0.02578125 0.06875 0.0515625
1 0.1921875 0.08671875 0.0765625 0.08125
0 0.2640625 0.06484375 0.0796875 0.075
1 0.32890625 0.07265625 0.05625 0.078125
1 0.303125 0.0203125 0.078125 0.040625
0 0.36875 0.021875 0.071875 0.04375
0 0.384375 0.06171875 0.075 0.059375
0 0.4296875 0.01796875 0.05625 0.0359375
0 0.42890625 0.07734375 0.0625 0.078125
0 0.49296875 0.03828125 0.065625 0.075
0 0.5671875 0.0421875 0.0796875 0.053125
0 0.671875 0.02890625 0.0703125 0.0578125
0 0.7296875 0.06171875 0.059375 0.090625
0 0.8 0.0484375 0.0875 0.059375
0 0.8515625 0.02421875 0.06875 0.046875
1 0.90625 0.05859375 0.0640625 0.08125
1 0.96171875 0.0390625 0.0578125 0.078125
0 0.85859375 0.09375 0.059375 0.084375
1 0.78671875 0.115625 0.0828125 0.065625
0 0.725 0.12734375 0.0640625 0.0734375
0 0.759375 0.1828125 0.053125 0.08125
0 0.82734375 0.16875 0.075 0.075
1 0.9015625 0.17578125 0.05625 0.090625
0 0.96953125 0.15 0.0515625 0.09375
1 0.878125 0.24296875 0.08125 0.078125
0 0.80546875 0.2234375 0.0703125 0.05625
0 0.9578125 0.26796875 0.05625 0.10625
1 0.91796875 0.31953125 0.05 0.0796875
0 0.83515625 0.303125 0.053125 0.096875
0 0.775 0.309375 0.0640625 0.084375
0 0.72890625 0.246875 0.065625 0.0859375
0 0.671875 0.25234375 0.0609375 0.1078125
0 0.715625 0.32734375 0.059375 0.0875
0 0.6265625 0.12890625 0.0625 0.08125
0 0.60234375 0.20078125 0.065625 0.065625
0 0.584375 0.115625 0.059375 0.103125
0 0.534375 0.09609375 0.06875 0.06875
0 0.46171875 0.10859375 0.0671875 0.065625
0 0.49921875 0.1546875 0.078125 0.06875
1 0.54609375 0.18984375 0.0640625 0.0828125
1 0.48046875 0.215625 0.065625 0.08125
0 0.42734375 0.18671875 0.059375 0.103125
0 0.37734375 0.12890625 0.059375 0.0625
0 0.3015625 0.13984375 0.0703125 0.08125
0 0.35 0.1890625 0.0546875 0.0765625
0 0.2546875 0.14375 0.05625 0.1
0 0.31015625 0.225 0.065625 0.0875
0 0.20078125 0.15390625 0.0796875 0.071875
0 0.240625 0.221875 0.071875 0.071875
0 0.1640625 0.19453125 0.084375 0.053125
1 0.1625 0.25078125 0.0625 0.06875
0 0.0609375 0.1171875 0.075 0.0625
1 0.06328125 0.21953125 0.0765625 0.10625
1 0.02109375 0.1921875 0.0421875 0.09375
0 0.06484375 0.33125 0.0578125 0.0953125
1 0.11171875 0.29921875 0.05625 0.08125
1 0.16015625 0.32734375 0.0609375 0.090625
0 0.22265625 0.2828125 0.08125 0.071875
0 0.28984375 0.2953125 0.059375 0.0890625
0 0.3640625 0.31015625 0.06875 0.065625
0 0.39140625 0.25625 0.0765625 0.0703125
0 0.4515625 0.2640625 0.05625 0.071875
0 0.45546875 0.3203125 0.090625 0.05625
0 0.53125 0.271875 0.078125 0.0765625
0 0.58125 0.303125 0.065625 0.0796875
0 0.5234375 0.35546875 0.078125 0.0796875
1 0.62578125 0.35234375 0.053125 0.09375
1 0.675 0.35546875 0.05 0.096875
0 0.23828125 0.3734375 0.0765625 0.09375
0 0.27265625 0.3625 0.065625 0.090625
0 0.33515625 0.3640625 0.059375 0.084375
0 0.4 0.36875 0.071875 0.0703125
0 0.11640625 0.4046875 0.0875 0.065625
0 0.18984375 0.40078125 0.059375 0.0890625
1 0.0578125 0.43515625 0.053125 0.090625
0 0.01328125 0.28203125 0.025 0.0796875
0 0.02421875 0.35 0.0484375 0.065625
0 0.015625 0.41796875 0.03125 0.0765625
1 0.09375 0.50390625 0.05625 0.071875
0 0.1515625 0.4671875 0.0734375 0.090625
0 0.2140625 0.49296875 0.0703125 0.075
0 0.24921875 0.44296875 0.06875 0.053125
0 0.27421875 0.49921875 0.0703125 0.090625
0 0.3140625 0.45078125 0.0625 0.0875
1 0.34921875 0.43046875 0.0453125 0.0640625
1 0.39921875 0.45625 0.059375 0.071875
0 0.3484375 0.50546875 0.08125 0.06875
0 0.4515625 0.42265625 0.05 0.109375
0 0.1953125 0.55078125 0.075 0.059375
0 0.12890625 0.57734375 0.0703125 0.071875
1 0.0671875 0.58515625 0.0578125 0.1046875
1 0.01484375 0.61171875 0.0296875 0.09375
0 0.26171875 0.5859375 0.065625 0.071875
1 0.3171875 0.57890625 0.05 0.0765625
1 0.20546875 0.64140625 0.053125 0.109375
1 0.13671875 0.68203125 0.0671875 0.10625
0 0.18046875 0.7140625 0.075 0.0625
0 0.19609375 0.75859375 0.0625 0.0890625
0 0.11953125 0.76171875 0.08125 0.065625
0 0.26640625 0.66875 0.0703125 0.0671875
1 0.33515625 0.64765625 0.084375 0.06875
0 0.38046875 0.5796875 0.0671875 0.078125
0 0.43359375 0.54453125 0.0703125 0.0828125
1 0.46796875 0.50703125 0.078125 0.08125
1 0.4984375 0.44296875 0.05 0.1
0 0.5453125 0.4375 0.0609375 0.0828125
1 0.5390625 0.5078125 0.0765625 0.0640625
0 0.5140625 0.57734375 0.078125 0.0796875
1 0.446875 0.62734375 0.084375 0.0765625
0 0.41875 0.67734375 0.075 0.075
1 0.365625 0.709375 0.0640625 0.06875
0 0.52578125 0.65546875 0.0734375 0.0828125
0 0.57578125 0.68515625 0.065625 0.0640625
1 0.59140625 0.40625 0.05 0.090625
0 0.64375 0.43046875 0.05625 0.08125
1 0.72890625 0.40390625 0.0828125 0.071875
1 0.79375 0.3953125 0.053125 0.08125
1 0.87578125 0.38203125 0.0859375 0.065625
0 0.9484375 0.40390625 0.0625 0.0875
1 0.89453125 0.44453125 0.078125 0.0671875
1 0.8234375 0.46953125 0.078125 0.075
0 0.7703125 0.484375 0.053125 0.096875
0 0.70078125 0.47265625 0.053125 0.0921875
0 0.6125 0.4890625 0.071875 0.075
0 0.5859375 0.56015625 0.05625 0.0921875
0 0.65859375 0.5609375 0.08125 0.08125
0 0.7171875 0.5328125 0.065625 0.059375
1 0.79453125 0.55234375 0.0625 0.0828125
0 0.8421875 0.5453125 0.046875 0.0765625
0 0.8859375 0.51953125 0.05 0.090625
0 0.9296875 0.53046875 0.0625 0.1
0 0.965625 0.55390625 0.0484375 0.0921875
1 0.97109375 0.63125 0.05625 0.078125
1 0.91875 0.615625 0.065625 0.0796875
1 0.8734375 0.66171875 0.0546875 0.0875
0 0.83125 0.66796875 0.046875 0.084375
0 0.79140625 0.63359375 0.08125 0.0578125
0 0.7859375 0.71796875 0.0625 0.09375
1 0.7265625 0.58828125 0.0828125 0.0765625
0 0.6125 0.61640625 0.065625 0.084375
0 0.678125 0.65 0.078125 0.078125
0 0.73515625 0.684375 0.0453125 0.103125
0 0.88671875 0.76875 0.0625 0.078125
0 0.95078125 0.78125 0.059375 0.084375
1 0.9359375 0.89375 0.05625 0.0921875
1 0.89453125 0.83984375 0.0609375 0.090625
0 0.85546875 0.87734375 0.06875 0.084375
1 0.83359375 0.75234375 0.05 0.096875
1 0.7765625 0.790625 0.059375 0.084375
0 0.803125 0.86953125 0.0546875 0.0953125
1 0.82578125 0.9765625 0.059375 0.046875
1 0.8875 0.9640625 0.065625 0.071875
1 0.7265625 0.76796875 0.0515625 0.071875
1 0.73359375 0.83671875 0.0609375 0.084375
1 0.7578125 0.90703125 0.0625 0.078125
0 0.746875 0.97734375 0.059375 0.0453125
0 0.69609375 0.9 0.046875 0.08125
0 0.68984375 0.81328125 0.040625 0.0875
0 0.65625 0.93515625 0.046875 0.09375
1 0.684375 0.97890625 0.053125 0.0421875
0 0.67265625 0.71484375 0.06875 0.075
0 0.6234375 0.72734375 0.05625 0.071875
0 0.6359375 0.79921875 0.078125 0.075
0 0.63671875 0.8640625 0.075 0.06875
0 0.56796875 0.77109375 0.059375 0.0859375
0 0.56953125 0.84765625 0.059375 0.071875
0 0.54140625 0.93125 0.05625 0.084375
1 0.5734375 0.96484375 0.059375 0.0703125
0 0.47890625 0.7328125 0.0484375 0.0921875
0 0.52421875 0.75703125 0.046875 0.09375
0 0.48125 0.83046875 0.078125 0.065625
0 0.46875 0.91484375 0.0765625 0.078125
0 0.47734375 0.971875 0.0703125 0.05625
0 0.41796875 0.97265625 0.0515625 0.0546875
1 0.36328125 0.97890625 0.071875 0.0421875
0 0.39765625 0.9 0.05625 0.090625
0 0.41953125 0.74453125 0.075 0.075
1 0.4125 0.8140625 0.0734375 0.0609375
0 0.35703125 0.76953125 0.065625 0.0625
0 0.334375 0.83125 0.078125 0.065625
0 0.30390625 0.71640625 0.0625 0.090625
1 0.25078125 0.7390625 0.05 0.0890625
1 0.28515625 0.79140625 0.075 0.084375
0 0.2703125 0.87421875 0.059375 0.0875
0 0.23828125 0.96015625 0.090625 0.0734375
0 0.228125 0.83046875 0.0515625 0.10625
0 0.16953125 0.8265625 0.0640625 0.08125
0 0.09140625 0.8265625 0.05 0.084375
0 0.64453125 0.065625 0.065625 0.059375