1 0.90234375 0.715625 0.1125 0.075
1 0.83359375 0.765625 0.09375 0.05625
1 0.746875 0.77890625 0.0875 0.075
0 0.65546875 0.82421875 0.0875 0.0828125
1 0.815625 0.7078125 0.103125 0.06875
1 0.70703125 0.728125 0.1109375 0.0640625
1 0.76171875 0.678125 0.1 0.075
1 0.84453125 0.6546875 0.1296875 0.0734375
1 0.96171875 0.56796875 0.075 0.1
1 0.896875 0.5140625 0.096875 0.0609375
1 0.746875 0.615625 0.084375 0.05625
1 0.7953125 0.5796875 0.0953125 0.06875
1 0.86640625 0.58984375 0.0875 0.0640625
1 0.57734375 0.6578125 0.103125 0.08125
1 0.64296875 0.67578125 0.0890625 0.075
1 0.553125 0.715625 0.0921875 0.075
1 0.60859375 0.5921875 0.1015625 0.0625
1 0.6578125 0.55078125 0.08125 0.065625
1 0.56328125 0.52578125 0.096875 0.0953125
1 0.51484375 0.62421875 0.1 0.071875
1 0.41484375 0.790625 0.1109375 0.078125
1 0.28515625 0.8234375 0.084375 0.0984375
1 0.31015625 0.6953125 0.084375 0.0921875
1 0.37890625 0.65546875 0.096875 0.06875
1 0.40234375 0.60234375 0.10625 0.0625
1 0.48515625 0.58359375 0.1109375 0.06875
1 0.4390625 0.54453125 0.128125 0.065625
1 0.40078125 0.503125 0.1 0.0609375
1 0.690625 0.496875 0.0875 0.0765625
1 0.60390625 0.46484375 0.1078125 0.059375
1 0.6828125 0.43125 0.1 0.0515625
1 0.74375 0.47734375 0.090625 0.071875
1 0.8078125 0.5140625 0.0921875 0.078125
1 0.78984375 0.44453125 0.0875 0.065625
1 0.8734375 0.4625 0.109375 0.05625
1 0.95 0.48828125 0.1 0.075
1 0.8671875 0.415625 0.084375 0.06875
1 0.9265625 0.3875 0.103125 0.084375
1 0.81640625 0.38515625 0.0828125 0.065625
1 0.878125 0.33046875 0.125 0.0625
1 0.79609375 0.3359375 0.0796875 0.084375
1 0.71015625 0.37421875 0.0921875 0.0828125
1 0.6015625 0.40703125 0.1125 0.05625
1 0.48125 0.4109375 0.0890625 0.0859375
1 0.47109375 0.4890625 0.090625 0.078125
1 0.3875 0.43671875 0.084375 0.06875
1 0.2859375 0.6 0.1 0.0671875
1 0.2828125 0.5390625 0.103125 0.059375
1 0.10859375 0.66875 0.10625 0.0703125
1 0.0421875 0.621875 0.06875 0.0734375
1 0.09375 0.59140625 0.09375 0.08125
1 0.16328125 0.56484375 0.109375 0.0703125
1 0.22734375 0.503125 0.1125 0.06875
1 0.209375 0.43984375 0.10625 0.06875
1 0.28828125 0.45234375 0.09375 0.075
1 0.084375 0.51640625 0.084375 0.078125
1 0.14453125 0.50078125 0.078125 0.0875
1 0.10625 0.434375 0.1078125 0.075
1 0.32734375 0.40078125 0.075 0.06875
1 0.15390625 0.36953125 0.090625 0.084375
1 0.21640625 0.3578125 0.09375 0.0828125
1 0.2953125 0.3640625 0.096875 0.08125
1 0.40234375 0.353125 0.090625 0.084375
1 0.475 0.33828125 0.090625 0.078125
1 0.5421875 0.3484375 0.096875 0.084375
1 0.62421875 0.346875 0.09375 0.075
1 0.584375 0.29140625 0.103125 0.06875
1 0.4953125 0.27734375 0.103125 0.0765625
1 0.66875 0.31015625 0.078125 0.090625
1 0.740625 0.309375 0.090625 0.0703125
1 0.35390625 0.30703125 0.1 0.06875
1 0.53984375 0.2359375 0.103125 0.0703125
1 0.62890625 0.2453125 0.0921875 0.08125
1 0.7078125 0.25390625 0.10625 0.08125
1 0.78984375 0.26796875 0.090625 0.090625
1 0.85703125 0.26640625 0.1078125 0.0796875
1 0.94765625 0.26015625 0.1 0.071875
1 0.89140625 0.21640625 0.10625 0.0625
1 0.60390625 0.17734375 0.0953125 0.071875
1 0.678125 0.18984375 0.078125 0.0875
1 0.734375 0.171875 0.0953125 0.1046875
1 0.790625 0.1984375 0.0875 0.078125
1 0.6390625 0.1109375 0.0875 0.08125
1 0.72421875 0.11484375 0.1125 0.0671875
1 0.79140625 0.13828125 0.1 0.06875
1 0.8625 0.15625 0.0890625 0.0828125
1 0.94375 0.15078125 0.10625 0.0625
1 0.9265625 0.096875 0.103125 0.065625
1 0.7640625 0.07421875 0.1125 0.071875
1 0.84453125 0.09453125 0.0921875 0.0625
1 0.83046875 0.04453125 0.1 0.06875
1 0.5203125 0.04765625 0.0953125 0.0734375
1 0.60390625 0.05 0.0890625 0.078125
1 0.6796875 0.03984375 0.090625 0.0796875
1 0.75625 0.02890625 0.109375 0.0578125
1 0.478125 0.1421875 0.1125 0.0734375
1 0.565625 0.121875 0.08125 0.0875
1 0.51484375 0.18671875 0.103125 0.075
1 0.36015625 0.24453125 0.1015625 0.0796875
1 0.43125 0.2203125 0.0875 0.1
1 0.3375 0.196875 0.0953125 0.071875
1 0.39140625 0.15625 0.1 0.0734375
1 0.45234375 0.090625 0.1125 0.05
1 0.28984375 0.0515625 0.115625 0.0625
1 0.3796875 0.03125 0.090625 0.0625
1 0.43984375 0.0484375 0.11875 0.0578125
1 0.2171875 0.13046875 0.1203125 0.071875
1 0.31015625 0.1140625 0.096875 0.071875
1 0.37265625 0.09375 0.084375 0.0875
1 0.18984375 0.196875 0.090625 0.08125
1 0.265625 0.171875 0.0921875 0.078125
1 0.13203125 0.315625 0.1046875 0.071875
1 0.20546875 0.278125 0.1140625 0.0625
1 0.2578125 0.3046875 0.1046875 0.0703125
1 0.0765625 0.365625 0.078125 0.0734375
1 0.034375 0.4671875 0.06875 0.065625
1 0.0421875 0.33125 0.084375 0.0765625
1 0.0453125 0.26015625 0.090625 0.065625
1 0.05625 0.2046875 0.1 0.05
1 0.12265625 0.25 0.0859375 0.084375
1 0.12109375 0.17265625 0.0875 0.0875
1 0.0390625 0.153125 0.078125 0.08125
1 0.09296875 0.1171875 0.0796875 0.071875
1 0.146875 0.1 0.103125 0.078125
1 0.2046875 0.07109375 0.090625 0.08125
1 0.07421875 0.0609375 0.1015625 0.065625
1 0.11484375 0.028125 0.090625 0.05625