1 0.14296875 0.92578125 0.103125 0.1234375
1 0.059375 0.9296875 0.115625 0.09375
1 0.16328125 0.85546875 0.06875 0.0828125
1 0.10625 0.86015625 0.08125 0.071875
1 0.059375 0.840625 0.0828125 0.1
1 0.21953125 0.80859375 0.0953125 0.0734375
1 0.28046875 0.88046875 0.1 0.096875
1 0.36015625 0.82890625 0.10625 0.0796875
1 0.53515625 0.93515625 0.1015625 0.084375
1 0.46640625 0.9625 0.0765625 0.071875
1 0.47734375 0.85546875 0.08125 0.109375
1 0.575 0.775 0.1 0.0875
1 0.5046875 0.7953125 0.1 0.0640625
1 0.56953125 0.8515625 0.103125 0.0890625
1 0.65703125 0.84765625 0.1078125 0.0796875
1 0.8765625 0.9015625 0.0953125 0.103125
1 0.75703125 0.79453125 0.1015625 0.071875
1 0.66328125 0.78828125 0.10625 0.071875
1 0.5171875 0.7328125 0.1015625 0.0796875
1 0.409375 0.76875 0.1 0.0921875
1 0.30625 0.78125 0.128125 0.065625
1 0.334375 0.71171875 0.121875 0.0875
1 0.25703125 0.71015625 0.084375 0.08125
1 0.14375 0.79453125 0.1 0.0625
1 0.1734375 0.753125 0.1109375 0.0625
1 0.05703125 0.78359375 0.103125 0.0828125
1 0.0546875 0.71328125 0.109375 0.090625
1 0.1125 0.74375 0.0640625 0.090625
1 0.20078125 0.69296875 0.0875 0.0765625
1 0.125 0.67421875 0.078125 0.0875
1 0.04765625 0.66015625 0.0953125 0.0734375
1 0.09609375 0.6015625 0.0875 0.084375
1 0.42578125 0.70703125 0.115625 0.071875
1 0.4375 0.65703125 0.1 0.06875
1 0.365625 0.6359375 0.078125 0.084375
1 0.30234375 0.6453125 0.078125 0.09375
1 0.2421875 0.625 0.090625 0.06875
1 0.15625 0.55234375 0.121875 0.071875
1 0.55625 0.678125 0.0953125 0.0734375
1 0.62109375 0.73515625 0.09375 0.06875
1 0.715625 0.7390625 0.096875 0.06875
1 0.08828125 0.528125 0.10625 0.05625
1 0.20703125 0.41796875 0.10625 0.0640625
1 0.42734375 0.6078125 0.0796875 0.05
1 0.37578125 0.5734375 0.0875 0.075
1 0.361274509375 0.506578946875 0.3529411765625 0.5016447375 0.3294117640625 0.49383223750000005 0.31617647031249996 0.4950657890625 0.3049019609375 0.5 0.2975490203125 0.5057565796875 0.28774509843749996 0.5185032890625 0.2916666671875 0.5374177625 0.2921568625 0.5579769734375 0.3024509796875 0.569078946875 0.3142156859375 0.5756578953125 0.326960784375 0.5756578953125 0.3352941171875 0.5719572375 0.351960784375 0.5600328953125 0.3647058828125 0.5444078953125 0.363725490625 0.5180921046875 0.361274509375 0.506578946875
1 0.06640625 0.46875 0.0609375 0.06875
1 0.14375 0.484375 0.0609375 0.0765625
1 0.09375 0.35390625 0.0796875 0.084375
1 0.2515625 0.53984375 0.09375 0.0671875
1 0.63203125 0.67109375 0.0734375 0.0875
1 0.7265625 0.67265625 0.084375 0.065625
1 0.815625 0.73515625 0.09375 0.090625
1 0.89609375 0.7515625 0.0953125 0.1
1 0.88828125 0.6625 0.0734375 0.0796875
1 0.81484375 0.65625 0.078125 0.078125
1 0.5984375 0.615625 0.1 0.0515625
1 0.759375 0.62578125 0.09375 0.078125
1 0.6765625 0.60703125 0.0765625 0.06875
1 0.5578125 0.56640625 0.0921875 0.065625
1 0.49765625 0.61796875 0.0765625 0.075
1 0.4609375 0.559375 0.1 0.059375
1 0.478125 0.50390625 0.1125 0.065625
1 0.3984375 0.51875 0.0828125 0.065625
1 0.353125 0.46484375 0.0875 0.071875
1 0.2875 0.48515625 0.075 0.065625
1 0.28671875 0.42421875 0.06875 0.0765625
1 0.25234375 0.35625 0.08125 0.078125
1 0.178125 0.35703125 0.0875 0.046875
1 0.1265625 0.41953125 0.0828125 0.071875
1 0.0390625 0.346875 0.071875 0.078125
1 0.06796875 0.271875 0.071875 0.084375
1 0.0484375 0.41484375 0.09375 0.05625
1 0.22265625 0.2734375 0.0890625 0.053125
1 0.1484375 0.25703125 0.1 0.065625
1 0.17578125 0.31171875 0.09375 0.053125
1 0.56015625 0.43984375 0.0859375 0.0703125
1 0.49609375 0.45390625 0.090625 0.0640625
1 0.41484375 0.43828125 0.08125 0.0734375
1 0.40859375 0.3765625 0.090625 0.0671875
1 0.33671875 0.38515625 0.06875 0.084375
1 0.578125 0.5046875 0.103125 0.05625
1 0.7421875 0.56640625 0.1109375 0.065625
1 0.65703125 0.55 0.08125 0.06875
1 0.95859375 0.6078125 0.0703125 0.0921875
1 0.89296875 0.60078125 0.071875 0.0796875
1 0.8609375 0.5484375 0.071875 0.06875
1 0.7921875 0.51640625 0.08125 0.075
1 0.72109375 0.49921875 0.0875 0.0796875
1 0.665625 0.47109375 0.1078125 0.071875
1 0.709375 0.4078125 0.0953125 0.06875
1 0.6359375 0.4046875 0.078125 0.075
1 0.76640625 0.4546875 0.103125 0.0703125
1 0.9234375 0.5125 0.08125 0.0734375
1 0.8609375 0.47265625 0.109375 0.05625
1 0.85078125 0.41015625 0.0796875 0.08125
1 0.77421875 0.3828125 0.0671875 0.075
1 0.69765625 0.34140625 0.084375 0.075
1 0.58046875 0.378125 0.1078125 0.05625
1 0.61015625 0.33671875 0.10625 0.065625
1 0.4875 0.390625 0.10625 0.065625
1 0.384375 0.31796875 0.075 0.0796875
1 0.465625 0.34140625 0.078125 0.0640625
1 0.5046875 0.309375 0.0765625 0.0703125
1 0.44296875 0.278125 0.05625 0.0671875
1 0.30625 0.29453125 0.0859375 0.0875
1 0.17734375 0.20234375 0.090625 0.059375
1 0.0953125 0.20234375 0.071875 0.059375
1 0.2734375 0.16640625 0.1125 0.071875
1 0.18828125 0.140625 0.084375 0.065625
1 0.11171875 0.1453125 0.090625 0.06875
1 0.04375 0.10234375 0.0734375 0.08125
1 0.209375 0.08125 0.09375 0.06875
1 0.1296875 0.07421875 0.071875 0.084375
1 0.29453125 0.22421875 0.0984375 0.059375
1 0.36484375 0.103125 0.084375 0.071875
1 0.28828125 0.11171875 0.0796875 0.0765625
1 0.48515625 0.23359375 0.065625 0.0734375
1 0.4171875 0.2078125 0.078125 0.0796875
1 0.34375 0.20078125 0.071875 0.0625
1 0.54609375 0.27578125 0.090625 0.0765625
1 0.628125 0.2765625 0.0828125 0.075
1 0.6125 0.21328125 0.1109375 0.08125
1 0.52421875 0.19140625 0.09375 0.059375
1 0.4578125 0.15234375 0.1015625 0.0640625
1 0.45234375 0.0859375 0.1 0.0671875
1 0.36875 0.153125 0.084375 0.05625
1 0.359375 0.04140625 0.096875 0.0828125
1 0.671875 0.1390625 0.0890625 0.0765625
1 0.59296875 0.14375 0.08125 0.0640625
1 0.5328125 0.1234375 0.08125 0.05625
1 0.82578125 0.265625 0.1109375 0.071875
1 0.74921875 0.27421875 0.075 0.0921875
1 0.68984375 0.24296875 0.084375 0.071875
1 0.88203125 0.33046875 0.09375 0.071875
1 0.8046875 0.32890625 0.0875 0.071875
1 0.9578125 0.35078125 0.075 0.08125
1 0.7296875 0.18984375 0.0921875 0.0875
1 0.9 0.38203125 0.08125 0.0625
1 0.86875 0.2015625 0.0765625 0.08125
1 0.80703125 0.1875 0.075 0.0984375
1 0.7578125 0.1265625 0.0875 0.0578125
1 0.69453125 0.0921875 0.078125 0.059375
1 0.5875 0.090625 0.10625 0.0546875
1 0.84453125 0.1046875 0.078125 0.06875
1 0.79453125 0.06796875 0.09375 0.0703125
1 0.73671875 0.0265625 0.1 0.053125
1 0.94375 0.20703125 0.0671875 0.075
1 0.93125 0.2765625 0.08125 0.071875
1 0.9171875 0.15625 0.0875 0.075
1 0.94140625 0.1046875 0.084375 0.071875
1 0.92265625 0.04921875 0.090625 0.059375
1 0.62734375 0.04765625 0.0921875 0.059375