1 0.9546875 0.028125 0.059375 0.05625
0 0.91328125 0.0453125 0.065625 0.075
0 0.9171875 0.109375 0.096875 0.06875
0 0.87421875 0.0171875 0.05 0.034375
0 0.85 0.07109375 0.053125 0.0875
1 0.8 0.06484375 0.05625 0.0859375
0 0.73125 0.06953125 0.05625 0.0984375
0 0.8109375 0.14921875 0.0875 0.08125
0 0.7421875 0.1609375 0.0515625 0.096875
0 0.69765625 0.20703125 0.075 0.0984375
0 0.76328125 0.2265625 0.06875 0.09375
0 0.8515625 0.2140625 0.0703125 0.0625
0 0.91328125 0.18359375 0.06875 0.0875
0 0.97421875 0.20625 0.0515625 0.08125
0 0.9140625 0.27734375 0.0875 0.071875
0 0.8 0.27890625 0.08125 0.084375
0 0.8609375 0.328125 0.071875 0.096875
0 0.81171875 0.36328125 0.071875 0.053125
0 0.74609375 0.30390625 0.0671875 0.09375
1 0.65390625 0.2859375 0.075 0.08125
1 0.684375 0.340625 0.06875 0.075
0 0.665625 0.09609375 0.0578125 0.09375
0 0.64921875 0.03984375 0.059375 0.0796875
0 0.5953125 0.09609375 0.0796875 0.071875
0 0.55078125 0.03359375 0.0640625 0.0671875
0 0.51875 0.0953125 0.075 0.0796875
0 0.46953125 0.0359375 0.08125 0.06875
1 0.61953125 0.16875 0.071875 0.075
1 0.55703125 0.15859375 0.0671875 0.075
0 0.509375 0.16953125 0.05625 0.0859375
0 0.446875 0.0890625 0.075 0.059375
0 0.446875 0.1546875 0.0734375 0.065625
0 0.5921875 0.23828125 0.090625 0.0671875
1 0.51875 0.2609375 0.046875 0.090625
0 0.47109375 0.24375 0.0625 0.103125
0 0.41015625 0.20078125 0.075 0.08125
0 0.3859375 0.12734375 0.05625 0.09375
0 0.36953125 0.046875 0.09375 0.06875
0 0.396875 0.021875 0.06875 0.04375
0 0.2953125 0.03203125 0.075 0.0640625
0 0.25234375 0.06640625 0.053125 0.09375
0 0.31015625 0.0875 0.065625 0.08125
0 0.16484375 0.0796875 0.075 0.0640625
1 0.1859375 0.021875 0.06875 0.04375
1 0.13125 0.0265625 0.046875 0.053125
0 0.07421875 0.05859375 0.065625 0.090625
0 0.028125 0.03984375 0.05625 0.0796875
0 0.03125 0.11328125 0.0625 0.0890625
0 0.196875 0.14921875 0.059375 0.09375
1 0.14140625 0.14296875 0.0734375 0.1046875
1 0.0890625 0.15625 0.071875 0.084375
1 0.06328125 0.23671875 0.0625 0.0921875
0 0.1296875 0.22890625 0.06875 0.096875
0 0.1015625 0.30859375 0.05625 0.109375
0 0.03828125 0.334375 0.075 0.08125
1 0.19921875 0.22265625 0.071875 0.071875
0 0.32578125 0.1609375 0.071875 0.06875
1 0.25390625 0.15 0.065625 0.0984375
0 0.29296875 0.221875 0.090625 0.0609375
1 0.22890625 0.2609375 0.0640625 0.0625
1 0.16640625 0.2953125 0.0734375 0.08125
1 0.228125 0.3125 0.078125 0.0625
0 0.29140625 0.28515625 0.06875 0.0625
0 0.35859375 0.25234375 0.0546875 0.084375
0 0.353125 0.31640625 0.0859375 0.06875
0 0.40703125 0.2953125 0.0625 0.059375
0 0.290625 0.35234375 0.084375 0.06875
1 0.98046875 0.3171875 0.0390625 0.0875
0 0.94609375 0.35703125 0.0578125 0.1078125
0 0.88984375 0.403125 0.0640625 0.0890625
1 0.821875 0.4296875 0.0765625 0.065625
1 0.7515625 0.39453125 0.053125 0.096875
1 0.69921875 0.4015625 0.0609375 0.10625
0 0.628125 0.3609375 0.0609375 0.0953125
0 0.5671875 0.36953125 0.06875 0.0609375
0 0.49765625 0.33828125 0.0625 0.09375
0 0.440625 0.340625 0.05625 0.09375
0 0.98125 0.4171875 0.0375 0.0890625
0 0.934375 0.4390625 0.05625 0.103125
0 0.93671875 0.52421875 0.078125 0.08125
0 0.984375 0.4921875 0.03125 0.0828125
0 0.8609375 0.49140625 0.0671875 0.0734375
0 0.784375 0.478125 0.071875 0.090625
0 0.721875 0.478125 0.075 0.0703125
0 0.65546875 0.453125 0.053125 0.084375
0 0.584375 0.42265625 0.0921875 0.071875
0 0.51796875 0.43125 0.053125 0.09375
0 0.465625 0.41171875 0.05 0.10625
0 0.4234375 0.42421875 0.04375 0.1015625
0 0.615625 0.49375 0.0515625 0.0875
0 0.5484375 0.5109375 0.0765625 0.0875
0 0.46953125 0.49609375 0.078125 0.06875
0 0.89375 0.59609375 0.0515625 0.0875
0 0.9578125 0.62421875 0.084375 0.075
0 0.8296875 0.559375 0.0625 0.0875
0 0.77734375 0.56875 0.05625 0.078125
0 0.74453125 0.52890625 0.06875 0.053125
0 0.67890625 0.5375 0.059375 0.096875
0 0.6421875 0.56171875 0.0546875 0.078125
0 0.60625 0.56328125 0.05625 0.084375
0 0.50625 0.578125 0.0546875 0.103125
0 0.56015625 0.60859375 0.0640625 0.103125
0 0.740625 0.60703125 0.06875 0.0734375
0 0.68359375 0.61328125 0.05 0.0765625
0 0.62421875 0.63828125 0.071875 0.0921875
1 0.7828125 0.64140625 0.059375 0.096875
0 0.725 0.6703125 0.065625 0.0984375
0 0.83671875 0.6421875 0.065625 0.090625
0 0.8953125 0.6671875 0.0703125 0.059375
0 0.95390625 0.69296875 0.08125 0.0828125
0 0.85859375 0.7265625 0.0640625 0.084375
1 0.775 0.71328125 0.0625 0.06875
0 0.79609375 0.75859375 0.0640625 0.090625
0 0.65703125 0.69609375 0.0828125 0.05625
0 0.5703125 0.30625 0.0796875 0.06875
0 0.36953125 0.3828125 0.0703125 0.06875
0 0.3015625 0.415625 0.078125 0.071875
0 0.228125 0.38046875 0.071875 0.065625
1 0.16171875 0.371875 0.0625 0.0921875
1 0.09609375 0.403125 0.084375 0.0640625
1 0.01875 0.39140625 0.0375 0.0703125
0 0.0359375 0.45703125 0.071875 0.0609375
1 0.08515625 0.484375 0.0640625 0.071875
0 0.13046875 0.49453125 0.059375 0.090625
1 0.1796875 0.43671875 0.0484375 0.084375
1 0.23984375 0.45625 0.078125 0.065625
0 0.309375 0.48515625 0.071875 0.065625
0 0.3546875 0.440625 0.065625 0.0546875
0 0.3890625 0.49375 0.078125 0.065625
0 0.3546875 0.5390625 0.075 0.0625
0 0.29765625 0.55234375 0.05625 0.0953125
0 0.2265625 0.52890625 0.0875 0.071875
1 0.16640625 0.525 0.053125 0.0875
1 0.1078125 0.58203125 0.0515625 0.1109375
1 0.05546875 0.54140625 0.06875 0.0921875
1 0.015625 0.54296875 0.03125 0.096875
1 0.05234375 0.6046875 0.078125 0.06875
0 0.1625 0.6109375 0.0734375 0.084375
1 0.23515625 0.61640625 0.08125 0.06875
1 0.4390625 0.55 0.071875 0.065625
0 0.4078125 0.58203125 0.06875 0.071875
0 0.34609375 0.6140625 0.05 0.1125
0 0.303125 0.634375 0.0640625 0.078125
1 0.4609375 0.628125 0.053125 0.084375
1 0.4234375 0.66015625 0.0484375 0.0875
0 0.37734375 0.67265625 0.053125 0.09375
0 0.515625 0.67265625 0.0734375 0.0578125
0 0.5796875 0.69296875 0.065625 0.0640625
1 0.27265625 0.69140625 0.046875 0.0984375
0 0.1921875 0.678125 0.0625 0.08125
0 0.1203125 0.68046875 0.090625 0.0625
1 0.06484375 0.71796875 0.059375 0.0984375
1 0.13359375 0.74765625 0.078125 0.0765625
0 0.23359375 0.75 0.06875 0.065625
1 0.9703125 0.75859375 0.059375 0.0921875
0 0.8984375 0.83125 0.0546875 0.0890625
0 0.8578125 0.93125 0.046875 0.09375
1 0.8484375 0.7984375 0.075 0.078125
1 0.77421875 0.85390625 0.0625 0.0890625
0 0.73515625 0.78671875 0.05 0.084375
0 0.6890625 0.76640625 0.059375 0.096875
1 0.71015625 0.8515625 0.0640625 0.08125
0 0.74609375 0.925 0.0875 0.053125
1 0.6734375 0.92890625 0.053125 0.096875
0 0.61328125 0.7515625 0.084375 0.06875
0 0.64453125 0.840625 0.05625 0.0875
0 0.60234375 0.90078125 0.05625 0.090625
0 0.58125 0.82265625 0.078125 0.0765625
0 0.53671875 0.72734375 0.065625 0.0578125
0 0.50078125 0.7734375 0.065625 0.05625
0 0.46953125 0.71015625 0.0546875 0.08125
1 0.44453125 0.759375 0.059375 0.0890625
0 0.553125 0.9546875 0.046875 0.0890625
0 0.5296875 0.86875 0.05625 0.0859375
0 0.47265625 0.83828125 0.05625 0.078125
1 0.5125 0.91484375 0.0515625 0.078125
1 0.4640625 0.90546875 0.0546875 0.08125
1 0.5 0.96953125 0.059375 0.0609375
1 0.4359375 0.96875 0.06875 0.0625
0 0.39296875 0.7390625 0.05 0.078125
0 0.3359375 0.73046875 0.0640625 0.075
0 0.40546875 0.8203125 0.05625 0.08125
1 0.3484375 0.815625 0.071875 0.090625
1 0.4171875 0.9015625 0.04375 0.090625
1 0.37265625 0.9015625 0.05 0.078125
1 0.37109375 0.96328125 0.06875 0.0734375
0 0.29296875 0.87734375 0.078125 0.065625
0 0.28984375 0.93984375 0.059375 0.084375
1 0.29453125 0.7640625 0.0625 0.084375
1 0.21875 0.83046875 0.05625 0.09375
1 0.20390625 0.91953125 0.0734375 0.09375
0 0.1734375 0.8 0.0625 0.09375
0 0.14140625 0.8578125 0.071875 0.075
0 0.06796875 0.82421875 0.053125 0.090625
0 0.02109375 0.7765625 0.0421875 0.09375
1 0.03046875 0.96015625 0.059375 0.078125