1 0.03515625 0.03125 0.0703125 0.059375
0 0.17421875 0.053125 0.05 0.09921875
0 0.22421875 0.08828125 0.05546875 0.10859375
0 0.1125 0.07109375 0.0609375 0.09453125
1 0.27734375 0.06015625 0.05625 0.096875
1 0.34140625 0.02734375 0.0703125 0.0546875
0 0.3984375 0.01953125 0.04765625 0.03828125
0 0.359375 0.10703125 0.0828125 0.075
0 0.2796875 0.14375 0.075 0.06171875
0 0.16015625 0.1328125 0.096875 0.0734375
1 0.11015625 0.20546875 0.0578125 0.0875
1 0.1984375 0.21640625 0.053125 0.10078125
1 0.14453125 0.26875 0.065625 0.08125
1 0.06953125 0.28828125 0.08828125 0.06953125
1 0.3296875 0.18359375 0.08203125 0.07734375
0 0.2921875 0.2453125 0.0640625 0.09921875
0 0.23984375 0.2625 0.05390625 0.084375
0 0.184375 0.3234375 0.07578125 0.07265625
1 0.1234375 0.39609375 0.059375 0.11328125
1 0.4203125 0.06640625 0.05078125 0.0796875
1 0.4734375 0.084375 0.06171875 0.09765625
1 0.5265625 0.0640625 0.0609375 0.06015625
0 0.4375 0.14453125 0.08515625 0.0875
0 0.40390625 0.18671875 0.07109375 0.084375
0 0.3703125 0.24140625 0.0703125 0.1046875
0 0.51796875 0.13046875 0.059375 0.078125
1 0.58046875 0.0375 0.0734375 0.075
0 0.578125 0.12890625 0.05703125 0.10859375
0 0.5578125 0.1859375 0.06875 0.07734375
0 0.50703125 0.21484375 0.0515625 0.0921875
0 0.4578125 0.24609375 0.053125 0.0890625
0 0.40078125 0.29921875 0.065625 0.05625
0 0.33515625 0.3140625 0.08046875 0.071875
0 0.2609375 0.34140625 0.071875 0.10234375
0 0.2 0.38828125 0.06640625 0.0921875
0 0.23515625 0.42578125 0.0640625 0.06953125
0 0.29375 0.43671875 0.053125 0.084375
1 0.33046875 0.396875 0.059375 0.10078125
0 0.6515625 0.05390625 0.0703125 0.07109375
0 0.73359375 0.0203125 0.0734375 0.03984375
0 0.72890625 0.06796875 0.071875 0.0734375
0 0.7953125 0.0890625 0.05390625 0.09375
0 0.83984375 0.06328125 0.071875 0.0765625
1 0.790625 0.0234375 0.05 0.046875
0 0.83671875 0.0171875 0.0546875 0.034375
1 0.94609375 0.03203125 0.07421875 0.0640625
1 0.6265625 0.1328125 0.05078125 0.09921875
1 0.6734375 0.12734375 0.059375 0.096875
0 0.7421875 0.1328125 0.0875 0.07265625
0 0.86640625 0.1578125 0.07421875 0.06484375
0 0.97890625 0.16640625 0.0421875 0.1046875
1 0.80234375 0.19140625 0.06015625 0.08046875
1 0.9140625 0.23125 0.059375 0.10078125
1 0.85703125 0.240625 0.0578125 0.09921875
0 0.97421875 0.24609375 0.0484375 0.08671875
0 0.940625 0.3 0.06171875 0.0921875
1 0.88359375 0.32109375 0.0609375 0.09453125
1 0.815625 0.30390625 0.07890625 0.06328125
0 0.74765625 0.19140625 0.06796875 0.0671875
0 0.74296875 0.25625 0.071875 0.0625
0 0.67890625 0.19765625 0.08359375 0.06484375
0 0.61171875 0.209375 0.05546875 0.078125
1 0.6625 0.2609375 0.078125 0.0890625
0 0.54765625 0.259375 0.07578125 0.096875
0 0.6046875 0.29609375 0.059375 0.08515625
0 0.49609375 0.3 0.06171875 0.078125
0 0.39140625 0.359375 0.07578125 0.06328125
0 0.453125 0.3375 0.05 0.05625
0 0.50859375 0.38515625 0.040625 0.08359375
0 0.46015625 0.396875 0.05859375 0.096875
1 0.54140625 0.40078125 0.04765625 0.08671875
1 0.58046875 0.36953125 0.0609375 0.08671875
1 0.63046875 0.40078125 0.05 0.090625
0 0.66953125 0.34609375 0.08125 0.078125
0 0.73359375 0.3265625 0.07265625 0.08203125
0 0.79375 0.36875 0.07421875 0.0859375
0 0.846875 0.38046875 0.05078125 0.0984375
0 0.8875 0.4140625 0.065625 0.090625
1 0.9421875 0.38515625 0.07265625 0.09921875
0 0.9625 0.4671875 0.0578125 0.084375
0 0.915625 0.4984375 0.059375 0.06875
0 0.9375 0.55078125 0.0578125 0.0671875
0 0.9828125 0.5375 0.03359375 0.11640625
1 0.6921875 0.41328125 0.0796875 0.0671875
0 0.76328125 0.4265625 0.06953125 0.07421875
0 0.81875 0.47421875 0.05078125 0.0921875
1 0.8328125 0.5390625 0.07109375 0.0671875
0 0.75546875 0.4953125 0.0734375 0.09140625
0 0.68515625 0.47890625 0.05546875 0.0890625
0 0.6046875 0.45859375 0.07421875 0.08203125
0 0.55625 0.4828125 0.065625 0.0640625
0 0.49921875 0.47421875 0.0578125 0.0984375
0 0.44296875 0.48984375 0.0546875 0.10625
0 0.40546875 0.45 0.04609375 0.09140625
0 0.34921875 0.4734375 0.06015625 0.09375
0 0.38671875 0.53125 0.05546875 0.090625
0 0.2734375 0.50859375 0.07890625 0.09765625
0 0.175 0.46796875 0.08671875 0.06796875
1 0.1453125 0.515625 0.07421875 0.09140625
0 0.07890625 0.5671875 0.07109375 0.08828125
0 0.22890625 0.578125 0.0703125 0.08359375
1 0.15078125 0.5984375 0.0734375 0.084375
0 0.19921875 0.63515625 0.06015625 0.0765625
0 0.29375 0.6171875 0.07109375 0.059375
1 0.3578125 0.58828125 0.07109375 0.08828125
1 0.4484375 0.575 0.07578125 0.06953125
1 0.5109375 0.5546875 0.0515625 0.08515625
0 0.56484375 0.53984375 0.06171875 0.06796875
0 0.6328125 0.54140625 0.07421875 0.07265625
0 0.68515625 0.5859375 0.06796875 0.08671875
1 0.75625 0.57421875 0.07578125 0.06796875
1 0.82265625 0.596875 0.0734375 0.07578125
0 0.88828125 0.6109375 0.0640625 0.078125
1 0.96328125 0.66484375 0.059375 0.09921875
1 0.76640625 0.62734375 0.05546875 0.06015625
1 0.7046875 0.6359375 0.06875 0.07578125
0 0.63046875 0.61953125 0.0515625 0.0875
0 0.56640625 0.59921875 0.08203125 0.0703125
0 0.4953125 0.6234375 0.07421875 0.08203125
0 0.42109375 0.65234375 0.078125 0.08203125
0 0.35 0.6671875 0.0734375 0.06015625
0 0.25703125 0.6875 0.07890625 0.08203125
0 0.16875 0.70859375 0.08359375 0.07578125
1 0.10078125 0.66875 0.06015625 0.090625
0 0.24765625 0.76015625 0.09140625 0.0703125
0 0.1671875 0.8171875 0.059375 0.07890625
0 0.11640625 0.92734375 0.0953125 0.071875
0 0.3125 0.803125 0.07265625 0.07421875
0 0.3328125 0.7328125 0.06015625 0.08984375
0 0.3953125 0.725 0.05078125 0.08828125
1 0.271875 0.8609375 0.06640625 0.0890625
1 0.25703125 0.93671875 0.0484375 0.084375
0 0.30703125 0.93515625 0.0515625 0.08671875
0 0.36015625 0.921875 0.05234375 0.08671875
1 0.390625 0.8671875 0.05859375 0.0796875
0 0.41328125 0.80078125 0.07421875 0.07421875
0 0.41171875 0.95546875 0.0671875 0.08828125
1 0.453125 0.96875 0.059375 0.0625
0 0.45234375 0.734375 0.05078125 0.09765625
0 0.43515625 0.8796875 0.04140625 0.0859375
0 0.4828125 0.88515625 0.06640625 0.0734375
0 0.4890625 0.8234375 0.0765625 0.07578125
1 0.53125 0.9390625 0.0875 0.06640625
0 0.48671875 0.69375 0.053125 0.08671875
1 0.54140625 0.68984375 0.05859375 0.0890625
1 0.509375 0.76328125 0.07265625 0.06328125
0 0.55078125 0.82578125 0.05703125 0.075
1 0.5484375 0.88125 0.08125 0.06484375
0 0.60703125 0.875 0.04765625 0.09609375
0 0.5859375 0.69609375 0.0484375 0.10234375
0 0.6015625 0.77734375 0.065625 0.0875
1 0.609375 0.95625 0.07578125 0.06953125
0 0.6484375 0.70234375 0.06171875 0.075
1 0.66484375 0.7375 0.06171875 0.0875
1 0.65234375 0.81171875 0.06328125 0.09296875
0 0.66484375 0.91015625 0.0578125 0.0875
0 0.703125 0.96875 0.05078125 0.0625
1 0.71171875 0.825 0.08671875 0.0671875
0 0.72265625 0.88359375 0.08046875 0.05625
0 0.7421875 0.91796875 0.06796875 0.065625
0 0.7328125 0.7046875 0.06640625 0.07421875
0 0.7265625 0.76640625 0.078125 0.065625
1 0.790625 0.69765625 0.0640625 0.07734375
1 0.778125 0.7703125 0.05234375 0.0921875
0 0.79296875 0.8765625 0.0671875 0.07421875
0 0.834375 0.74453125 0.0546875 0.06640625
0 0.8375 0.79453125 0.071875 0.0546875
1 0.89765625 0.715625 0.06953125 0.08125
0 0.92421875 0.765625 0.07421875 0.075
1 0.9 0.821875 0.08046875 0.06796875
1 0.8796875 0.88125 0.08125 0.07109375
1 0.95 0.90859375 0.06171875 0.09140625