0 0.0234375 0.06015625 0.046875 0.0875
0 0.1 0.05234375 0.06875 0.103125
1 0.18203125 0.02109375 0.0734375 0.0421875
1 0.0734375 0.134375 0.065625 0.084375
1 0.0515625 0.23125 0.065625 0.0875
1 0.12421875 0.2046875 0.0546875 0.090625
1 0.16484375 0.2265625 0.0578125 0.115625
1 0.23828125 0.03203125 0.046875 0.0640625
1 0.22421875 0.0921875 0.071875 0.090625
0 0.21875 0.16953125 0.075 0.09375
1 0.27578125 0.065625 0.05625 0.10625
0 0.27734375 0.165625 0.065625 0.10625
0 0.34296875 0.028125 0.0921875 0.05625
0 0.32265625 0.10234375 0.059375 0.0875
1 0.37734375 0.09765625 0.0578125 0.121875
1 0.4296875 0.03359375 0.078125 0.065625
0 0.4359375 0.0890625 0.06875 0.084375
0 0.51015625 0.06640625 0.075 0.053125
0 0.48828125 0.021875 0.05 0.04375
1 0.5640625 0.02734375 0.08125 0.053125
0 0.63359375 0.0453125 0.05625 0.090625
0 0.7203125 0.04921875 0.0671875 0.0640625
1 0.7828125 0.07265625 0.08125 0.0625
0 0.88125 0.07578125 0.075 0.0796875
0 0.984375 0.09609375 0.03125 0.103125
1 0.59296875 0.090625 0.05625 0.0984375
1 0.653125 0.11015625 0.075 0.065625
1 0.69296875 0.13359375 0.084375 0.08125
0 0.75625 0.12578125 0.05625 0.0703125
0 0.79609375 0.1546875 0.0453125 0.10625
0 0.84765625 0.125 0.071875 0.075
0 0.91796875 0.175 0.075 0.06875
0 0.97109375 0.16953125 0.05625 0.0828125
0 0.85234375 0.190625 0.078125 0.084375
0 0.91484375 0.23828125 0.075 0.06875
1 0.97109375 0.2484375 0.0578125 0.078125
1 0.8609375 0.271875 0.078125 0.0875
0 0.9390625 0.32734375 0.059375 0.084375
0 0.7359375 0.190625 0.084375 0.05625
1 0.79140625 0.23828125 0.065625 0.0671875
0 0.73125 0.25703125 0.06875 0.0625
0 0.6296875 0.18828125 0.053125 0.103125
0 0.65859375 0.2515625 0.0703125 0.075
1 0.5671875 0.1453125 0.071875 0.090625
1 0.5140625 0.15 0.05 0.09375
1 0.46640625 0.14765625 0.05625 0.1015625
0 0.4140625 0.175 0.05625 0.1015625
1 0.340625 0.1703125 0.0578125 0.06875
1 0.378125 0.22421875 0.06875 0.0828125
0 0.4609375 0.23359375 0.0625 0.08125
0 0.52109375 0.22265625 0.065625 0.0796875
0 0.57109375 0.209375 0.0515625 0.084375
0 0.2125 0.25859375 0.059375 0.084375
1 0.271875 0.2546875 0.065625 0.1046875
0 0.32578125 0.25390625 0.05 0.08125
0 0.03203125 0.30546875 0.0640625 0.0921875
0 0.11484375 0.27578125 0.078125 0.075
0 0.16640625 0.32265625 0.071875 0.0578125
1 0.0828125 0.3421875 0.053125 0.09375
0 0.12734375 0.36796875 0.078125 0.08125
0 0.27265625 0.34453125 0.059375 0.0921875
0 0.334375 0.34609375 0.075 0.08125
0 0.4078125 0.29765625 0.0625 0.10625
0 0.475 0.30703125 0.078125 0.075
0 0.546875 0.3109375 0.075 0.075
1 0.60390625 0.27890625 0.05 0.0921875
0 0.646875 0.34296875 0.075 0.0734375
0 0.7265625 0.3328125 0.0515625 0.0875
0 0.7875 0.31015625 0.0625 0.096875
1 0.88125 0.3828125 0.0734375 0.071875
1 0.96953125 0.39609375 0.0609375 0.0765625
1 0.8203125 0.3984375 0.0625 0.1125
1 0.8640625 0.47421875 0.0625 0.09375
1 0.77578125 0.453125 0.065625 0.0875
0 0.92265625 0.44765625 0.0625 0.078125
1 0.95859375 0.49453125 0.06875 0.08125
0 0.90234375 0.53046875 0.06875 0.071875
0 0.825 0.53828125 0.084375 0.06875
0 0.84140625 0.590625 0.071875 0.0640625
0 0.953125 0.58515625 0.071875 0.065625
0 0.86875 0.6375 0.0625 0.0765625
1 0.0390625 0.42421875 0.0640625 0.1109375
0 0.19609375 0.4015625 0.103125 0.08125
0 0.3140625 0.4125 0.0921875 0.0765625
0 0.39921875 0.39140625 0.0578125 0.084375
0 0.4609375 0.3609375 0.075 0.071875
0 0.521875 0.3890625 0.053125 0.0875
0 0.584375 0.3515625 0.071875 0.06875
0 0.62578125 0.39609375 0.075 0.0625
0 0.67734375 0.42890625 0.08125 0.065625
0 0.753125 0.39296875 0.084375 0.075
0 0.709375 0.48203125 0.08125 0.0984375
0 0.5703125 0.41796875 0.0578125 0.0734375
0 0.61953125 0.46328125 0.0515625 0.0828125
0 0.6515625 0.5 0.0453125 0.1
0 0.559375 0.46953125 0.078125 0.0875
0 0.46328125 0.421875 0.075 0.065625
0 0.49140625 0.47265625 0.0890625 0.071875
0 0.40703125 0.4703125 0.0640625 0.1109375
0 0.34921875 0.4671875 0.0734375 0.071875
0 0.25546875 0.471875 0.065625 0.0984375
0 0.10390625 0.45859375 0.071875 0.06875
0 0.19765625 0.51796875 0.0625 0.09375
0 0.1375 0.4984375 0.075 0.065625
0 0.0390625 0.5046875 0.0640625 0.084375
0 0.08671875 0.5296875 0.0625 0.10625
0 0.1296875 0.5703125 0.0609375 0.0875
0 0.03515625 0.5625 0.06875 0.075
0 0.075 0.61953125 0.0625 0.10625
0 0.14296875 0.63671875 0.084375 0.0703125
0 0.18046875 0.58828125 0.078125 0.071875
1 0.23828125 0.5546875 0.0578125 0.090625
0 0.2953125 0.5171875 0.06875 0.0984375
1 0.34140625 0.53828125 0.053125 0.09375
1 0.3828125 0.559375 0.065625 0.0875
1 0.01875 0.65703125 0.0375 0.0953125
1 0.01171875 0.74375 0.021875 0.090625
1 0.05078125 0.69296875 0.05 0.0875
1 0.09765625 0.7 0.0546875 0.1
0 0.05078125 0.78359375 0.0625 0.103125
0 0.10625 0.784375 0.0671875 0.084375
0 0.14765625 0.759375 0.0828125 0.08125
1 0.16484375 0.69609375 0.0875 0.075
0 0.21640625 0.64140625 0.0734375 0.08125
0 0.290625 0.59375 0.084375 0.0625
0 0.31171875 0.640625 0.075 0.06875
0 0.4453125 0.53515625 0.0546875 0.090625
0 0.503125 0.54375 0.059375 0.0875
0 0.5609375 0.54296875 0.06875 0.090625
1 0.61484375 0.546875 0.0625 0.09375
0 0.6921875 0.56328125 0.0546875 0.084375
1 0.73984375 0.53828125 0.053125 0.0875
0 0.7859375 0.590625 0.065625 0.09375
0 0.73671875 0.61796875 0.059375 0.075
0 0.80234375 0.65234375 0.071875 0.0609375
1 0.384375 0.625 0.0921875 0.065625
0 0.4609375 0.61484375 0.08125 0.075
1 0.50625 0.62265625 0.0625 0.096875
0 0.5734375 0.61484375 0.065625 0.0828125
0 0.6421875 0.60703125 0.0734375 0.0796875
0 0.6984375 0.64921875 0.0625 0.0890625
0 0.64375 0.66484375 0.078125 0.06875
1 0.2671875 0.68203125 0.05625 0.0859375
1 0.2328125 0.7203125 0.059375 0.09375
0 0.2125 0.78828125 0.0703125 0.078125
0 0.2359375 0.85 0.05625 0.078125
0 0.27578125 0.76796875 0.065625 0.115625
1 0.32734375 0.71953125 0.0546875 0.09375
1 0.384375 0.6828125 0.08125 0.065625
1 0.4515625 0.6859375 0.0578125 0.0828125
1 0.4734375 0.74453125 0.05 0.09375
1 0.37109375 0.75390625 0.05 0.103125
0 0.41484375 0.759375 0.0625 0.0859375
0 0.29765625 0.84765625 0.065625 0.0875
1 0.359375 0.8484375 0.065625 0.0875
1 0.34609375 0.90546875 0.075 0.08125
0 0.26875 0.91328125 0.075 0.075
1 0.303125 0.97421875 0.059375 0.05
1 0.378125 0.96953125 0.05625 0.0609375
1 0.42890625 0.96953125 0.059375 0.059375
0 0.42109375 0.9078125 0.065625 0.09375
0 0.45546875 0.82734375 0.0609375 0.09375
1 0.50625 0.81796875 0.059375 0.0875
0 0.53046875 0.69375 0.0625 0.08125
0 0.5328125 0.76796875 0.084375 0.059375
1 0.58515625 0.69453125 0.05 0.1
0 0.58671875 0.77890625 0.05625 0.08125
0 0.4984375 0.88671875 0.05625 0.08125
0 0.48828125 0.9578125 0.06875 0.084375
0 0.55390625 0.97109375 0.0796875 0.05625
0 0.55859375 0.9171875 0.075 0.0734375
1 0.57265625 0.84921875 0.08125 0.065625
0 0.81328125 0.4859375 0.071875 0.059375
1 0.6765625 0.70234375 0.05625 0.0953125
0 0.63203125 0.73828125 0.0625 0.1
1 0.6296875 0.8265625 0.059375 0.0890625
1 0.66953125 0.78515625 0.059375 0.09375
1 0.71875 0.7375 0.046875 0.1
1 0.7625 0.71171875 0.0578125 0.075
1 0.821875 0.69765625 0.06875 0.071875
0 0.88125 0.6953125 0.053125 0.096875
1 0.93046875 0.6828125 0.04375 0.0890625
1 0.971875 0.68515625 0.04375 0.1015625
1 0.91875 0.76171875 0.0625 0.0796875
0 0.97109375 0.79375 0.0578125 0.075
0 0.8203125 0.7828125 0.059375 0.09375
0 0.85703125 0.79296875 0.05625 0.096875
1 0.89765625 0.85078125 0.065625 0.0578125
1 0.9703125 0.9078125 0.059375 0.0765625
1 0.97578125 0.965625 0.046875 0.06875
1 0.92734375 0.9609375 0.053125 0.078125
1 0.90703125 0.90703125 0.0765625 0.06875
1 0.85390625 0.93203125 0.0625 0.103125
1 0.81875 0.97265625 0.0625 0.053125
1 0.7640625 0.790625 0.065625 0.084375
1 0.78359375 0.859375 0.059375 0.084375
0 0.803125 0.91015625 0.0515625 0.084375
0 0.70703125 0.82890625 0.065625 0.10625
1 0.72109375 0.8890625 0.075 0.08125
0 0.7625 0.95703125 0.059375 0.0859375
1 0.721875 0.9765625 0.05625 0.046875
1 0.66171875 0.95625 0.0578125 0.0875
0 0.6171875 0.93359375 0.0546875 0.096875