1 0.9265625 0.18359375 0.075 0.090625
1 0.89375 0.25546875 0.1046875 0.078125
1 0.69453125 0.1953125 0.096875 0.078125
1 0.76875 0.19453125 0.084375 0.0921875
1 0.84296875 0.21640625 0.0875 0.08125
1 0.68125 0.1234375 0.115625 0.065625
1 0.58828125 0.2734375 0.0875 0.075
1 0.66171875 0.2796875 0.071875 0.0875
1 0.71640625 0.25625 0.08125 0.071875
1 0.80625 0.278125 0.10625 0.065625
1 0.96171875 0.25703125 0.075 0.0875
1 0.87890625 0.33203125 0.0953125 0.06875
1 0.9546875 0.340625 0.090625 0.090625
1 0.7859375 0.3984375 0.096875 0.084375
1 0.86171875 0.3984375 0.096875 0.065625
1 0.92890625 0.4046875 0.096875 0.053125
1 0.7359375 0.328125 0.090625 0.071875
1 0.6546875 0.34921875 0.1015625 0.0625
1 0.609375 0.2015625 0.103125 0.065625
1 0.47421875 0.1609375 0.084375 0.06875
1 0.52109375 0.18984375 0.0984375 0.06875
1 0.45703125 0.27109375 0.06875 0.0703125
1 0.515625 0.25546875 0.1078125 0.0640625
1 0.51796875 0.303125 0.0875 0.078125
1 0.56875 0.34921875 0.09375 0.071875
1 0.50390625 0.4234375 0.090625 0.06875
1 0.584375 0.425 0.084375 0.084375
1 0.65546875 0.42421875 0.0703125 0.053125
1 0.71875 0.40390625 0.06875 0.071875
1 0.69375 0.46171875 0.071875 0.071875
1 0.7578125 0.47109375 0.0875 0.0875
1 0.80859375 0.47265625 0.078125 0.071875
1 0.871875 0.459375 0.059375 0.075
1 0.8484375 0.52421875 0.103125 0.0609375
1 0.94375 0.4640625 0.0890625 0.05625
1 0.92578125 0.528125 0.0828125 0.065625
1 0.8953125 0.59140625 0.090625 0.075
1 0.96640625 0.58515625 0.0671875 0.0953125
1 0.75390625 0.5296875 0.109375 0.05625
1 0.80625 0.57578125 0.1 0.0546875
1 0.590625 0.49453125 0.096875 0.06875
1 0.653125 0.52265625 0.090625 0.065625
1 0.30546875 0.31015625 0.10625 0.059375
1 0.3921875 0.33984375 0.078125 0.065625
1 0.453125 0.36796875 0.0734375 0.075
1 0.36328125 0.17265625 0.0765625 0.0875
1 0.3390625 0.2390625 0.115625 0.059375
1 0.21953125 0.1484375 0.115625 0.071875
1 0.28125 0.1828125 0.090625 0.06875
1 0.23984375 0.225 0.090625 0.0609375
1 0.378125 0.40546875 0.09375 0.053125
1 0.28515625 0.434375 0.0921875 0.078125
1 0.35234375 0.4640625 0.0625 0.075
1 0.45546875 0.46328125 0.0921875 0.059375
1 0.5078125 0.4921875 0.0875 0.0734375
1 0.553125 0.5359375 0.109375 0.05625
1 0.509375 0.57109375 0.08125 0.078125
1 0.42578125 0.521875 0.0890625 0.078125
1 0.59609375 0.5921875 0.06875 0.0828125
1 0.65859375 0.584375 0.075 0.059375
1 0.73515625 0.60390625 0.084375 0.071875
1 0.740625 0.665625 0.1125 0.0703125
1 0.825 0.64375 0.0875 0.0546875
1 0.94140625 0.65390625 0.109375 0.059375
1 0.94453125 0.71328125 0.09375 0.071875
1 0.85546875 0.6984375 0.0859375 0.075
1 0.7875 0.721875 0.084375 0.0734375
1 0.6390625 0.64921875 0.103125 0.065625
1 0.57109375 0.69296875 0.096875 0.059375
1 0.65625 0.71640625 0.078125 0.08125
1 0.70390625 0.73515625 0.08125 0.078125
1 0.79140625 0.78828125 0.121875 0.0546875
1 0.93828125 0.771875 0.09375 0.0625
1 0.8640625 0.78671875 0.084375 0.06875
1 0.8703125 0.84921875 0.084375 0.075
1 0.92421875 0.83828125 0.0890625 0.071875
1 0.93671875 0.9 0.103125 0.0578125
1 0.84609375 0.9 0.078125 0.06875
1 0.89765625 0.95 0.1015625 0.0625
1 0.80703125 0.94296875 0.0984375 0.065625
1 0.790625 0.8421875 0.078125 0.0640625
1 0.75703125 0.87265625 0.090625 0.06875
1 0.7078125 0.80234375 0.09375 0.0734375
1 0.63671875 0.859375 0.08125 0.065625
1 0.6984375 0.89140625 0.0640625 0.059375
1 0.640625 0.92109375 0.084375 0.0609375
1 0.7203125 0.9484375 0.0875 0.065625
1 0.61953125 0.7953125 0.0734375 0.09375
1 0.48359375 0.753125 0.06875 0.08125
1 0.54921875 0.74375 0.0875 0.05625
1 0.5390625 0.81796875 0.0953125 0.065625
1 0.55546875 0.87421875 0.1046875 0.0625
1 0.5796875 0.94453125 0.084375 0.071875
1 0.62890625 0.97265625 0.078125 0.0546875
1 0.4640625 0.609375 0.084375 0.078125
1 0.4953125 0.65078125 0.065625 0.065625
1 0.54609375 0.63515625 0.0734375 0.08125
1 0.3078125 0.565625 0.109375 0.046875
1 0.390625 0.57265625 0.071875 0.084375
1 0.2328125 0.34609375 0.0953125 0.065625
1 0.16171875 0.228125 0.078125 0.075
1 0.15859375 0.296875 0.096875 0.075
1 0.05546875 0.325 0.103125 0.0546875
1 0.13359375 0.365625 0.0890625 0.078125
1 0.07109375 0.39609375 0.090625 0.08125
1 0.10703125 0.4703125 0.0859375 0.053125
1 0.20234375 0.4 0.084375 0.05
1 0.19453125 0.48125 0.09375 0.0765625
1 0.296875 0.5109375 0.1078125 0.05625
1 0.2203125 0.53828125 0.084375 0.06875
1 0.14140625 0.54453125 0.078125 0.075
1 0.1625 0.60546875 0.1125 0.0609375
1 0.26015625 0.61953125 0.090625 0.0765625
1 0.32734375 0.61796875 0.1 0.06875
1 0.38359375 0.6484375 0.08125 0.059375
1 0.284375 0.6796875 0.1 0.059375
1 0.3625 0.70625 0.08125 0.065625
1 0.43203125 0.69296875 0.0828125 0.0703125
1 0.075 0.646875 0.115625 0.0625
1 0.1578125 0.67421875 0.078125 0.084375
1 0.2140625 0.71875 0.0875 0.0828125
1 0.075 0.57578125 0.06875 0.078125
1 0.0375 0.5390625 0.075 0.090625
1 0.0390625 0.69921875 0.078125 0.0625
1 0.10859375 0.70625 0.065625 0.071875
1 0.11015625 0.76328125 0.090625 0.0625
1 0.03671875 0.7859375 0.06875 0.0796875
1 0.0453125 0.85703125 0.059375 0.065625
1 0.11015625 0.81484375 0.084375 0.05
1 0.1859375 0.7875 0.0921875 0.0640625
1 0.1546875 0.84375 0.078125 0.059375
1 0.040625 0.92421875 0.059375 0.090625
1 0.1453125 0.89765625 0.071875 0.06875
1 0.09765625 0.93359375 0.08125 0.065625
1 0.16328125 0.9578125 0.0875 0.05
1 0.20703125 0.89296875 0.084375 0.08125
1 0.28515625 0.809375 0.10625 0.0546875
1 0.2671875 0.865625 0.090625 0.0625
1 0.25546875 0.765625 0.0875 0.0640625
1 0.33984375 0.75234375 0.090625 0.075
1 0.4171875 0.7578125 0.071875 0.059375
1 0.38203125 0.8109375 0.0921875 0.071875
1 0.4515625 0.81328125 0.0890625 0.0578125
1 0.42109375 0.87265625 0.075 0.090625
1 0.4796875 0.86953125 0.0734375 0.0828125
1 0.48046875 0.92890625 0.1125 0.0625
1 0.4515625 0.97421875 0.075 0.0515625
1 0.51171875 0.96953125 0.0875 0.0609375
1 0.34921875 0.91796875 0.0890625 0.084375
1 0.3125 0.9546875 0.0796875 0.075