1 0.06796875 0.03515625 0.0765625 0.0703125
0 0.1578125 0.16328125 0.0640625 0.109375
0 0.20703125 0.1359375 0.078125 0.0828125
0 0.2203125 0.06640625 0.0734375 0.0703125
0 0.3 0.075 0.07734375 0.06640625
0 0.3109375 0.15078125 0.06171875 0.0796875
0 0.36328125 0.12265625 0.0796875 0.07890625
0 0.10234375 0.0984375 0.0484375 0.10234375
0 0.09453125 0.171875 0.075 0.05234375
0 0.41015625 0.17265625 0.0546875 0.08359375
0 0.4015625 0.071875 0.071875 0.06015625
0 0.5046875 0.13359375 0.07265625 0.0703125
0 0.146875 0.0328125 0.08203125 0.06484375
1 0.221875 0.01640625 0.078125 0.03203125
1 0.2921875 0.021875 0.05625 0.04375
0 0.34375 0.03203125 0.04765625 0.06328125
1 0.40625 0.01953125 0.05625 0.03828125
1 0.46015625 0.04296875 0.0703125 0.06015625
0 0.5140625 0.059375 0.04609375 0.08125
1 0.54375 0.0234375 0.05859375 0.04609375
0 0.59453125 0.03984375 0.07421875 0.06640625
1 0.55625 0.09609375 0.053125 0.08828125
1 0.64140625 0.01953125 0.06171875 0.0390625
1 0.68984375 0.0265625 0.053125 0.053125
0 0.7421875 0.053125 0.06796875 0.08203125
1 0.76484375 0.01171875 0.053125 0.0234375
1 0.8171875 0.01875 0.053125 0.0375
1 0.86796875 0.02109375 0.0515625 0.0421875
1 0.9546875 0.03828125 0.075 0.0765625
0 0.80625 0.0828125 0.0640625 0.0796875
0 0.93984375 0.10859375 0.08203125 0.06015625
1 0.64140625 0.078125 0.0875 0.06875
0 0.71328125 0.1046875 0.06328125 0.09921875
1 0.79765625 0.15859375 0.06171875 0.09296875
0 0.88046875 0.16796875 0.05390625 0.10390625
1 0.934375 0.20390625 0.0671875 0.08515625
0 0.6734375 0.1453125 0.06796875 0.0734375
1 0.61640625 0.14765625 0.05078125 0.075
1 0.553125 0.17421875 0.07578125 0.075
1 0.709375 0.2109375 0.065625 0.06796875
1 0.821875 0.23828125 0.06640625 0.0796875
1 0.528125 0.25 0.059375 0.08671875
0 0.590625 0.2140625 0.06875 0.06328125
0 0.6453125 0.2109375 0.053125 0.0921875
0 0.7671875 0.22265625 0.0578125 0.08203125
0 0.8953125 0.26875 0.06640625 0.0671875
0 0.94296875 0.325 0.0546875 0.08984375
0 0.4765625 0.196875 0.078125 0.0703125
1 0.840625 0.325 0.05390625 0.10390625
1 0.7953125 0.29609375 0.053125 0.08515625
1 0.6984375 0.28359375 0.05 0.0875
1 0.62890625 0.290625 0.07265625 0.075
1 0.66953125 0.33671875 0.0375 0.08125
0 0.74765625 0.2890625 0.06171875 0.08984375
0 0.440625 0.11328125 0.07109375 0.0640625
1 0.05390625 0.11328125 0.05625 0.10234375
0 0.0203125 0.02109375 0.040625 0.0421875
0 0.01875 0.07265625 0.0375 0.06640625
1 0.00859375 0.1421875 0.0171875 0.0796875
0 0.22578125 0.22109375 0.078125 0.090625
0 0.028125 0.30390625 0.05390625 0.09609375
0 0.0875 0.3421875 0.0890625 0.05625
0 0.12421875 0.253125 0.08671875 0.0765625
0 0.15859375 0.33515625 0.05625 0.0953125
0 0.25234375 0.2953125 0.06640625 0.059375
0 0.28515625 0.24375 0.05234375 0.09453125
0 0.3375 0.21484375 0.09921875 0.07890625
1 0.065625 0.27578125 0.0625 0.1015625
0 0.35234375 0.30546875 0.0859375 0.0765625
0 0.25 0.35703125 0.05546875 0.08359375
1 0.2984375 0.3546875 0.04765625 0.1015625
0 0.45546875 0.25625 0.084375 0.075
1 0.0359375 0.43203125 0.0625 0.10703125
1 0.01171875 0.375 0.0234375 0.09453125
0 0.15078125 0.40859375 0.08046875 0.06328125
0 0.09296875 0.4203125 0.0609375 0.10546875
1 0.203125 0.284375 0.053125 0.09140625
1 0.20546875 0.35859375 0.05078125 0.0765625
0 0.3640625 0.36640625 0.07265625 0.0578125
1 0.4140625 0.31796875 0.05234375 0.09375
0 0.47578125 0.3234375 0.0796875 0.06953125
0 0.55703125 0.32421875 0.078125 0.06796875
0 0.61953125 0.375 0.0828125 0.06640625
0 0.66015625 0.4390625 0.0578125 0.0984375
0 0.52109375 0.3875 0.0734375 0.0640625
0 0.41953125 0.40546875 0.059375 0.1
0 0.23828125 0.41875 0.0703125 0.04765625
0 0.24375 0.46484375 0.0671875 0.05390625
0 0.36484375 0.4375 0.05703125 0.09296875
0 0.3578125 0.52734375 0.0515625 0.10390625
0 0.4125 0.5453125 0.0671875 0.07265625
0 0.58046875 0.5078125 0.0796875 0.0765625
0 0.74140625 0.49375 0.0515625 0.103125
0 0.7703125 0.3734375 0.0625 0.0875
1 0.71875 0.4203125 0.065625 0.0859375
1 0.78984375 0.44375 0.06171875 0.0890625
1 0.8921875 0.346875 0.05625 0.09609375
1 0.85390625 0.4078125 0.05625 0.084375
1 0.8328125 0.5203125 0.05625 0.0875
1 0.97421875 0.49375 0.05078125 0.08984375
0 0.89609375 0.47265625 0.05625 0.11484375
1 0.8828125 0.57265625 0.0640625 0.08203125
1 0.96328125 0.56328125 0.0671875 0.078125
1 0.78671875 0.61875 0.065625 0.065625
1 0.69140625 0.5109375 0.0546875 0.09609375
1 0.73125 0.5796875 0.0625 0.090625
0 0.87265625 0.6515625 0.0671875 0.0859375
0 0.96171875 0.63984375 0.07578125 0.06484375
0 0.940625 0.72265625 0.05546875 0.0984375
0 0.88203125 0.73125 0.06796875 0.07421875
0 0.73125 0.67890625 0.0765625 0.065625
0 0.78984375 0.74765625 0.05703125 0.08515625
0 0.83515625 0.87890625 0.078125 0.06875
0 0.84296875 0.94765625 0.07265625 0.065625
0 0.76484375 0.959375 0.059375 0.08046875
0 0.73046875 0.85625 0.06640625 0.084375
0 0.67109375 0.84296875 0.0640625 0.1046875
0 0.8515625 0.81015625 0.0734375 0.084375
1 0.925 0.878125 0.053125 0.0859375
1 0.4765625 0.409375 0.053125 0.09375
1 0.59453125 0.43984375 0.0765625 0.06015625
1 0.525 0.44921875 0.06796875 0.06015625
1 0.4984375 0.51171875 0.06171875 0.0984375
0 0.4390625 0.49765625 0.05625 0.10234375
0 0.02734375 0.52265625 0.0546875 0.0828125
0 0.0203125 0.64765625 0.040625 0.09765625
0 0.20625 0.68359375 0.05625 0.1140625
0 0.2625 0.65859375 0.07734375 0.0765625
0 0.37734375 0.6265625 0.06796875 0.07109375
1 0.10234375 0.51640625 0.08984375 0.08828125
1 0.05 0.5921875 0.08203125 0.07265625
1 0.11484375 0.63984375 0.06015625 0.0875
1 0.16640625 0.58203125 0.05703125 0.09296875
1 0.17734375 0.47890625 0.0703125 0.096875
1 0.2171875 0.521875 0.05546875 0.08515625
1 0.26171875 0.534375 0.05546875 0.1
1 0.30703125 0.43359375 0.07421875 0.0703125
0 0.31171875 0.51640625 0.05078125 0.10390625
0 0.296875 0.6078125 0.06953125 0.078125
0 0.6421875 0.5375 0.0578125 0.1046875
1 0.4625 0.6171875 0.05234375 0.0765625
1 0.31875 0.715625 0.07890625 0.0671875
1 0.39609375 0.6984375 0.0625 0.08984375
1 0.1078125 0.8796875 0.0671875 0.0890625
1 0.2234375 0.9203125 0.06171875 0.08203125
0 0.2484375 0.78359375 0.046875 0.10546875
1 0.28203125 0.8578125 0.0578125 0.09921875
0 0.33515625 0.79921875 0.065625 0.07578125
0 0.403125 0.7796875 0.04375 0.08515625
0 0.43984375 0.65703125 0.06875 0.09375
0 0.528125 0.690625 0.06484375 0.06484375
0 0.63125 0.7453125 0.07109375 0.06875
0 0.58828125 0.87265625 0.0859375 0.06484375
0 0.6328125 0.92734375 0.06953125 0.06328125
1 0.48515625 0.7375 0.06796875 0.075
1 0.4453125 0.78359375 0.0484375 0.0875
1 0.415625 0.8625 0.06796875 0.08515625
1 0.3828125 0.91875 0.065625 0.090625
1 0.4515625 0.95859375 0.071875 0.0796875
0 0.49453125 0.90859375 0.06015625 0.0984375
1 0.571875 0.94609375 0.06953125 0.08046875
1 0.621875 0.97421875 0.05546875 0.0515625
0 0.73671875 0.77109375 0.0546875 0.08671875
1 0.5859375 0.6953125 0.05390625 0.0890625
0 0.5109375 0.6078125 0.05 0.1078125
1 0.56953125 0.61171875 0.0765625 0.07265625
1 0.6328125 0.62421875 0.065625 0.08046875
0 0.6875 0.6046875 0.06171875 0.08828125
1 0.65 0.67734375 0.0765625 0.071875
1 0.815625 0.68203125 0.07109375 0.08515625
1 0.98203125 0.69921875 0.0359375 0.0859375
0 0.9609375 0.984375 0.053125 0.03125
1 0.53671875 0.8265625 0.0640625 0.09140625
0 0.26015625 0.16640625 0.0453125 0.09296875