1 0.95 0.07578125 0.06875 0.121875
1 0.94609375 0.159375 0.0796875 0.0828125
1 0.96953125 0.3171875 0.0609375 0.09375
1 0.95234375 0.2625 0.06875 0.103125
1 0.8734375 0.10625 0.096875 0.078125
1 0.878125 0.040625 0.0765625 0.08125
1 0.80625 0.08125 0.0875 0.0875
1 0.82890625 0.15234375 0.09375 0.084375
1 0.75390625 0.23359375 0.090625 0.071875
1 0.7609375 0.16875 0.1015625 0.08125
1 0.7390625 0.10078125 0.0625 0.10625
1 0.6625 0.1203125 0.09375 0.09375
1 0.6953125 0.05859375 0.0609375 0.08125
1 0.84375 0.2796875 0.0796875 0.08125
1 0.825 0.22578125 0.0875 0.06875
1 0.92890625 0.4015625 0.075 0.10625
1 0.9 0.33515625 0.071875 0.10625
1 0.84375 0.559375 0.059375 0.1046875
1 0.85234375 0.48203125 0.0875 0.078125
1 0.8640625 0.4171875 0.075 0.1015625
1 0.94453125 0.50234375 0.0640625 0.10625
1 0.8796875 0.71484375 0.0734375 0.125
1 0.8875 0.6328125 0.0734375 0.0984375
1 0.89765625 0.5578125 0.078125 0.103125
1 0.79375 0.52109375 0.09375 0.096875
1 0.9625 0.62578125 0.075 0.10625
1 0.94453125 0.71796875 0.0640625 0.11875
1 0.828125 0.6640625 0.0625 0.115625
1 0.828125 0.76875 0.0625 0.1046875
1 0.775 0.7109375 0.065625 0.1078125
1 0.78046875 0.6234375 0.071875 0.0953125
1 0.71640625 0.65546875 0.078125 0.1
1 0.68828125 0.58671875 0.0875 0.08125
1 0.73125 0.5203125 0.0640625 0.1109375
1 0.76640625 0.44296875 0.06875 0.078125
1 0.7953125 0.35234375 0.075 0.096875
1 0.7078125 0.4484375 0.06875 0.096875
1 0.7703125 0.29375 0.078125 0.0875
1 0.68828125 0.278125 0.06875 0.0953125
1 0.7078125 0.1953125 0.046875 0.0890625
1 0.634375 0.26875 0.0734375 0.115625
1 0.63671875 0.19375 0.096875 0.084375
1 0.58125 0.1421875 0.0703125 0.0859375
1 0.603125 0.06015625 0.05625 0.0875
1 0.55234375 0.05 0.059375 0.1
1 0.49765625 0.04765625 0.0609375 0.09375
1 0.521875 0.2703125 0.06875 0.0921875
1 0.50625 0.19609375 0.0984375 0.1046875
1 0.51875 0.1234375 0.08125 0.078125
1 0.565625 0.2265625 0.0625 0.096875
1 0.59296875 0.32421875 0.065625 0.10625
1 0.65078125 0.53984375 0.090625 0.075
1 0.63203125 0.46171875 0.075 0.0734375
1 0.65 0.42109375 0.071875 0.065625
1 0.66484375 0.3609375 0.084375 0.06875
1 0.73671875 0.3703125 0.0609375 0.1125
1 0.6453125 0.66640625 0.0734375 0.0875
1 0.61015625 0.6125 0.0625 0.10625
1 0.6640625 0.75546875 0.0703125 0.08125
1 0.496875 0.64296875 0.0625 0.1
1 0.4875 0.56640625 0.071875 0.10625
1 0.47109375 0.51328125 0.0703125 0.084375
1 0.5796875 0.50078125 0.059375 0.109375
1 0.5265625 0.4765625 0.0625 0.109375
1 0.55546875 0.3953125 0.075 0.09375
1 0.47890625 0.4171875 0.0828125 0.084375
1 0.53046875 0.33984375 0.0671875 0.075
1 0.45625 0.33515625 0.078125 0.096875
1 0.44296875 0.271875 0.078125 0.10625
1 0.4109375 0.2140625 0.0703125 0.084375
1 0.45078125 0.153125 0.065625 0.1125
1 0.465625 0.07890625 0.071875 0.09375
1 0.3921875 0.4890625 0.084375 0.1
1 0.3984375 0.40703125 0.075 0.084375
1 0.37421875 0.33046875 0.08125 0.084375
1 0.36953125 0.25078125 0.059375 0.0875
1 0.371875 0.1828125 0.071875 0.090625
1 0.3859375 0.1140625 0.075 0.08125
1 0.403125 0.04453125 0.0625 0.0890625
1 0.31875 0.1796875 0.0546875 0.1
1 0.31640625 0.09765625 0.059375 0.10625
1 0.296875 0.27578125 0.0765625 0.103125
1 0.27109375 0.15859375 0.08125 0.0875
1 0.25 0.2359375 0.071875 0.096875
1 0.23671875 0.128125 0.06875 0.0890625
1 0.24609375 0.0671875 0.071875 0.084375
1 0.153125 0.13828125 0.09375 0.0765625
1 0.17890625 0.08515625 0.0625 0.103125
1 0.17890625 0.23359375 0.065625 0.1109375
1 0.27578125 0.434375 0.06875 0.0859375
1 0.2296875 0.3953125 0.0671875 0.090625
1 0.18203125 0.3734375 0.065625 0.09375
1 0.146875 0.3234375 0.071875 0.09375
1 0.084375 0.2171875 0.06875 0.103125
1 0.07109375 0.1359375 0.065625 0.103125
1 0.1171875 0.07265625 0.065625 0.1015625
1 0.025 0.0890625 0.05 0.096875
1 0.02734375 0.1859375 0.053125 0.096875
1 0.075 0.35546875 0.0625 0.11875
1 0.02890625 0.27421875 0.0578125 0.09375
1 0.33359375 0.4015625 0.065625 0.109375
1 0.37265625 0.59296875 0.0703125 0.10625
1 0.321875 0.62734375 0.0734375 0.103125
1 0.32890625 0.54453125 0.071875 0.0953125
1 0.32265625 0.47734375 0.0875 0.08125
1 0.1828125 0.6546875 0.075 0.0828125
1 0.196875 0.58984375 0.071875 0.090625
1 0.21171875 0.51875 0.0625 0.08125
1 0.18125 0.453125 0.090625 0.078125
1 0.1140625 0.38984375 0.05625 0.096875
1 0.03125 0.4703125 0.05625 0.1203125
1 0.1015625 0.47109375 0.0875 0.075
1 0.15546875 0.521875 0.05625 0.08125
1 0.265625 0.55078125 0.0671875 0.109375
1 0.42890625 0.565625 0.065625 0.1046875
1 0.5453125 0.56796875 0.059375 0.109375
1 0.5453125 0.66328125 0.059375 0.115625
1 0.53046875 0.7390625 0.09375 0.075
1 0.44375 0.68359375 0.0625 0.1078125
1 0.3875 0.69375 0.0625 0.109375
1 0.4671875 0.81171875 0.0640625 0.1171875
1 0.434375 0.75703125 0.059375 0.08125
1 0.571875 0.91953125 0.06875 0.11875
1 0.5546875 0.83828125 0.071875 0.0984375
1 0.7046875 0.86015625 0.084375 0.0890625
1 0.76171875 0.9546875 0.08125 0.090625
1 0.64140625 0.91640625 0.0796875 0.084375
1 0.5078125 0.9015625 0.05625 0.1046875
1 0.45078125 0.93203125 0.071875 0.11875
1 0.3953125 0.82109375 0.0734375 0.1015625
1 0.31328125 0.69453125 0.084375 0.084375
1 0.246875 0.6453125 0.075 0.084375
1 0.11796875 0.57890625 0.06875 0.0875
1 0.03125 0.6515625 0.059375 0.103125
1 0.1515625 0.8578125 0.0625 0.1140625
1 0.15234375 0.7703125 0.05625 0.096875
1 0.10859375 0.7 0.059375 0.1171875
1 0.23203125 0.734375 0.0765625 0.09375
1 0.29375 0.81796875 0.06875 0.0828125
1 0.2546875 0.86953125 0.05625 0.1078125
1 0.2078125 0.8375 0.059375 0.09375
1 0.09296875 0.8140625 0.05625 0.1140625
1 0.0390625 0.76484375 0.059375 0.1109375