1 0.928125 0.03828125 0.0875 0.065625
1 0.846875 0.103125 0.096875 0.0578125
1 0.91875 0.11171875 0.06875 0.0921875
1 0.8296875 0.18828125 0.08125 0.09375
1 0.8765625 0.15859375 0.0625 0.0671875
1 0.93359375 0.203125 0.071875 0.078125
1 0.8859375 0.2453125 0.09375 0.084375
1 0.78828125 0.2625 0.0921875 0.075
1 0.8171875 0.303125 0.09375 0.06875
1 0.89453125 0.32734375 0.0765625 0.08125
1 0.9546875 0.25625 0.0859375 0.059375
1 0.7625 0.06171875 0.10625 0.06875
1 0.73515625 0.12890625 0.1 0.059375
1 0.64609375 0.109375 0.096875 0.06875
1 0.65234375 0.0453125 0.096875 0.059375
1 0.6578125 0.1671875 0.071875 0.059375
1 0.640625 0.21796875 0.096875 0.0671875
1 0.61015625 0.2953125 0.0921875 0.090625
1 0.659375 0.26328125 0.0765625 0.0546875
1 0.71953125 0.2375 0.059375 0.0796875
1 0.6828125 0.32109375 0.08125 0.0796875
1 0.7421875 0.3375 0.0765625 0.0875
1 0.815625 0.36171875 0.09375 0.0640625
1 0.959375 0.3765625 0.08125 0.0734375
1 0.61015625 0.36640625 0.1 0.075
1 0.671875 0.39296875 0.06875 0.0625
1 0.7390625 0.41171875 0.1 0.05625
1 0.82421875 0.43046875 0.09375 0.09375
1 0.8890625 0.40546875 0.08125 0.08125
1 0.95 0.43671875 0.096875 0.075
1 0.89375 0.48515625 0.1046875 0.0625
1 0.96171875 0.49140625 0.0703125 0.075
1 0.903125 0.53203125 0.125 0.0625
1 0.60078125 0.5796875 0.0953125 0.0796875
1 0.66875 0.58203125 0.0734375 0.084375
1 0.7296875 0.56328125 0.065625 0.0671875
1 0.78046875 0.59296875 0.065625 0.1
1 0.85078125 0.58203125 0.08125 0.0703125
1 0.92421875 0.58671875 0.1 0.05625
1 0.82578125 0.5125 0.084375 0.078125
1 0.8390625 0.65546875 0.0765625 0.0828125
1 0.9046875 0.6359375 0.0875 0.065625
1 0.8859375 0.70859375 0.103125 0.071875
1 0.921875 0.7578125 0.0875 0.0765625
1 0.88671875 0.8140625 0.078125 0.0828125
1 0.96015625 0.81171875 0.0796875 0.0640625
1 0.9515625 0.86796875 0.0828125 0.0671875
1 0.9328125 0.9484375 0.078125 0.090625
1 0.8703125 0.89765625 0.1078125 0.0734375
1 0.72890625 0.66015625 0.10625 0.0671875
1 0.7984375 0.72109375 0.0859375 0.04375
1 0.6109375 0.42578125 0.125 0.0609375
1 0.659375 0.465625 0.071875 0.0671875
1 0.72421875 0.48203125 0.1 0.084375
1 0.784375 0.9609375 0.103125 0.078125
1 0.85234375 0.95625 0.06875 0.065625
1 0.79921875 0.7671875 0.096875 0.0703125
1 0.63125 0.77734375 0.10625 0.0578125
1 0.59609375 0.82109375 0.075 0.090625
1 0.66953125 0.8171875 0.0953125 0.065625
1 0.73671875 0.79765625 0.06875 0.059375
1 0.80546875 0.83046875 0.09375 0.0671875
1 0.7453125 0.86328125 0.090625 0.0625
1 0.796875 0.890625 0.071875 0.078125
1 0.59375 0.9390625 0.09375 0.0578125
1 0.66640625 0.9375 0.1015625 0.0765625
1 0.734375 0.921875 0.0890625 0.078125
1 0.5859375 0.67890625 0.08125 0.0765625
1 0.6578125 0.70703125 0.071875 0.090625
1 0.72890625 0.71796875 0.0828125 0.078125
1 0.6578125 0.878125 0.0953125 0.0703125
1 0.64296875 0.646875 0.1 0.0625
1 0.54609375 0.52421875 0.0890625 0.0671875
1 0.61171875 0.5140625 0.0921875 0.075
1 0.54375 0.4671875 0.1078125 0.078125
1 0.41640625 0.5359375 0.08125 0.0765625
1 0.49140625 0.55703125 0.071875 0.0859375
1 0.51328125 0.63046875 0.10625 0.0625
1 0.49765625 0.678125 0.1 0.0609375
1 0.54609375 0.73203125 0.11875 0.065625
1 0.42734375 0.7625 0.109375 0.075
1 0.51328125 0.79140625 0.096875 0.06875
1 0.55 0.86796875 0.1078125 0.0578125
1 0.43125 0.91875 0.1015625 0.0609375
1 0.51171875 0.91328125 0.0875 0.0609375
1 0.446875 0.71171875 0.05625 0.0765625
1 0.25703125 0.784375 0.0875 0.0671875
1 0.328125 0.81796875 0.084375 0.065625
1 0.39375 0.8453125 0.071875 0.1
1 0.46015625 0.85078125 0.0859375 0.08125
1 0.37578125 0.95703125 0.10625 0.075
1 0.2875 0.965625 0.109375 0.06875
1 0.20859375 0.9765625 0.0640625 0.046875
1 0.20546875 0.82734375 0.0890625 0.0609375
1 0.25703125 0.86640625 0.084375 0.0765625
1 0.33046875 0.88828125 0.078125 0.090625
1 0.31796875 0.75625 0.0984375 0.084375
1 0.3296875 0.6671875 0.1 0.0625
1 0.34609375 0.71484375 0.084375 0.0578125
1 0.36328125 0.60625 0.065625 0.084375
1 0.41953125 0.61796875 0.06875 0.0953125
1 0.3578125 0.4765625 0.096875 0.059375
1 0.434375 0.48125 0.103125 0.075
1 0.4046875 0.42265625 0.103125 0.071875
1 0.4296875 0.36796875 0.0875 0.075
1 0.5140625 0.40390625 0.103125 0.0734375
1 0.4765625 0.33125 0.090625 0.065625
1 0.546875 0.3390625 0.071875 0.0875
1 0.365625 0.2578125 0.1015625 0.0765625
1 0.45234375 0.27109375 0.0875 0.075
1 0.52578125 0.271875 0.090625 0.0796875
1 0.47109375 0.2234375 0.0875 0.0625
1 0.5515625 0.1921875 0.103125 0.065625
1 0.553125 0.134375 0.1125 0.0625
1 0.55 0.06875 0.1 0.084375
1 0.46015625 0.0296875 0.0890625 0.059375
1 0.471875 0.1015625 0.075 0.0875
1 0.4546875 0.15546875 0.1125 0.0796875
1 0.3875 0.121875 0.084375 0.078125
1 0.384375 0.04921875 0.0765625 0.0765625
1 0.3046875 0.0875 0.0921875 0.090625
1 0.28359375 0.0296875 0.0859375 0.0578125
1 0.19375 0.034375 0.09375 0.06875
1 0.3359375 0.15546875 0.1 0.071875
1 0.228125 0.1390625 0.0953125 0.09375
1 0.17109375 0.07421875 0.1078125 0.071875
1 0.13046875 0.13515625 0.1015625 0.08125
1 0.07578125 0.0921875 0.0625 0.090625
1 0.134375 0.23046875 0.0703125 0.096875
1 0.1859375 0.21953125 0.071875 0.06875
1 0.26015625 0.2203125 0.0796875 0.065625
1 0.34140625 0.2125 0.096875 0.059375
1 0.33359375 0.32421875 0.0875 0.09375
1 0.28359375 0.26328125 0.0921875 0.0765625
1 0.18984375 0.27421875 0.1 0.084375
1 0.2265625 0.32109375 0.0984375 0.0515625
1 0.2046875 0.375 0.0828125 0.06875
1 0.25390625 0.390625 0.0796875 0.0625
1 0.325 0.40703125 0.06875 0.071875
1 0.2609375 0.45078125 0.090625 0.053125
1 0.14296875 0.44921875 0.090625 0.0671875
1 0.06875 0.3015625 0.096875 0.0734375
1 0.0671875 0.3671875 0.09375 0.065625
1 0.04296875 0.41015625 0.0859375 0.0546875
1 0.0765625 0.471875 0.090625 0.065625
1 0.040625 0.51796875 0.08125 0.084375
1 0.18203125 0.49609375 0.090625 0.059375
1 0.265625 0.50546875 0.078125 0.078125
1 0.22734375 0.55625 0.103125 0.0703125
1 0.08515625 0.56953125 0.084375 0.0734375
1 0.14609375 0.5484375 0.09375 0.0703125
1 0.13359375 0.6203125 0.0984375 0.059375
1 0.0375 0.61640625 0.075 0.0671875
1 0.22109375 0.61171875 0.084375 0.071875
1 0.29765625 0.60390625 0.0671875 0.065625
1 0.3421875 0.5515625 0.0921875 0.0609375
1 0.2578125 0.64453125 0.075 0.078125
1 0.0921875 0.66328125 0.10625 0.0515625
1 0.18046875 0.66328125 0.0921875 0.065625
1 0.08828125 0.725 0.1140625 0.0578125
1 0.1765625 0.740625 0.075 0.071875
1 0.2515625 0.71640625 0.09375 0.071875
1 0.12890625 0.8046875 0.075 0.065625
1 0.1140625 0.86484375 0.121875 0.0625
1 0.04453125 0.8703125 0.0890625 0.05