1 0.03203125 0.05859375 0.0625 0.096875
0 0.12578125 0.0546875 0.06953125 0.09140625
0 0.2484375 0.05234375 0.07890625 0.0734375
0 0.3296875 0.04140625 0.07109375 0.0671875
0 0.409375 0.0359375 0.0734375 0.07109375
0 0.46640625 0.03828125 0.0765625 0.075
0 0.49765625 0.084375 0.0765625 0.071875
0 0.540625 0.02421875 0.0703125 0.04765625
0 0.56484375 0.06875 0.07890625 0.0625
0 0.61484375 0.040625 0.0796875 0.07578125
0 0.68046875 0.06640625 0.05234375 0.09921875
0 0.73828125 0.0390625 0.071875 0.06015625
0 0.796875 0.04375 0.05 0.08515625
1 0.73203125 0.10234375 0.06015625 0.07734375
0 0.78046875 0.11953125 0.05078125 0.10234375
0 0.82109375 0.13515625 0.0453125 0.0953125
0 0.85625 0.06328125 0.06953125 0.0703125
1 0.8859375 0.0359375 0.0609375 0.071875
0 0.95 0.0640625 0.06328125 0.0984375
0 0.89921875 0.121875 0.08359375 0.071875
0 0.97265625 0.16171875 0.05390625 0.08046875
0 0.92265625 0.19765625 0.06953125 0.06328125
0 0.84296875 0.1890625 0.071875 0.078125
0 0.775 0.2 0.06953125 0.06796875
0 0.7359375 0.1921875 0.059375 0.06953125
0 0.69609375 0.1421875 0.0796875 0.0734375
0 0.621875 0.10390625 0.08125 0.06484375
0 0.64140625 0.178125 0.053125 0.10703125
0 0.69140625 0.21484375 0.0546875 0.09140625
0 0.55546875 0.12734375 0.071875 0.07578125
1 0.6015625 0.19921875 0.06484375 0.090625
0 0.43203125 0.1125 0.0703125 0.08671875
0 0.484375 0.14765625 0.0734375 0.0640625
0 0.5421875 0.18203125 0.059375 0.06953125
0 0.3796875 0.11171875 0.07265625 0.06953125
0 0.2953125 0.10703125 0.0796875 0.07890625
0 0.3328125 0.1421875 0.0734375 0.06171875
0 0.1953125 0.12265625 0.075 0.07890625
1 0.1203125 0.1421875 0.08046875 0.065625
0 0.05078125 0.1609375 0.06484375 0.07109375
0 0.065625 0.23828125 0.0609375 0.10078125
0 0.121875 0.23203125 0.05 0.08828125
0 0.275 0.1859375 0.08125 0.0796875
0 0.3515625 0.19140625 0.071875 0.0828125
0 0.421875 0.17578125 0.06875 0.07734375
0 0.50390625 0.2171875 0.05546875 0.08984375
1 0.55078125 0.25625 0.0453125 0.084375
0 0.4546875 0.23515625 0.0640625 0.08984375
0 0.48203125 0.2796875 0.0390625 0.07890625
0 0.51796875 0.303125 0.05859375 0.0796875
0 0.58203125 0.29609375 0.0546875 0.103125
0 0.6390625 0.2640625 0.07578125 0.078125
0 0.74140625 0.27109375 0.06171875 0.0921875
0 0.81484375 0.24921875 0.06953125 0.071875
1 0.871875 0.240625 0.053125 0.090625
1 0.9609375 0.24609375 0.07109375 0.06796875
0 0.9109375 0.28125 0.05 0.0984375
0 0.971875 0.3125 0.05625 0.0875
1 0.8453125 0.3078125 0.07890625 0.07109375
1 0.78828125 0.29296875 0.0421875 0.0875
0 0.70234375 0.30234375 0.05 0.0796875
0 0.66328125 0.3375 0.06796875 0.084375
0 0.6171875 0.3703125 0.075 0.0796875
1 0.80234375 0.359375 0.06015625 0.06640625
0 0.8578125 0.36796875 0.0578125 0.07421875
0 0.90625 0.35703125 0.06015625 0.06640625
0 0.96015625 0.37265625 0.0578125 0.07265625
0 0.909375 0.41328125 0.07890625 0.06484375
0 0.9546875 0.45390625 0.0421875 0.0875
0 0.9078125 0.5 0.04765625 0.084375
0 0.8359375 0.4140625 0.07890625 0.0703125
0 0.74375 0.3453125 0.06640625 0.06015625
0 0.73203125 0.4046875 0.06484375 0.08828125
0 0.7640625 0.42734375 0.06875 0.0765625
0 0.6828125 0.39609375 0.07265625 0.071875
0 0.55390625 0.3578125 0.04921875 0.09921875
0 0.51484375 0.3703125 0.07578125 0.0828125
0 0.47578125 0.34453125 0.05546875 0.05859375
1 0.4328125 0.30859375 0.06328125 0.05625
0 0.38203125 0.27734375 0.06171875 0.1125
0 0.3296875 0.28203125 0.05625 0.0796875
0 0.26796875 0.25 0.07578125 0.0734375
0 0.19921875 0.24453125 0.0703125 0.09921875
1 0.17109375 0.30859375 0.0640625 0.1
0 0.084375 0.3234375 0.07265625 0.0765625
0 0.14375 0.3640625 0.04921875 0.0921875
0 0.27890625 0.3328125 0.06796875 0.0875
0 0.22421875 0.34140625 0.0578125 0.0984375
0 0.34453125 0.3671875 0.0546875 0.09140625
1 0.4125 0.3765625 0.06953125 0.09296875
0 0.51640625 0.453125 0.0640625 0.07421875
0 0.4859375 0.5171875 0.05859375 0.10078125
1 0.50625 0.465625 0.00234375 0.00234375
0 0.4625 0.42421875 0.0484375 0.109375
1 0.528125 0.428125 0.07265625 0.06953125
0 0.5734375 0.49375 0.0484375 0.096875
0 0.59921875 0.49296875 0.0390625 0.1078125
0 0.66875 0.46640625 0.06015625 0.08828125
0 0.83359375 0.47578125 0.075 0.071875
1 0.96484375 0.52890625 0.0625 0.0796875
0 0.83984375 0.53515625 0.07421875 0.06328125
0 0.77109375 0.5328125 0.053125 0.1
0 0.7171875 0.49609375 0.06640625 0.08203125
1 0.72109375 0.5609375 0.0515625 0.065625
0 0.646875 0.5390625 0.07890625 0.065625
1 0.6875 0.5703125 0.040625 0.078125
0 0.65234375 0.6125 0.05703125 0.09609375
0 0.5828125 0.596875 0.04765625 0.0921875
0 0.61171875 0.6453125 0.05625 0.10390625
0 0.5453125 0.5265625 0.06484375 0.071875
0 0.4234375 0.44921875 0.0609375 0.08046875
1 0.4484375 0.5046875 0.046875 0.08515625
1 0.371875 0.44921875 0.0515625 0.08984375
0 0.40703125 0.51796875 0.05078125 0.0921875
0 0.36328125 0.52578125 0.06328125 0.071875
1 0.27265625 0.39296875 0.0875 0.053125
0 0.30234375 0.4453125 0.078125 0.08046875
0 0.196875 0.39921875 0.06875 0.0640625
0 0.109375 0.42265625 0.05078125 0.10390625
0 0.17421875 0.4484375 0.090625 0.07109375
0 0.234375 0.47734375 0.0578125 0.09765625
0 0.32578125 0.4921875 0.06328125 0.053125
0 0.2765625 0.52578125 0.0453125 0.0859375
0 0.3296875 0.5546875 0.06875 0.07890625
0 0.190625 0.51796875 0.06328125 0.0984375
0 0.1578125 0.5453125 0.06171875 0.090625
1 0.11015625 0.51796875 0.06015625 0.09140625
0 0.24375 0.58359375 0.05703125 0.08515625
0 0.2015625 0.6125 0.0671875 0.08203125
1 0.1328125 0.6234375 0.07109375 0.06796875
1 0.06015625 0.603125 0.05546875 0.0921875
1 0.0921875 0.67421875 0.07578125 0.07265625
0 0.29765625 0.6078125 0.05546875 0.07734375
0 0.38828125 0.5890625 0.0546875 0.08515625
0 0.3484375 0.609375 0.04140625 0.0546875
1 0.4359375 0.584375 0.05 0.09453125
0 0.46875 0.61484375 0.06796875 0.090625
0 0.5265625 0.59921875 0.053125 0.0953125
1 0.52421875 0.68671875 0.06328125 0.09296875
0 0.96640625 0.58671875 0.06640625 0.053125
0 0.9765625 0.6328125 0.046875 0.0640625
0 0.95859375 0.6859375 0.08203125 0.05703125
1 0.97734375 0.7640625 0.0453125 0.1140625
0 0.9578125 0.88359375 0.06171875 0.08203125
1 0.928125 0.91171875 0.05390625 0.09296875
0 0.875 0.92890625 0.071875 0.075
0 0.80390625 0.965625 0.0875 0.0640625
1 0.88046875 0.5859375 0.0765625 0.0703125
0 0.91484375 0.64296875 0.06328125 0.06484375
0 0.915625 0.7359375 0.0875 0.06328125
0 0.92109375 0.8046875 0.06875 0.07578125
0 0.81640625 0.596875 0.075 0.0703125
1 0.846875 0.6484375 0.08203125 0.05390625
1 0.86015625 0.69375 0.071875 0.05859375
1 0.8390625 0.7578125 0.06796875 0.0640625
1 0.86484375 0.790625 0.075 0.06171875
0 0.86484375 0.8578125 0.06796875 0.05859375
0 0.79453125 0.89140625 0.07578125 0.07578125
0 0.8015625 0.83125 0.06328125 0.06328125
0 0.78203125 0.79140625 0.06015625 0.05234375
1 0.76875 0.7421875 0.08046875 0.05703125
0 0.8 0.68515625 0.0421875 0.07421875
0 0.7421875 0.60234375 0.0640625 0.0546875
0 0.765625 0.63984375 0.0734375 0.071875
0 0.74375 0.7015625 0.07265625 0.0609375
0 0.70546875 0.646875 0.053125 0.0703125
0 0.70234375 0.72265625 0.05859375 0.09765625
1 0.64609375 0.70078125 0.06015625 0.1
0 0.71640625 0.815625 0.07109375 0.06015625
0 0.74140625 0.88046875 0.06328125 0.08203125
0 0.73203125 0.9578125 0.05546875 0.084375
0 0.66875 0.784375 0.0671875 0.07578125
1 0.6765625 0.8734375 0.07734375 0.0703125
0 0.68359375 0.95625 0.0546875 0.0875
0 0.59296875 0.7578125 0.0765625 0.06953125
0 0.63359375 0.83125 0.06953125 0.071875
0 0.6375 0.9296875 0.075 0.0578125
0 0.603125 0.875 0.08203125 0.0609375
0 0.5609375 0.82109375 0.078125 0.0609375
0 0.62890625 0.98046875 0.0484375 0.03828125
1 0.56953125 0.93203125 0.07421875 0.08203125
0 0.5328125 0.865625 0.06796875 0.075
0 0.5140625 0.93125 0.06171875 0.09140625
0 0.5234375 0.734375 0.06875 0.05859375
1 0.48828125 0.78203125 0.084375 0.0703125
1 0.4640625 0.846875 0.071875 0.06953125
1 0.47265625 0.89453125 0.071875 0.0671875
1 0.465625 0.68671875 0.0671875 0.065625
0 0.44453125 0.73671875 0.06953125 0.06796875
0 0.4109375 0.671875 0.0546875 0.0875
0 0.35390625 0.65859375 0.075 0.07578125
0 0.39296875 0.7390625 0.0546875 0.07734375
0 0.41953125 0.81015625 0.0578125 0.10078125
0 0.41171875 0.8875 0.05390625 0.0828125
0 0.4453125 0.9484375 0.06640625 0.071875
1 0.41015625 0.9625 0.05390625 0.075
0 0.37734375 0.78984375 0.0578125 0.06796875
1 0.29140625 0.65078125 0.06875 0.07421875
0 0.33828125 0.7140625 0.08359375 0.06328125
0 0.26640625 0.69765625 0.07421875 0.08125
0 0.32265625 0.7875 0.059375 0.0984375
1 0.3609375 0.85 0.07734375 0.0609375
0 0.33828125 0.8984375 0.0890625 0.05078125
0 0.34375 0.94375 0.096875 0.0609375
0 0.3140625 0.9734375 0.0734375 0.05234375
0 0.246875 0.97421875 0.07265625 0.05078125
0 0.26484375 0.76171875 0.06796875 0.0703125
0 0.2953125 0.81796875 0.0703125 0.078125
0 0.19375 0.68046875 0.0765625 0.0859375
1 0.0859375 0.7359375 0.0703125 0.06640625
0 0.13515625 0.771875 0.04765625 0.0890625
0 0.1734375 0.73359375 0.06484375 0.06328125
0 0.2265625 0.7640625 0.0515625 0.0859375
1 0.1875 0.79765625 0.06484375 0.09296875
0 0.2453125 0.8359375 0.06640625 0.05
0 0.28515625 0.875 0.06640625 0.0578125
0 0.234375 0.8953125 0.06328125 0.08515625
1 0.18203125 0.88203125 0.0578125 0.09921875
0 0.1453125 0.93125 0.06953125 0.0625
0 0.5203125 0.9828125 0.07734375 0.034375
0 0.5859375 0.9796875 0.05625 0.040625