1 0.0578125 0.97109375 0.06875 0.0578125
0 0.13203125 0.959375 0.1078125 0.053125
1 0.1578125 0.98984375 0.103125 0.0203125
0 0.07734375 0.86015625 0.075 0.0828125
1 0.01953125 0.86484375 0.0390625 0.0578125
0 0.025 0.81328125 0.05 0.0671875
0 0.05859375 0.78828125 0.053125 0.0703125
0 0.03046875 0.7296875 0.059375 0.05625
0 0.1140625 0.78671875 0.065625 0.078125
0 0.0859375 0.7015625 0.06875 0.1
0 0.02265625 0.65703125 0.04375 0.071875
1 0.03125 0.5859375 0.0625 0.08125
0 0.03515625 0.5109375 0.06875 0.08125
0 0.0359375 0.44375 0.071875 0.075
0 0.03046875 0.39453125 0.059375 0.0734375
0 0.03125 0.29921875 0.0625 0.0796875
0 0.025 0.08828125 0.05 0.0828125
1 0.021875 0.19609375 0.04375 0.0515625
1 0.05703125 0.146875 0.08125 0.0625
0 0.0859375 0.1734375 0.096875 0.065625
0 0.10234375 0.1046875 0.109375 0.046875
0 0.0703125 0.04140625 0.065625 0.06875
0 0.17890625 0.03359375 0.075 0.0625
0 0.18828125 0.11640625 0.078125 0.0453125
0 0.2421875 0.1 0.071875 0.06875
1 0.16640625 0.16875 0.06875 0.078125
0 0.11640625 0.21640625 0.08125 0.046875
0 0.178125 0.228125 0.059375 0.065625
1 0.13359375 0.2734375 0.0765625 0.0625
0 0.0859375 0.3328125 0.0734375 0.0625
0 0.08125 0.39765625 0.065625 0.0765625
0 0.1484375 0.33984375 0.0921875 0.071875
0 0.14296875 0.4078125 0.0609375 0.06875
0 0.08515625 0.4984375 0.0640625 0.06875
0 0.12421875 0.4703125 0.090625 0.075
0 0.06953125 0.5578125 0.065625 0.06875
0 0.13359375 0.53125 0.0875 0.065625
1 0.1078125 0.63203125 0.09375 0.065625
0 0.1484375 0.58359375 0.096875 0.0546875
0 0.165625 0.6765625 0.1 0.059375
1 0.175 0.75078125 0.06875 0.078125
0 0.13828125 0.88984375 0.0828125 0.0609375
0 0.146875 0.83984375 0.06875 0.053125
1 0.209375 0.8890625 0.0875 0.08125
0 0.2203125 0.825 0.1 0.059375
0 0.23359375 0.73828125 0.096875 0.046875
0 0.25546875 0.7765625 0.103125 0.0484375
0 0.25390625 0.69296875 0.10625 0.059375
1 0.19453125 0.6328125 0.0875 0.0578125
0 0.23203125 0.59453125 0.0796875 0.08125
1 0.20390625 0.50703125 0.071875 0.090625
0 0.20546875 0.40859375 0.0703125 0.08125
0 0.2109375 0.346875 0.0703125 0.06875
1 0.21015625 0.2765625 0.075 0.0671875
1 0.23515625 0.2109375 0.0703125 0.0796875
1 0.29609375 0.0515625 0.084375 0.05
1 0.3234375 0.08984375 0.09375 0.04375
0 0.32578125 0.14921875 0.08125 0.0484375
0 0.29296875 0.203125 0.075 0.075
0 0.31171875 0.25234375 0.08125 0.05625
0 0.26640625 0.3109375 0.0625 0.08125
0 0.3203125 0.3125 0.05625 0.071875
0 0.28828125 0.37265625 0.084375 0.05625
0 0.3125 0.415625 0.103125 0.05
0 0.25390625 0.46796875 0.0921875 0.053125
0 0.271875 0.53046875 0.08125 0.0765625
0 0.3125 0.61171875 0.08125 0.0765625
0 0.33984375 0.484375 0.096875 0.071875
0 0.33515625 0.675 0.096875 0.059375
0 0.31484375 0.7484375 0.0625 0.0796875
0 0.30390625 0.82734375 0.078125 0.06875
0 0.36484375 0.7984375 0.09375 0.0578125
0 0.40078125 0.8515625 0.1 0.0640625
0 0.38359375 0.89921875 0.1 0.046875
0 0.37890625 0.74765625 0.06875 0.071875
0 0.40546875 0.69609375 0.078125 0.05625
1 0.3859375 0.61953125 0.078125 0.0875
0 0.40546875 0.5484375 0.059375 0.0796875
0 0.4171875 0.484375 0.0625 0.0578125
1 0.38984375 0.41875 0.0546875 0.075
1 0.35703125 0.3671875 0.0765625 0.065625
1 0.37109375 0.28203125 0.0625 0.075
1 0.3828125 0.21171875 0.096875 0.059375
1 0.390625 0.153125 0.084375 0.0640625
0 0.4109375 0.0890625 0.0828125 0.065625
0 0.39765625 0.02734375 0.0640625 0.0546875
0 0.490625 0.04609375 0.096875 0.0578125
1 0.47265625 0.11015625 0.0828125 0.071875
0 0.4578125 0.18828125 0.065625 0.08125
1 0.43671875 0.284375 0.065625 0.0765625
1 0.4203125 0.35390625 0.0625 0.0734375
1 0.46484375 0.41015625 0.090625 0.0625
0 0.4796875 0.4578125 0.0875 0.065625
0 0.503125 0.52109375 0.090625 0.08125
1 0.440625 0.534375 0.0515625 0.059375
1 0.44765625 0.5875 0.084375 0.0640625
1 0.48359375 0.6734375 0.1 0.0625
1 0.471875 0.7375 0.0859375 0.059375
1 0.46953125 0.79453125 0.090625 0.059375
1 0.55078125 0.82265625 0.06875 0.08125
0 0.54609375 0.7453125 0.06875 0.08125
0 0.56484375 0.67109375 0.0625 0.084375
1 0.56328125 0.59765625 0.0609375 0.0625
0 0.559375 0.55078125 0.0984375 0.05625
0 0.584375 0.48203125 0.08125 0.08125
0 0.546875 0.43203125 0.065625 0.06875
0 0.49140625 0.34296875 0.075 0.06875
0 0.49921875 0.28125 0.071875 0.065625
0 0.4890625 0.23046875 0.084375 0.0640625
1 0.509375 0.14921875 0.071875 0.05625
0 0.54375 0.0734375 0.078125 0.0625
0 0.57578125 0.02890625 0.1015625 0.05625
0 0.5921875 0.11875 0.0875 0.065625
0 0.6640625 0.06328125 0.0984375 0.0578125
1 0.65546875 0.0203125 0.0734375 0.040625
0 0.58515625 0.19375 0.065625 0.06875
1 0.65859375 0.16015625 0.096875 0.065625
1 0.5640625 0.24453125 0.096875 0.05625
0 0.56875 0.2984375 0.08125 0.0734375
0 0.57421875 0.35703125 0.0890625 0.05625
0 0.62578125 0.4046875 0.0875 0.06875
1 0.6484375 0.45390625 0.0703125 0.06875
1 0.66328125 0.5375 0.0875 0.0703125
0 0.7 0.48515625 0.071875 0.06875
0 0.6265625 0.5859375 0.0703125 0.0859375
1 0.64375 0.6515625 0.096875 0.05625
0 0.6234375 0.709375 0.0828125 0.075
0 0.60390625 0.7703125 0.084375 0.059375
0 0.66328125 0.75390625 0.06875 0.0875
1 0.63125 0.81171875 0.096875 0.053125
1 0.7 0.83671875 0.084375 0.0703125
1 0.8359375 0.81640625 0.10625 0.0546875
1 0.79453125 0.765625 0.0859375 0.0625
1 0.89609375 0.76953125 0.05625 0.0765625
0 0.83046875 0.71328125 0.1046875 0.05625
1 0.7953125 0.66484375 0.09375 0.0703125
1 0.759375 0.63046875 0.084375 0.053125
0 0.7109375 0.59140625 0.090625 0.0578125
1 0.87421875 0.66484375 0.0625 0.078125
1 0.74375 0.54375 0.0875 0.059375
0 0.7671875 0.48671875 0.065625 0.0765625
0 0.715625 0.40859375 0.075 0.084375
1 0.66328125 0.35 0.09375 0.05625
0 0.64296875 0.28984375 0.078125 0.078125
1 0.65546875 0.2125 0.0875 0.0515625
0 0.709375 0.2546875 0.075 0.05625
0 0.7515625 0.21484375 0.09375 0.0515625
1 0.76484375 0.16875 0.078125 0.05625
0 0.759375 0.121875 0.09375 0.046875
1 0.8 0.0890625 0.0875 0.04375
0 0.83515625 0.04296875 0.096875 0.059375
0 0.89609375 0.01953125 0.096875 0.0390625
1 0.91171875 0.09609375 0.071875 0.06875
0 0.95859375 0.06015625 0.06875 0.0796875
1 0.84609375 0.1359375 0.096875 0.0546875
0 0.8296875 0.1953125 0.075 0.0765625
1 0.915625 0.17265625 0.06875 0.090625
1 0.87734375 0.2328125 0.0875 0.0546875
1 0.978125 0.20859375 0.04375 0.0703125
0 0.721875 0.32734375 0.0859375 0.0625
0 0.78515625 0.2921875 0.09375 0.05625
0 0.88203125 0.28046875 0.090625 0.0578125
1 0.9625 0.2765625 0.075 0.06875
1 0.7796875 0.36484375 0.078125 0.0796875
0 0.87421875 0.3328125 0.090625 0.059375
0 0.9578125 0.32109375 0.084375 0.059375
1 0.85078125 0.3796875 0.084375 0.05625
0 0.91875 0.3671875 0.0671875 0.0671875
0 0.79921875 0.4296875 0.08125 0.0734375
0 0.890625 0.43984375 0.08125 0.05625
0 0.96328125 0.42578125 0.0734375 0.0734375
0 0.8359375 0.49296875 0.078125 0.06875
1 0.890625 0.51640625 0.059375 0.075
1 0.96484375 0.5015625 0.06875 0.059375
0 0.93828125 0.5609375 0.0625 0.075
1 0.83125 0.56484375 0.0625 0.071875
0 0.88046875 0.58984375 0.075 0.065625
0 0.9671875 0.703125 0.065625 0.075
0 0.51171875 0.61484375 0.065625 0.078125