1 0.91484375 0.0625 0.1 0.0765625
1 0.90625 0.13359375 0.103125 0.09375
1 0.88125 0.22421875 0.084375 0.0875
1 0.79375 0.07578125 0.084375 0.0625
1 0.7 0.0796875 0.0890625 0.08125
1 0.60625 0.046875 0.078125 0.08125
1 0.5984375 0.1171875 0.10625 0.0578125
1 0.53046875 0.15546875 0.1125 0.0796875
1 0.6484375 0.1578125 0.1 0.0625
1 0.7375 0.14453125 0.096875 0.071875
1 0.7390625 0.2046875 0.10625 0.06875
1 0.65 0.215625 0.10625 0.065625
1 0.78671875 0.240625 0.10625 0.065625
1 0.8171875 0.17109375 0.078125 0.0671875
1 0.93671875 0.24921875 0.0765625 0.0734375
1 0.86484375 0.325 0.059375 0.0578125
1 0.93046875 0.32734375 0.08125 0.0828125
1 0.8296875 0.28046875 0.1046875 0.0625
1 0.70234375 0.33984375 0.09375 0.0875
1 0.7765625 0.325 0.090625 0.08125
1 0.81875 0.38046875 0.096875 0.0921875
1 0.90703125 0.3828125 0.103125 0.059375
1 0.45625 0.234375 0.103125 0.075
1 0.546875 0.25703125 0.08125 0.0765625
1 0.61171875 0.28359375 0.109375 0.0625
1 0.58125 0.34375 0.115625 0.08125
1 0.4875 0.31015625 0.10625 0.071875
1 0.46328125 0.371875 0.109375 0.06875
1 0.38984375 0.2796875 0.109375 0.075
1 0.2828125 0.2390625 0.1125 0.059375
1 0.23046875 0.30234375 0.0875 0.09375
1 0.3078125 0.30859375 0.10625 0.059375
1 0.3703125 0.34375 0.0921875 0.071875
1 0.28125 0.36484375 0.109375 0.071875
1 0.32109375 0.43203125 0.071875 0.071875
1 0.37421875 0.409375 0.090625 0.0609375
1 0.18828125 0.378125 0.115625 0.059375
1 0.0921875 0.353125 0.096875 0.0578125
1 0.0484375 0.39453125 0.096875 0.0640625
1 0.05234375 0.44765625 0.1 0.0609375
1 0.128125 0.41640625 0.059375 0.075
1 0.196875 0.4421875 0.0765625 0.075
1 0.134375 0.4859375 0.1 0.05625
1 0.2578125 0.46875 0.065625 0.084375
1 0.2 0.5203125 0.1 0.078125
1 0.12734375 0.53984375 0.090625 0.05625
1 0.046875 0.603125 0.09375 0.065625
1 0.1421875 0.60234375 0.115625 0.065625
1 0.21640625 0.5828125 0.078125 0.071875
1 0.8625 0.41484375 0.075 0.053125
1 0.92421875 0.45546875 0.06875 0.0765625
1 0.66015625 0.46171875 0.103125 0.06875
1 0.73046875 0.4578125 0.071875 0.0796875
1 0.7953125 0.46015625 0.071875 0.071875
1 0.67109375 0.39609375 0.06875 0.084375
1 0.57734375 0.41796875 0.0796875 0.090625
1 0.521875 0.44453125 0.0625 0.078125
1 0.6078125 0.5078125 0.1109375 0.0671875
1 0.50625 0.521875 0.08125 0.084375
1 0.4484375 0.46796875 0.071875 0.0859375
1 0.35703125 0.48671875 0.096875 0.059375
1 0.35234375 0.546875 0.08125 0.075
1 0.415625 0.53125 0.0875 0.053125
1 0.41875 0.58125 0.103125 0.05625
1 0.27734375 0.5359375 0.078125 0.0625
1 0.28671875 0.60390625 0.0703125 0.08125
1 0.35625 0.61640625 0.1 0.065625
1 0.44375 0.63125 0.109375 0.065625
1 0.54140625 0.57734375 0.1125 0.0578125
1 0.66875 0.5625 0.103125 0.059375
1 0.74453125 0.534375 0.06875 0.078125
1 0.80234375 0.5359375 0.0875 0.078125
1 0.86171875 0.48984375 0.0875 0.059375
1 0.87734375 0.5390625 0.0875 0.065625
1 0.93828125 0.52109375 0.1 0.0625
1 0.89609375 0.6078125 0.0765625 0.0703125
1 0.95390625 0.58515625 0.08125 0.05625
1 0.959375 0.65546875 0.08125 0.0578125
1 0.84375 0.6265625 0.0765625 0.0515625
1 0.75390625 0.61015625 0.090625 0.0625
1 0.79296875 0.6484375 0.103125 0.059375
1 0.56015625 0.6296875 0.096875 0.0625
1 0.6640625 0.67421875 0.0859375 0.06875
1 0.5828125 0.6921875 0.078125 0.090625
1 0.50546875 0.66875 0.0765625 0.0875
1 0.32890625 0.6953125 0.096875 0.071875
1 0.39921875 0.684375 0.08125 0.084375
1 0.45078125 0.7015625 0.08125 0.096875
1 0.2171875 0.646875 0.0875 0.084375
1 0.2453125 0.709375 0.090625 0.090625
1 0.0546875 0.6953125 0.090625 0.08125
1 0.121875 0.70859375 0.0796875 0.075
1 0.178125 0.725 0.0578125 0.071875
1 0.13515625 0.6578125 0.0859375 0.0546875
1 0.05546875 0.7578125 0.0875 0.075
1 0.1515625 0.7890625 0.0921875 0.059375
1 0.23515625 0.76796875 0.08125 0.065625
1 0.315625 0.75546875 0.084375 0.0546875
1 0.39375 0.765625 0.096875 0.0640625
1 0.48046875 0.75625 0.096875 0.075
1 0.578125 0.76953125 0.06875 0.0625
1 0.09296875 0.83203125 0.103125 0.05625
1 0.14765625 0.890625 0.0875 0.0625
1 0.16875 0.95234375 0.096875 0.053125
1 0.2015625 0.98359375 0.0859375 0.0328125
1 0.20859375 0.82890625 0.084375 0.071875
1 0.284375 0.80703125 0.078125 0.065625
1 0.28359375 0.89921875 0.0828125 0.075
1 0.353125 0.80859375 0.08125 0.059375
1 0.365625 0.8546875 0.084375 0.071875
1 0.3734375 0.915625 0.0953125 0.04375
1 0.45859375 0.81640625 0.10625 0.065625
1 0.534375 0.79921875 0.0953125 0.059375
1 0.88046875 0.68046875 0.071875 0.075
1 0.75 0.69453125 0.084375 0.065625
1 0.8265625 0.7125 0.08125 0.0765625
1 0.8703125 0.77578125 0.1046875 0.05625
1 0.925 0.71640625 0.084375 0.071875
1 0.9484375 0.796875 0.0921875 0.0515625
1 0.69765625 0.7390625 0.1015625 0.06875
1 0.78671875 0.7609375 0.084375 0.075
1 0.66015625 0.7921875 0.08125 0.0609375
1 0.73984375 0.79296875 0.0625 0.0671875
0 0.7015625 0.84609375 0.0734375 0.06875
1 0.775 0.846875 0.0875 0.071875
1 0.8875 0.82421875 0.084375 0.071875
1 0.92421875 0.86640625 0.071875 0.0765625
1 0.83125 0.89765625 0.09375 0.0625
1 0.746875 0.9 0.090625 0.0625
1 0.63828125 0.9 0.0890625 0.0734375
1 0.684375 0.9359375 0.075 0.078125
1 0.75234375 0.96484375 0.090625 0.0546875
1 0.53671875 0.859375 0.115625 0.0734375
1 0.60546875 0.83828125 0.0953125 0.071875
1 0.54140625 0.92109375 0.0921875 0.0625
1 0.5890625 0.96640625 0.0984375 0.0609375
1 0.4046875 0.96484375 0.10625 0.0625
1 0.4921875 0.9640625 0.084375 0.071875
1 0.86328125 0.95 0.0875 0.065625