1 0.94140625 0.96796875 0.096875 0.0625
0 0.9453125 0.87421875 0.090625 0.0703125
0 0.94765625 0.7515625 0.0734375 0.078125
0 0.95859375 0.6703125 0.0671875 0.071875
0 0.9640625 0.590625 0.071875 0.0734375
0 0.96171875 0.53359375 0.075 0.0765625
0 0.915625 0.50234375 0.071875 0.0765625
0 0.97578125 0.459375 0.046875 0.0703125
0 0.93125 0.43515625 0.0625 0.078125
0 0.959375 0.38515625 0.075 0.0796875
0 0.93359375 0.31953125 0.1 0.053125
0 0.9609375 0.26171875 0.059375 0.071875
0 0.95625 0.203125 0.084375 0.05
1 0.89765625 0.26796875 0.078125 0.059375
0 0.88046875 0.21953125 0.103125 0.05
0 0.86484375 0.17890625 0.0953125 0.0453125
0 0.93671875 0.14375 0.0703125 0.06875
1 0.9640625 0.1140625 0.071875 0.0609375
0 0.9359375 0.05 0.0984375 0.0625
0 0.878125 0.10078125 0.071875 0.084375
0 0.83828125 0.02734375 0.08125 0.053125
0 0.80234375 0.07734375 0.0625 0.06875
0 0.8109375 0.15703125 0.078125 0.071875
0 0.8 0.225 0.06875 0.06875
0 0.8078125 0.2640625 0.06875 0.059375
0 0.8578125 0.30390625 0.0734375 0.0796875
0 0.89609375 0.378125 0.065625 0.08125
0 0.821875 0.35859375 0.10625 0.053125
0 0.78515625 0.30859375 0.090625 0.0546875
0 0.87265625 0.44453125 0.075 0.071875
1 0.80078125 0.3984375 0.090625 0.065625
0 0.8875 0.56796875 0.0875 0.0703125
0 0.85234375 0.515625 0.0640625 0.0734375
0 0.81796875 0.4578125 0.06875 0.059375
0 0.88828125 0.6203125 0.06875 0.0734375
0 0.89296875 0.7046875 0.078125 0.0796875
0 0.8578125 0.6671875 0.0625 0.0734375
0 0.87734375 0.8046875 0.078125 0.075
1 0.8578125 0.8796875 0.065625 0.08125
0 0.8390625 0.94921875 0.071875 0.065625
0 0.76171875 0.934375 0.1 0.0609375
0 0.76796875 0.878125 0.0875 0.05
0 0.8140625 0.725 0.0796875 0.08125
0 0.80859375 0.6484375 0.0828125 0.071875
0 0.82421875 0.578125 0.078125 0.06875
0 0.7828125 0.49609375 0.090625 0.05625
1 0.74375 0.44921875 0.084375 0.0453125
0 0.76484375 0.5453125 0.090625 0.0640625
0 0.7203125 0.51796875 0.078125 0.0390625
0 0.696875 0.48203125 0.0796875 0.059375
0 0.70390625 0.41796875 0.103125 0.0546875
0 0.7359375 0.3609375 0.078125 0.075
0 0.72890625 0.25859375 0.0921875 0.0625
0 0.75078125 0.18515625 0.071875 0.06875
1 0.759375 0.128125 0.090625 0.053125
1 0.75390625 0.0390625 0.06875 0.071875
0 0.71875 0.0890625 0.0984375 0.05
0 0.6875 0.028125 0.0875 0.05625
1 0.6921875 0.1546875 0.071875 0.078125
1 0.70703125 0.21171875 0.0875 0.0421875
0 0.69765625 0.29765625 0.0796875 0.05
0 0.6625 0.33671875 0.084375 0.06875
0 0.6296875 0.3828125 0.0796875 0.075
1 0.640625 0.19765625 0.065625 0.059375
0 0.63203125 0.1421875 0.075 0.0578125
0 0.64296875 0.09375 0.065625 0.059375
0 0.62734375 0.03984375 0.071875 0.0578125
0 0.58671875 0.090625 0.065625 0.078125
0 0.54609375 0.0453125 0.0875 0.0421875
0 0.5 0.0921875 0.084375 0.046875
0 0.5859375 0.1640625 0.0703125 0.078125
0 0.6546875 0.25625 0.059375 0.065625
0 0.5953125 0.26796875 0.0875 0.065625
0 0.57265625 0.2359375 0.0765625 0.06875
0 0.60390625 0.3171875 0.071875 0.071875
0 0.6421875 0.44609375 0.1 0.05
0 0.6296875 0.48515625 0.0828125 0.075
0 0.65546875 0.52421875 0.059375 0.05625
1 0.69140625 0.5671875 0.05625 0.0625
0 0.72265625 0.61796875 0.1125 0.0625
0 0.71796875 0.6703125 0.0796875 0.05625
0 0.75 0.73203125 0.0734375 0.075
0 0.75546875 0.80078125 0.1 0.0703125
1 0.69140625 0.82890625 0.1 0.0640625
0 0.6765625 0.915625 0.0765625 0.0734375
0 0.6359375 0.85625 0.0921875 0.05
0 0.6671875 0.72109375 0.0875 0.06875
0 0.65859375 0.77578125 0.0984375 0.0578125
0 0.6328125 0.65546875 0.090625 0.0546875
1 0.6234375 0.5875 0.09375 0.06875
0 0.546875 0.48359375 0.075 0.0640625
0 0.4828125 0.5140625 0.1 0.059375
1 0.534375 0.49375 0.003125 0.003125
0 0.57578125 0.5375 0.109375 0.0484375
1 0.571875 0.471875 0.06875 0.071875
0 0.50625 0.4265625 0.096875 0.0484375
0 0.50703125 0.40078125 0.1078125 0.0390625
0 0.53359375 0.33125 0.0875 0.059375
0 0.52421875 0.16640625 0.071875 0.075
1 0.47109375 0.03515625 0.0796875 0.0625
0 0.46484375 0.16015625 0.0625 0.075
0 0.4671875 0.22890625 0.1 0.053125
0 0.50390625 0.2828125 0.08125 0.065625
1 0.4390625 0.27890625 0.065625 0.0515625
0 0.4609375 0.353125 0.065625 0.078125
1 0.4296875 0.3125 0.078125 0.040625
0 0.3875 0.34765625 0.096875 0.05625
0 0.403125 0.4171875 0.0921875 0.046875
0 0.3546875 0.38828125 0.103125 0.05625
0 0.4734375 0.4546875 0.071875 0.065625
0 0.55078125 0.5765625 0.08125 0.0609375
1 0.4953125 0.5515625 0.084375 0.046875
1 0.55078125 0.628125 0.090625 0.0515625
0 0.48203125 0.59296875 0.0921875 0.05
0 0.47421875 0.63671875 0.071875 0.0625
1 0.60703125 0.72734375 0.053125 0.0875
0 0.5546875 0.69765625 0.08125 0.078125
0 0.60078125 0.803125 0.0640625 0.06875
0 0.57734375 0.890625 0.103125 0.0515625
0 0.5515625 0.82578125 0.071875 0.090625
0 0.52265625 0.765625 0.096875 0.0578125
0 0.5078125 0.67421875 0.053125 0.0625
0 0.47421875 0.7234375 0.0859375 0.0453125
0 0.4453125 0.6703125 0.078125 0.06875
0 0.48203125 0.809375 0.0984375 0.0625
0 0.4546875 0.8421875 0.090625 0.0625
1 0.48203125 0.88984375 0.090625 0.059375
0 0.41640625 0.75625 0.084375 0.05625
0 0.3875 0.7984375 0.08125 0.0671875
1 0.3765625 0.8671875 0.06875 0.071875
1 0.396875 0.93984375 0.0921875 0.05625
1 0.32578125 0.9078125 0.071875 0.0765625
0 0.3921875 0.70234375 0.078125 0.05625
0 0.4109375 0.61171875 0.084375 0.0546875
0 0.390625 0.6515625 0.0546875 0.040625
1 0.415625 0.5640625 0.09375 0.05
0 0.38515625 0.53125 0.090625 0.06875
0 0.40078125 0.4734375 0.0953125 0.053125
1 0.31328125 0.47578125 0.09375 0.0625
0 0.41328125 0.03359375 0.053125 0.065625
0 0.3671875 0.0234375 0.0640625 0.046875
0 0.3140625 0.04140625 0.05625 0.08125
1 0.2359375 0.02265625 0.1140625 0.0453125
0 0.11640625 0.0421875 0.08125 0.0625
1 0.08828125 0.071875 0.09375 0.053125
0 0.07109375 0.125 0.075 0.071875
0 0.034375 0.19609375 0.0640625 0.0875
1 0.4140625 0.11953125 0.0703125 0.0765625
0 0.35703125 0.08515625 0.065625 0.0625
0 0.2640625 0.084375 0.0625 0.0875
0 0.1953125 0.07890625 0.075 0.06875
0 0.403125 0.18359375 0.0703125 0.075
1 0.3515625 0.153125 0.053125 0.08125
1 0.30625 0.13984375 0.059375 0.071875
1 0.2421875 0.1609375 0.0640625 0.06875
1 0.209375 0.13515625 0.0625 0.075
0 0.1421875 0.13515625 0.059375 0.06875
0 0.10859375 0.20546875 0.075 0.075
0 0.16875 0.1984375 0.0625 0.0625
0 0.20859375 0.21796875 0.053125 0.059375
1 0.2578125 0.23125 0.05625 0.08125
0 0.31484375 0.2 0.075 0.0421875
0 0.39765625 0.2578125 0.0546875 0.0640625
0 0.36015625 0.234375 0.071875 0.0734375
0 0.2984375 0.25625 0.0609375 0.071875
0 0.353125 0.29453125 0.0703125 0.053125
0 0.27734375 0.29765625 0.096875 0.059375
1 0.29921875 0.35390625 0.1 0.059375
0 0.184375 0.28359375 0.059375 0.071875
0 0.11953125 0.25859375 0.08125 0.0625
0 0.0421875 0.26796875 0.084375 0.05625
0 0.215625 0.33125 0.075 0.0671875
1 0.1265625 0.3234375 0.0703125 0.078125
0 0.04375 0.31640625 0.0875 0.0546875
0 0.2421875 0.40703125 0.06875 0.0765625
0 0.16875 0.36640625 0.071875 0.06875
0 0.0703125 0.3625 0.0578125 0.075
0 0.125 0.396875 0.0609375 0.08125
0 0.17890625 0.4390625 0.0609375 0.078125
0 0.01953125 0.37109375 0.0375 0.0484375
1 0.06796875 0.43046875 0.08125 0.075
0 0.134375 0.4671875 0.075 0.06875
0 0.06875 0.4859375 0.090625 0.0625
0 0.265625 0.4765625 0.059375 0.06875
1 0.21796875 0.51171875 0.0703125 0.084375
1 0.153125 0.5359375 0.06875 0.071875
1 0.10546875 0.52734375 0.0671875 0.071875
1 0.31328125 0.534375 0.065625 0.0671875
0 0.26328125 0.55546875 0.06875 0.06875
0 0.328125 0.5890625 0.0875 0.0546875
0 0.34140625 0.64609375 0.075 0.075
0 0.2609375 0.60703125 0.078125 0.0546875
0 0.18984375 0.58046875 0.1 0.0578125
0 0.1125 0.58828125 0.0828125 0.053125
0 0.0515625 0.5546875 0.071875 0.065625
1 0.0375 0.58984375 0.075 0.053125
0 0.21015625 0.62265625 0.06875 0.0578125
1 0.34921875 0.70859375 0.075 0.06875
0 0.2859375 0.66171875 0.0625 0.084375
0 0.30234375 0.73359375 0.08125 0.075
0 0.2125 0.67734375 0.0984375 0.059375
1 0.15 0.6390625 0.0609375 0.078125
0 0.1015625 0.66171875 0.05 0.0890625
0 0.05625 0.65625 0.0609375 0.096875
0 0.0265625 0.6859375 0.053125 0.0734375
0 0.02578125 0.753125 0.05 0.071875
0 0.23828125 0.73515625 0.0703125 0.06875
0 0.18203125 0.7046875 0.078125 0.0703125
0 0.31953125 0.80625 0.0859375 0.0765625
1 0.2640625 0.9140625 0.065625 0.0703125
0 0.228125 0.86484375 0.0890625 0.046875
0 0.26640625 0.8265625 0.0625 0.0640625
0 0.2359375 0.7734375 0.0859375 0.0515625
1 0.20234375 0.8125 0.09375 0.0640625
0 0.1640625 0.7546875 0.05 0.065625
0 0.125 0.71484375 0.0578125 0.0671875
0 0.1046875 0.765625 0.084375 0.0640625
1 0.11796875 0.81796875 0.1 0.0578125
0 0.06875 0.8546875 0.0625 0.06875
0 0.0171875 0.4796875 0.034375 0.078125
0 0.0203125 0.4140625 0.040625 0.05625