1 0.02890625 0.0578125 0.0578125 0.06875
0 0.040625 0.13203125 0.05234375 0.1078125
1 0.01015625 0.1578125 0.01953125 0.103125
0 0.13984375 0.07734375 0.08203125 0.075
1 0.13515625 0.01953125 0.0578125 0.0390625
0 0.18671875 0.025 0.0671875 0.05
0 0.21171875 0.05859375 0.07109375 0.05390625
0 0.2703125 0.03046875 0.05625 0.059375
0 0.21328125 0.1140625 0.078125 0.06484375
0 0.2984375 0.0859375 0.09921875 0.06875
0 0.34296875 0.02265625 0.071875 0.04453125
1 0.4140625 0.03125 0.08125 0.0625
0 0.4890625 0.03515625 0.08046875 0.06953125
0 0.55625 0.0359375 0.07578125 0.07109375
0 0.60546875 0.03046875 0.0734375 0.06015625
0 0.70078125 0.03125 0.0796875 0.0625
0 0.91171875 0.025 0.0828125 0.05
1 0.80390625 0.021875 0.0515625 0.04375
1 0.853125 0.05703125 0.06171875 0.08203125
0 0.8265625 0.0859375 0.06484375 0.09609375
0 0.8953125 0.10234375 0.04765625 0.10859375
0 0.95859375 0.0703125 0.06953125 0.06484375
0 0.96640625 0.17890625 0.06171875 0.075
0 0.88359375 0.18828125 0.0453125 0.078125
0 0.9 0.2421875 0.06953125 0.071875
1 0.83125 0.16640625 0.078125 0.06953125
0 0.78359375 0.11640625 0.04609375 0.08046875
0 0.771875 0.178125 0.06640625 0.06015625
1 0.7265625 0.13359375 0.06171875 0.0765625
0 0.6671875 0.0859375 0.0625 0.0734375
0 0.60234375 0.08125 0.0765625 0.065625
0 0.66015625 0.1484375 0.071875 0.0921875
0 0.5921875 0.14296875 0.06953125 0.0609375
0 0.5015625 0.08515625 0.06953125 0.0640625
0 0.5296875 0.12421875 0.075 0.090625
0 0.4421875 0.06953125 0.06875 0.06484375
0 0.46875 0.13359375 0.065625 0.08671875
1 0.36796875 0.1078125 0.065625 0.09453125
0 0.41640625 0.1484375 0.0546875 0.09765625
0 0.3234375 0.165625 0.059375 0.1
1 0.24921875 0.175 0.07890625 0.06875
0 0.11015625 0.13828125 0.0609375 0.0828125
0 0.16015625 0.146875 0.053125 0.06953125
1 0.1109375 0.209375 0.08203125 0.08828125
0 0.175 0.2203125 0.059375 0.09921875
0 0.26171875 0.23359375 0.04609375 0.09609375
0 0.2234375 0.25546875 0.04765625 0.10390625
0 0.30703125 0.25390625 0.05859375 0.10625
1 0.3671875 0.19453125 0.0578125 0.08828125
0 0.40546875 0.23203125 0.08125 0.0796875
1 0.49296875 0.20390625 0.08984375 0.07109375
0 0.59140625 0.20546875 0.08125 0.0703125
0 0.653125 0.2109375 0.06953125 0.0703125
1 0.7234375 0.21015625 0.0671875 0.07421875
1 0.7890625 0.23515625 0.0796875 0.0703125
1 0.9484375 0.29609375 0.05 0.084375
1 0.91015625 0.3234375 0.04453125 0.09453125
0 0.85078125 0.32578125 0.0484375 0.08203125
0 0.796875 0.29296875 0.07578125 0.07578125
0 0.74765625 0.31171875 0.05703125 0.08125
0 0.6890625 0.26640625 0.08125 0.06328125
0 0.6875 0.3203125 0.07265625 0.05625
0 0.62734375 0.28828125 0.05546875 0.08359375
0 0.584375 0.3125 0.04921875 0.10234375
0 0.53203125 0.25390625 0.05234375 0.0921875
0 0.46953125 0.271875 0.0765625 0.08046875
0 0.38828125 0.3125 0.0765625 0.08125
0 0.515625 0.33984375 0.07265625 0.09765625
0 0.325 0.33515625 0.05859375 0.09765625
0 0.2515625 0.31484375 0.0796875 0.0625
0 0.17265625 0.30390625 0.06796875 0.078125
0 0.2015625 0.36484375 0.0578125 0.09296875
0 0.1484375 0.40078125 0.0640625 0.10078125
0 0.10078125 0.38359375 0.046875 0.1
0 0.25234375 0.37890625 0.07109375 0.06953125
0 0.30390625 0.40546875 0.05703125 0.078125
1 0.38046875 0.3859375 0.08671875 0.078125
0 0.4515625 0.40546875 0.0796875 0.059375
0 0.515625 0.4171875 0.0578125 0.06328125
1 0.58125 0.38984375 0.07421875 0.0546875
1 0.6328125 0.35703125 0.06640625 0.0765625
1 0.71796875 0.37109375 0.07578125 0.0625
1 0.78828125 0.3828125 0.059375 0.09765625
1 0.846875 0.390625 0.0640625 0.08515625
0 0.9109375 0.4109375 0.06484375 0.0828125
0 0.97265625 0.39765625 0.0546875 0.0640625
0 0.95390625 0.490625 0.0578125 0.09765625
1 0.88984375 0.47265625 0.071875 0.0828125
0 0.81171875 0.4578125 0.08203125 0.065625
1 0.715625 0.43671875 0.0765625 0.06484375
1 0.64609375 0.4203125 0.0734375 0.06171875
1 0.58984375 0.46484375 0.06171875 0.08984375
0 0.5421875 0.4796875 0.06484375 0.0875
0 0.47890625 0.503125 0.08125 0.08984375
1 0.465625 0.440625 0.059375 0.0515625
1 0.4125 0.44765625 0.0640625 0.08515625
1 0.3265625 0.48359375 0.06328125 0.1
1 0.2625 0.471875 0.05859375 0.0859375
1 0.20546875 0.46953125 0.06015625 0.09140625
1 0.17734375 0.55078125 0.08125 0.06796875
0 0.2546875 0.54609375 0.08125 0.06796875
0 0.32890625 0.56484375 0.08515625 0.0625
1 0.40234375 0.56328125 0.06328125 0.0609375
0 0.44921875 0.559375 0.05546875 0.0984375
0 0.51796875 0.584375 0.08203125 0.08046875
0 0.56796875 0.546875 0.06796875 0.06484375
0 0.65703125 0.49140625 0.06796875 0.07421875
0 0.71875 0.49921875 0.06640625 0.07109375
0 0.76953125 0.4890625 0.0640625 0.084375
1 0.85078125 0.509375 0.05625 0.07109375
0 0.9265625 0.54375 0.06171875 0.078125
0 0.97109375 0.57578125 0.05703125 0.1015625
0 0.88125 0.5921875 0.06484375 0.08671875
0 0.93671875 0.6640625 0.0578125 0.0984375
1 0.9796875 0.65546875 0.040625 0.0734375
0 0.80625 0.58515625 0.06953125 0.06484375
1 0.83984375 0.65859375 0.06484375 0.096875
1 0.75546875 0.5640625 0.05703125 0.09609375
0 0.7015625 0.56875 0.0734375 0.08046875
0 0.64296875 0.57421875 0.05625 0.0890625
0 0.5953125 0.62578125 0.06875 0.08671875
1 0.54609375 0.6484375 0.06953125 0.0703125
1 0.4625 0.66328125 0.0703125 0.0875
0 0.51484375 0.7 0.06875 0.07109375
0 0.4140625 0.6265625 0.0859375 0.0703125
1 0.3484375 0.64375 0.05546875 0.09765625
0 0.290625 0.6234375 0.07421875 0.0828125
0 0.2296875 0.60390625 0.059375 0.08359375
0 0.24609375 0.66328125 0.0875 0.06796875
1 0.18828125 0.63125 0.053125 0.096875
1 0.16328125 0.7 0.0703125 0.08515625
1 0.18359375 0.8359375 0.0546875 0.10546875
1 0.234375 0.79453125 0.06171875 0.0859375
1 0.23046875 0.89609375 0.0765625 0.05546875
0 0.28671875 0.83046875 0.05625 0.1046875
1 0.33515625 0.7953125 0.0703125 0.09296875
1 0.36953125 0.759375 0.05234375 0.08359375
0 0.40859375 0.7109375 0.0578125 0.08984375
1 0.33515625 0.87421875 0.078125 0.06328125
1 0.45625 0.74375 0.05859375 0.08671875
0 0.51328125 0.7671875 0.0765625 0.06640625
0 0.59140625 0.715625 0.08515625 0.07578125
1 0.65 0.66328125 0.05703125 0.09375
0 0.71015625 0.64296875 0.07890625 0.07734375
1 0.7875 0.65546875 0.0515625 0.08828125
0 0.7453125 0.709375 0.05546875 0.07578125
0 0.78515625 0.7515625 0.0515625 0.09375
1 0.83125 0.76484375 0.05625 0.078125
0 0.878125 0.759375 0.04609375 0.09453125
1 0.9109375 0.8 0.04453125 0.0875
0 0.95703125 0.83515625 0.05859375 0.09609375
0 0.98046875 0.89609375 0.0390625 0.096875
1 0.90390625 0.91171875 0.06796875 0.071875
0 0.93984375 0.95859375 0.0796875 0.06875
1 0.8640625 0.84609375 0.0546875 0.09765625
0 0.8046875 0.8296875 0.0765625 0.07578125
1 0.82734375 0.915625 0.08984375 0.06875
1 0.7671875 0.87734375 0.0546875 0.0875
1 0.79140625 0.978125 0.0703125 0.04296875
0 0.67265625 0.721875 0.06171875 0.0859375
0 0.7078125 0.78515625 0.05625 0.09453125
0 0.71953125 0.88203125 0.0578125 0.09140625
1 0.7234375 0.9625 0.06953125 0.075
1 0.63515625 0.7796875 0.0796875 0.07734375
0 0.6671875 0.87421875 0.06015625 0.09140625
0 0.67890625 0.9578125 0.05859375 0.08359375
1 0.6203125 0.85078125 0.05703125 0.08515625
0 0.6328125 0.91875 0.0671875 0.0671875
0 0.5703125 0.79921875 0.0734375 0.08125
0 0.56015625 0.890625 0.05703125 0.08125
0 0.57421875 0.96328125 0.0734375 0.0734375
0 0.50703125 0.8359375 0.06953125 0.07890625
1 0.48359375 0.890625 0.07578125 0.059375
1 0.4984375 0.96484375 0.05859375 0.06953125
0 0.4390625 0.93828125 0.075 0.0625
1 0.43515625 0.83125 0.071875 0.0625
0 0.41015625 0.88046875 0.065625 0.07578125
0 0.296875 0.9671875 0.07578125 0.065625
0 0.38515625 0.51171875 0.078125 0.06640625