1 0.1484375 0.13515625 0.0765625 0.096875
1 0.13203125 0.0609375 0.06796875 0.1015625
1 0.21640625 0.10859375 0.07265625 0.0953125
0 0.27578125 0.10546875 0.07734375 0.11640625
1 0.20078125 0.19140625 0.06953125 0.08828125
1 0.18203125 0.290625 0.11171875 0.090625
1 0.13125 0.4171875 0.08046875 0.09921875
0 0.09765625 0.57734375 0.0609375 0.0921875
1 0.09296875 0.67734375 0.09140625 0.0828125
1 0.17109375 0.5046875 0.06796875 0.103125
1 0.2125 0.4609375 0.0625 0.1140625
1 0.1859375 0.3734375 0.06484375 0.09296875
1 0.24296875 0.23828125 0.0578125 0.096875
1 0.2828125 0.184375 0.075 0.084375
1 0.33046875 0.15625 0.07421875 0.0859375
1 0.325 0.07890625 0.0796875 0.0890625
0 0.4125 0.17578125 0.09453125 0.0859375
1 0.40859375 0.10859375 0.084375 0.0796875
1 0.39609375 0.0546875 0.09296875 0.08984375
1 0.334375 0.27734375 0.0765625 0.08671875
1 0.3546875 0.2171875 0.071875 0.0765625
1 0.26328125 0.43515625 0.06796875 0.0921875
1 0.29140625 0.390625 0.0609375 0.09765625
1 0.28828125 0.3171875 0.084375 0.090625
1 0.23359375 0.3453125 0.07265625 0.09453125
1 0.25 0.53515625 0.08828125 0.07890625
1 0.30625 0.5015625 0.0578125 0.084375
1 0.34609375 0.40703125 0.05546875 0.08515625
1 0.41875 0.509375 0.08125 0.1
1 0.42265625 0.4359375 0.0875 0.07421875
1 0.4078125 0.3734375 0.0796875 0.09296875
1 0.41328125 0.275 0.08203125 0.09609375
1 0.46171875 0.31796875 0.0765625 0.0765625
1 0.4859375 0.25078125 0.06640625 0.10859375
1 0.53828125 0.26953125 0.06640625 0.11328125
1 0.47734375 0.15 0.06328125 0.10078125
1 0.475 0.04765625 0.059375 0.09453125
1 0.5296875 0.10703125 0.06640625 0.11875
1 0.5546875 0.1765625 0.08359375 0.08125
1 0.6109375 0.1140625 0.075 0.0734375
1 0.6078125 0.05859375 0.09375 0.07734375
1 0.60625 0.2375 0.06640625 0.09140625
1 0.64375 0.16796875 0.07421875 0.09921875
1 0.53515625 0.4640625 0.059375 0.10234375
1 0.56796875 0.38515625 0.0796875 0.0828125
1 0.5890625 0.31875 0.084375 0.07734375
1 0.4796875 0.46640625 0.0578125 0.09296875
1 0.49140625 0.38515625 0.0859375 0.07734375
1 0.70625 0.3125 0.0828125 0.0875
1 0.6875 0.2421875 0.08359375 0.07890625
1 0.7125 0.15625 0.06171875 0.1125
1 0.6890625 0.07890625 0.07578125 0.09140625
1 0.7703125 0.17265625 0.0671875 0.103125
1 0.7671875 0.08203125 0.08671875 0.06953125
1 0.7546875 0.2546875 0.078125 0.09765625
1 0.64453125 0.37109375 0.06015625 0.1046875
1 0.69375 0.41015625 0.08203125 0.10390625
1 0.34140625 0.6125 0.07421875 0.10625
1 0.37109375 0.553125 0.08046875 0.0734375
1 0.35859375 0.48828125 0.08125 0.0734375
1 0.2734375 0.621875 0.08671875 0.0796875
1 0.1671875 0.703125 0.06796875 0.0953125
1 0.21796875 0.771875 0.07109375 0.0984375
1 0.17109375 0.81328125 0.08125 0.08359375
1 0.20390625 0.8859375 0.07265625 0.10234375
1 0.25546875 0.71640625 0.06875 0.0953125
1 0.27421875 0.8296875 0.065625 0.09296875
1 0.30859375 0.78671875 0.0671875 0.09765625
1 0.315625 0.684375 0.0609375 0.09296875
1 0.36953125 0.66015625 0.06171875 0.07421875
1 0.4109375 0.70625 0.06484375 0.10703125
0 0.421875 0.628125 0.0734375 0.08828125
0 0.38125 0.81875 0.08203125 0.090625
1 0.36328125 0.74765625 0.07890625 0.08671875
1 0.3359375 0.8734375 0.06875 0.10234375
1 0.2734375 0.94609375 0.07421875 0.1078125
1 0.359375 0.94140625 0.06484375 0.0984375
1 0.42109375 0.91171875 0.065625 0.1078125
1 0.46875 0.871875 0.0578125 0.11796875
1 0.521875 0.82734375 0.07734375 0.09453125
1 0.52421875 0.71171875 0.05625 0.109375
1 0.4375 0.77109375 0.0765625 0.103125
1 0.46484375 0.6875 0.05546875 0.103125
1 0.4875 0.61328125 0.07578125 0.0890625
1 0.46875 0.5609375 0.07578125 0.0859375
1 0.58125 0.490625 0.071875 0.1078125
1 0.5546875 0.621875 0.0734375 0.08125
1 0.54609375 0.5609375 0.075 0.0796875
1 0.61875 0.65078125 0.065625 0.10546875
1 0.6125 0.571875 0.0734375 0.1109375
1 0.65078125 0.49140625 0.07109375 0.096875
1 0.68203125 0.56640625 0.075 0.090625
1 0.571875 0.72734375 0.08828125 0.090625
1 0.609375 0.7953125 0.08828125 0.090625
1 0.565625 0.8859375 0.075 0.1046875
1 0.621875 0.92265625 0.078125 0.08671875
1 0.6828125 0.9 0.06875 0.109375
1 0.6875 0.80078125 0.0703125 0.090625
1 0.66640625 0.740625 0.0796875 0.090625
1 0.68984375 0.653125 0.06953125 0.08984375
1 0.74765625 0.62734375 0.0796875 0.1046875
1 0.7640625 0.5453125 0.0765625 0.1
1 0.74609375 0.45546875 0.06171875 0.109375
1 0.7703125 0.33984375 0.07578125 0.1078125
1 0.8171875 0.26328125 0.065625 0.1046875
1 0.825 0.16171875 0.06015625 0.1109375
1 0.8484375 0.075 0.084375 0.078125
1 0.86796875 0.4296875 0.06875 0.10625
1 0.8671875 0.34140625 0.08828125 0.08125
1 0.8765625 0.2703125 0.078125 0.08984375
1 0.87734375 0.19609375 0.07890625 0.0875
1 0.89140625 0.13359375 0.0859375 0.09375
1 0.8078125 0.4765625 0.06875 0.11640625
1 0.8203125 0.3953125 0.0609375 0.1125
1 0.89453125 0.47890625 0.06640625 0.10703125
1 0.9546875 0.44375 0.08046875 0.103125
1 0.934375 0.3734375 0.08671875 0.08984375
1 0.94609375 0.3109375 0.0859375 0.10859375
1 0.9390625 0.2265625 0.07421875 0.09375
1 0.96171875 0.13125 0.0703125 0.11484375
1 0.9625 0.04296875 0.06171875 0.0859375
1 0.8828125 0.6296875 0.0875 0.08515625
1 0.88359375 0.5640625 0.06953125 0.078125
1 0.82109375 0.5921875 0.06328125 0.09921875
1 0.796875 0.753125 0.06875 0.09921875
1 0.82265625 0.67734375 0.0828125 0.08046875
1 0.765625 0.70390625 0.0609375 0.12265625
1 0.7484375 0.79140625 0.053125 0.10078125
1 0.87890625 0.740625 0.08515625 0.07890625
1 0.93671875 0.6046875 0.06328125 0.10703125
1 0.86171875 0.8859375 0.0703125 0.09765625
1 0.84921875 0.815625 0.07578125 0.07421875
1 0.74609375 0.9046875 0.0546875 0.09921875
1 0.8 0.9109375 0.07578125 0.0921875
1 0.79609375 0.8359375 0.0703125 0.08671875
1 0.9203125 0.84140625 0.07421875 0.09765625
1 0.96796875 0.88828125 0.0640625 0.1
1 0.51953125 0.9453125 0.0734375 0.109375