1 0.05 0.07578125 0.06953125 0.12109375
1 0.05390625 0.159375 0.0796875 0.0828125
1 0.03046875 0.3171875 0.0609375 0.09296875
1 0.04765625 0.2625 0.06953125 0.103125
1 0.1265625 0.10625 0.09609375 0.078125
1 0.121875 0.040625 0.0765625 0.08125
1 0.19375 0.08125 0.08828125 0.08671875
1 0.17109375 0.15234375 0.09453125 0.08515625
1 0.24609375 0.23359375 0.09140625 0.071875
1 0.2390625 0.16875 0.1015625 0.08203125
1 0.2609375 0.10078125 0.06328125 0.10546875
1 0.3375 0.1203125 0.09296875 0.09296875
1 0.3046875 0.05859375 0.0609375 0.08046875
1 0.15625 0.2796875 0.0796875 0.08203125
1 0.175 0.22578125 0.08671875 0.06875
1 0.07109375 0.4015625 0.07578125 0.10703125
1 0.1 0.33515625 0.07265625 0.10703125
1 0.15625 0.559375 0.059375 0.1046875
1 0.14765625 0.48203125 0.08671875 0.07734375
1 0.1359375 0.4171875 0.07421875 0.1015625
1 0.05546875 0.50234375 0.0640625 0.10625
1 0.1203125 0.71484375 0.0734375 0.12578125
1 0.1125 0.6328125 0.0734375 0.0984375
1 0.10234375 0.5578125 0.078125 0.10234375
1 0.20625 0.52109375 0.09453125 0.09765625
1 0.0375 0.62578125 0.07421875 0.10625
1 0.05546875 0.71796875 0.0640625 0.11796875
1 0.171875 0.6640625 0.06328125 0.11484375
1 0.171875 0.76875 0.06328125 0.1046875
1 0.225 0.7109375 0.065625 0.1078125
1 0.21953125 0.6234375 0.071875 0.0953125
1 0.28359375 0.65546875 0.07734375 0.09921875
1 0.31171875 0.58671875 0.0875 0.08125
1 0.26875 0.5203125 0.0640625 0.1109375
1 0.23359375 0.44296875 0.06875 0.07890625
1 0.2046875 0.35234375 0.075 0.09609375
1 0.2921875 0.4484375 0.06875 0.09609375
1 0.2296875 0.29375 0.078125 0.0875
1 0.31171875 0.278125 0.06953125 0.0953125
1 0.2921875 0.1953125 0.046875 0.0890625
1 0.365625 0.26875 0.0734375 0.11640625
1 0.36328125 0.19375 0.09609375 0.08359375
1 0.41875 0.1421875 0.0703125 0.0859375
1 0.396875 0.06015625 0.05546875 0.08671875
1 0.44765625 0.05 0.05859375 0.09921875
1 0.50234375 0.04765625 0.0609375 0.09453125
1 0.478125 0.2703125 0.06796875 0.0921875
1 0.49375 0.19609375 0.0984375 0.1046875
1 0.48125 0.1234375 0.08203125 0.07890625
1 0.434375 0.2265625 0.06328125 0.09609375
1 0.40703125 0.32421875 0.065625 0.10546875
1 0.34921875 0.53984375 0.09140625 0.07578125
1 0.36796875 0.46171875 0.075 0.0734375
1 0.35 0.42109375 0.071875 0.06640625
1 0.33515625 0.3609375 0.08359375 0.06796875
1 0.26328125 0.3703125 0.0609375 0.1125
1 0.3546875 0.66640625 0.0734375 0.08671875
1 0.38984375 0.6125 0.06328125 0.10625
1 0.3359375 0.75546875 0.0703125 0.08203125
1 0.503125 0.64296875 0.06328125 0.09921875
1 0.5125 0.56640625 0.07109375 0.10625
1 0.52890625 0.51328125 0.0703125 0.08515625
1 0.4203125 0.50078125 0.05859375 0.109375
1 0.4734375 0.4765625 0.06171875 0.109375
1 0.44453125 0.3953125 0.07578125 0.09375
1 0.52109375 0.4171875 0.0828125 0.084375
1 0.46953125 0.33984375 0.0671875 0.07421875
1 0.54375 0.33515625 0.07890625 0.096875
1 0.55703125 0.271875 0.07734375 0.10546875
1 0.5890625 0.2140625 0.0703125 0.084375
1 0.54921875 0.153125 0.06640625 0.1125
1 0.534375 0.07890625 0.07109375 0.09453125
1 0.6078125 0.4890625 0.08515625 0.09921875
1 0.6015625 0.40703125 0.07578125 0.08359375
1 0.62578125 0.33046875 0.08125 0.08515625
1 0.63046875 0.25078125 0.059375 0.08671875
1 0.628125 0.1828125 0.071875 0.090625
1 0.6140625 0.1140625 0.07578125 0.08046875
1 0.596875 0.04453125 0.06328125 0.0890625
1 0.68125 0.1796875 0.0546875 0.10078125
1 0.68359375 0.09765625 0.06015625 0.10625
1 0.703125 0.27578125 0.0765625 0.103125
1 0.72890625 0.15859375 0.08046875 0.08828125
1 0.75 0.2359375 0.07109375 0.09609375
1 0.76328125 0.128125 0.06796875 0.0890625
1 0.75390625 0.0671875 0.07109375 0.08515625
1 0.846875 0.13828125 0.09296875 0.0765625
1 0.82109375 0.08515625 0.06171875 0.103125
1 0.82109375 0.23359375 0.065625 0.1109375
1 0.72421875 0.434375 0.06953125 0.0859375
1 0.7703125 0.3953125 0.0671875 0.090625
1 0.81796875 0.3734375 0.06640625 0.09296875
1 0.853125 0.3234375 0.071875 0.09375
1 0.915625 0.2171875 0.06796875 0.103125
1 0.92890625 0.1359375 0.065625 0.10234375
1 0.8828125 0.07265625 0.065625 0.1015625
1 0.975 0.0890625 0.05 0.096875
1 0.97265625 0.1859375 0.05390625 0.096875
1 0.925 0.35546875 0.0625 0.11875
1 0.97109375 0.27421875 0.0578125 0.09453125
1 0.66640625 0.4015625 0.06484375 0.109375
1 0.62734375 0.59296875 0.0703125 0.10625
1 0.678125 0.62734375 0.0734375 0.103125
1 0.67109375 0.54453125 0.071875 0.0953125
1 0.67734375 0.47734375 0.08671875 0.08125
1 0.8171875 0.6546875 0.07421875 0.0828125
1 0.803125 0.58984375 0.07109375 0.08984375
1 0.78828125 0.51875 0.06328125 0.08203125
1 0.81875 0.453125 0.090625 0.078125
1 0.8859375 0.38984375 0.05546875 0.09609375
1 0.96875 0.4703125 0.05625 0.1203125
1 0.8984375 0.47109375 0.08671875 0.07578125
1 0.84453125 0.521875 0.05703125 0.08125
1 0.734375 0.55078125 0.0671875 0.11015625
1 0.57109375 0.565625 0.06640625 0.1046875
1 0.4546875 0.56796875 0.05859375 0.109375
1 0.4546875 0.66328125 0.05859375 0.11640625
1 0.46953125 0.7390625 0.09453125 0.075
1 0.55625 0.68359375 0.0625 0.1078125
1 0.6125 0.69375 0.0625 0.10859375
1 0.5328125 0.81171875 0.0640625 0.1171875
1 0.565625 0.75703125 0.059375 0.08125
1 0.428125 0.91953125 0.06953125 0.11953125
1 0.4453125 0.83828125 0.07265625 0.0984375
1 0.2953125 0.86015625 0.08515625 0.0890625
1 0.23828125 0.9546875 0.08203125 0.08984375
1 0.35859375 0.91640625 0.0796875 0.084375
1 0.4921875 0.9015625 0.05703125 0.1046875
1 0.54921875 0.93203125 0.07265625 0.11953125
1 0.6046875 0.82109375 0.0734375 0.1015625
1 0.68671875 0.69453125 0.08515625 0.08515625
1 0.753125 0.6453125 0.075 0.08359375
1 0.88203125 0.57890625 0.06953125 0.08828125
1 0.96875 0.6515625 0.06015625 0.10234375
1 0.8484375 0.8578125 0.0625 0.1140625
1 0.84765625 0.7703125 0.05546875 0.09609375
1 0.89140625 0.7 0.059375 0.1171875
1 0.76796875 0.734375 0.0765625 0.09296875
1 0.70625 0.81796875 0.06796875 0.0828125
1 0.7453125 0.86953125 0.05703125 0.1078125
1 0.7921875 0.8375 0.06015625 0.09296875
1 0.90703125 0.8140625 0.05625 0.1140625
1 0.9609375 0.76484375 0.06015625 0.1109375