1 0.965625 0.03828125 0.06875 0.059375
0 0.975 0.10234375 0.05 0.075
0 0.93671875 0.0875 0.059375 0.075
0 0.89375 0.15390625 0.09375 0.0546875
0 0.87890625 0.10234375 0.075 0.078125
0 0.96328125 0.1828125 0.0734375 0.0765625
0 0.96484375 0.2609375 0.0703125 0.06875
0 0.97890625 0.315625 0.040625 0.053125
0 0.928125 0.31640625 0.078125 0.096875
0 0.82578125 0.2046875 0.0796875 0.078125
0 0.72421875 0.07578125 0.075 0.071875
0 0.746875 0.1265625 0.0734375 0.0765625
0 0.6890625 0.16640625 0.0703125 0.0859375
0 0.62890625 0.18515625 0.065625 0.0828125
0 0.56953125 0.15859375 0.0921875 0.0640625
0 0.64296875 0.071875 0.065625 0.078125
0 0.61875 0.121875 0.0875 0.05
0 0.55234375 0.08203125 0.096875 0.06875
1 0.87734375 0.04375 0.10625 0.059375
1 0.79609375 0.08125 0.084375 0.0703125
1 0.778125 0.02265625 0.109375 0.0453125
1 0.678125 0.0234375 0.1125 0.046875
0 0.88046875 0.221875 0.0671875 0.075
1 0.92265625 0.0140625 0.059375 0.028125
0 0.87109375 0.31875 0.059375 0.071875
0 0.80546875 0.2859375 0.08125 0.071875
0 0.75546875 0.209375 0.078125 0.0453125
0 0.75859375 0.2515625 0.0921875 0.04375
0 0.68359375 0.23828125 0.0875 0.0671875
0 0.7203125 0.2828125 0.084375 0.0578125
0 0.8203125 0.359375 0.0609375 0.06875
1 0.97734375 0.3875 0.0453125 0.08125
1 0.91640625 0.38125 0.0796875 0.05625
1 0.9515625 0.44453125 0.06875 0.084375
1 0.8921875 0.43671875 0.06875 0.0734375
0 0.825 0.409375 0.0875 0.0421875
0 0.81484375 0.453125 0.0875 0.053125
0 0.7671875 0.3484375 0.059375 0.0765625
0 0.74140625 0.42265625 0.096875 0.08125
0 0.86484375 0.5015625 0.075 0.078125
0 0.93828125 0.50390625 0.0890625 0.0453125
0 0.95078125 0.54609375 0.0765625 0.065625
0 0.903125 0.61171875 0.084375 0.0703125
0 0.96875 0.5828125 0.0625 0.075
0 0.934375 0.64609375 0.0875 0.0546875
0 0.97734375 0.6796875 0.0453125 0.0625
0 0.9625 0.76328125 0.075 0.0578125
0 0.84296875 0.678125 0.10625 0.05
0 0.83359375 0.6234375 0.078125 0.0765625
0 0.76171875 0.6328125 0.0828125 0.065625
0 0.82421875 0.5578125 0.075 0.059375
0 0.75625 0.5703125 0.08125 0.065625
0 0.88046875 0.56171875 0.075 0.0671875
0 0.87265625 0.73203125 0.078125 0.0671875
0 0.92109375 0.70625 0.059375 0.065625
0 0.88203125 0.7875 0.084375 0.0578125
1 0.928125 0.82265625 0.0640625 0.0703125
1 0.971875 0.81640625 0.05625 0.078125
1 0.98515625 0.87265625 0.0296875 0.0609375
1 0.97890625 0.928125 0.0421875 0.053125
1 0.90390625 0.9390625 0.0875 0.0546875
0 0.8890625 0.8890625 0.0984375 0.05625
0 0.80390625 0.85625 0.065625 0.0796875
0 0.8046875 0.77890625 0.08125 0.071875
0 0.778125 0.72421875 0.1 0.0625
0 0.71328125 0.7953125 0.078125 0.0828125
0 0.72421875 0.88359375 0.0875 0.0625
0 0.62265625 0.25234375 0.0515625 0.0625
0 0.646875 0.30703125 0.08125 0.0625
0 0.6484375 0.3609375 0.078125 0.0625
0 0.68671875 0.396875 0.090625 0.065625
0 0.67421875 0.46640625 0.0875 0.0640625
0 0.7390625 0.4953125 0.0765625 0.0796875
0 0.66640625 0.540625 0.096875 0.0625
1 0.79296875 0.509375 0.071875 0.071875
1 0.70859375 0.33671875 0.065625 0.06875
1 0.61171875 0.41171875 0.08125 0.0484375
1 0.59375 0.45390625 0.09375 0.0515625
0 0.6265625 0.503125 0.0953125 0.053125
1 0.69375 0.60390625 0.071875 0.075
1 0.7171875 0.67109375 0.10625 0.0578125
1 0.69296875 0.72265625 0.0671875 0.05625
1 0.78984375 0.9484375 0.08125 0.0671875
1 0.69921875 0.934375 0.1125 0.059375
0 0.7015625 0.9765625 0.1 0.046875
0 0.65390625 0.859375 0.05625 0.0671875
0 0.61015625 0.92109375 0.090625 0.05625
0 0.59453125 0.98046875 0.096875 0.0390625
0 0.621875 0.73828125 0.06875 0.08125
0 0.62421875 0.67265625 0.09375 0.0578125
0 0.628125 0.615625 0.065625 0.0640625
0 0.5859375 0.57578125 0.078125 0.078125
0 0.5640625 0.6109375 0.059375 0.05625
0 0.546875 0.671875 0.065625 0.08125
0 0.56640625 0.73515625 0.06875 0.0625
0 0.5296875 0.79453125 0.06875 0.071875
0 0.46640625 0.7828125 0.0625 0.059375
1 0.61484375 0.7890625 0.1 0.0625
0 0.5953125 0.84765625 0.0828125 0.078125
1 0.5328125 0.89921875 0.075 0.071875
1 0.509375 0.840625 0.0828125 0.06875
0 0.46328125 0.94296875 0.084375 0.05625
1 0.503125 0.9796875 0.090625 0.040625
1 0.46484375 0.8828125 0.071875 0.071875
0 0.43203125 0.834375 0.084375 0.0625
0 0.3921875 0.89296875 0.0796875 0.06875
0 0.365625 0.96328125 0.096875 0.05
0 0.31640625 0.934375 0.0921875 0.0515625
0 0.31328125 0.8765625 0.0734375 0.0609375
0 0.23515625 0.87578125 0.0796875 0.0578125
0 0.50546875 0.72890625 0.0625 0.0734375
0 0.43125 0.69765625 0.0734375 0.075
0 0.4171875 0.765625 0.0625 0.0765625
0 0.36328125 0.8015625 0.084375 0.078125
0 0.22890625 0.81328125 0.096875 0.053125
0 0.28125 0.78828125 0.09375 0.05
0 0.33828125 0.72265625 0.0625 0.078125
0 0.284375 0.73125 0.071875 0.08125
0 0.228125 0.73984375 0.065625 0.075
0 0.184375 0.76796875 0.065625 0.0734375
1 0.528125 0.02578125 0.071875 0.0515625
1 0.4671875 0.053125 0.0859375 0.059375
1 0.40625 0.01953125 0.071875 0.0390625
1 0.43359375 0.1109375 0.0875 0.0640625
1 0.5546875 0.2125 0.0921875 0.071875
1 0.58046875 0.28359375 0.0671875 0.0765625
1 0.53359375 0.2796875 0.06875 0.08125
1 0.4796875 0.2 0.06875 0.08125
0 0.578125 0.34765625 0.084375 0.05625
0 0.5640625 0.3984375 0.103125 0.059375
0 0.49921875 0.3359375 0.0703125 0.0578125
0 0.49453125 0.37890625 0.065625 0.053125
0 0.52734375 0.46875 0.078125 0.09375
1 0.46171875 0.484375 0.078125 0.0703125
1 0.47109375 0.409375 0.0671875 0.06875
1 0.3671875 0.0921875 0.090625 0.065625
1 0.390625 0.165625 0.1 0.059375
1 0.29453125 0.1140625 0.0984375 0.065625
1 0.1921875 0.075 0.0953125 0.059375
1 0.3203125 0.20390625 0.1 0.059375
0 0.28203125 0.1671875 0.0875 0.065625
0 0.38671875 0.234375 0.0765625 0.071875
1 0.30234375 0.259375 0.103125 0.053125
0 0.42421875 0.2875 0.0625 0.065625
0 0.41875 0.33984375 0.09375 0.05625
0 0.409375 0.3890625 0.0609375 0.0703125
0 0.39140625 0.478125 0.0703125 0.0875
0 0.3671875 0.51171875 0.0625 0.0890625
0 0.45078125 0.55 0.078125 0.08125
0 0.509375 0.58203125 0.071875 0.06875
1 0.49296875 0.64765625 0.06875 0.071875
0 0.4390625 0.62734375 0.078125 0.071875
0 0.3984375 0.5890625 0.0796875 0.0609375
0 0.3765625 0.65625 0.065625 0.075
0 0.31953125 0.646875 0.075 0.08125
0 0.31484375 0.565625 0.0875 0.06875
0 0.25234375 0.59609375 0.090625 0.0625
0 0.24296875 0.665625 0.06875 0.075
1 0.18203125 0.66875 0.06875 0.071875
1 0.13515625 0.70859375 0.1109375 0.0546875
0 0.12890625 0.77421875 0.059375 0.084375
1 0.10625 0.84375 0.0671875 0.06875
1 0.04375 0.88359375 0.059375 0.0578125
1 0.02578125 0.85 0.0515625 0.05625
0 0.0484375 0.80234375 0.096875 0.0578125
0 0.06796875 0.7515625 0.06875 0.0625
1 0.01796875 0.753125 0.0359375 0.046875
0 0.03984375 0.70625 0.0796875 0.053125
0 0.08984375 0.66484375 0.10625 0.0625
0 0.18984375 0.6046875 0.0671875 0.084375
0 0.13515625 0.60703125 0.059375 0.08125
0 0.08359375 0.60546875 0.053125 0.075
0 0.03203125 0.58984375 0.0640625 0.0484375
0 0.03359375 0.54609375 0.0671875 0.0609375
0 0.09375 0.54140625 0.0796875 0.0515625
0 0.1578125 0.5359375 0.06875 0.078125
0 0.21953125 0.54140625 0.0765625 0.0453125
0 0.29140625 0.5109375 0.096875 0.0625
1 0.2234375 0.49921875 0.09375 0.053125
1 0.3578125 0.39140625 0.05625 0.071875
0 0.32265625 0.43203125 0.071875 0.084375
0 0.27265625 0.4484375 0.065625 0.0796875
1 0.20390625 0.45078125 0.08125 0.065625
0 0.13515625 0.47109375 0.0625 0.0796875
0 0.0625 0.48984375 0.103125 0.05625
0 0.0578125 0.4421875 0.1015625 0.0625
0 0.13671875 0.409375 0.071875 0.05625
0 0.1765625 0.39765625 0.065625 0.0671875
0 0.3375 0.3328125 0.078125 0.065625
0 0.28046875 0.3703125 0.065625 0.0734375
0 0.2328125 0.3734375 0.059375 0.08125
0 0.26015625 0.303125 0.090625 0.078125
1 0.18828125 0.34296875 0.05625 0.059375
1 0.12109375 0.3515625 0.0875 0.059375
0 0.1265625 0.3 0.10625 0.0625
0 0.03984375 0.3859375 0.0796875 0.05625
1 0.053125 0.33125 0.08125 0.0609375
0 0.03203125 0.28359375 0.0640625 0.0484375
0 0.10546875 0.21953125 0.084375 0.05625
0 0.10390625 0.16328125 0.103125 0.0515625
0 0.1859375 0.1421875 0.1015625 0.059375
0 0.2171875 0.209375 0.09375 0.0625
1 0.190625 0.24765625 0.090625 0.05625