1 0.08515625 0.1109375 0.10390625 0.09609375
1 0.05625 0.04375 0.06796875 0.08671875
1 0.1265625 0.03515625 0.090625 0.0703125
1 0.1046875 0.19453125 0.09375 0.0953125
1 0.18984375 0.14921875 0.090625 0.10546875
1 0.2140625 0.06640625 0.0921875 0.08984375
1 0.26796875 0.09609375 0.071875 0.090625
1 0.2875 0.034375 0.0953125 0.06796875
1 0.365625 0.04765625 0.10234375 0.09453125
1 0.290625 0.2328125 0.0875 0.06640625
1 0.2859375 0.16953125 0.075 0.0875
1 0.32578125 0.1234375 0.0640625 0.0921875
1 0.39296875 0.125 0.0953125 0.1015625
1 0.45078125 0.07890625 0.07265625 0.07578125
1 0.3515625 0.1984375 0.0859375 0.0796875
1 0.403125 0.2328125 0.07109375 0.0890625
1 0.43203125 0.1671875 0.084375 0.0765625
1 0.25390625 0.35703125 0.0796875 0.08203125
1 0.25078125 0.2953125 0.078125 0.0828125
1 0.32421875 0.36484375 0.06640625 0.0921875
1 0.35 0.29609375 0.0875 0.09140625
1 0.19296875 0.40546875 0.078125 0.1046875
1 0.190625 0.32421875 0.0953125 0.08515625
1 0.08828125 0.3921875 0.08046875 0.09765625
1 0.10234375 0.503125 0.08046875 0.11015625
1 0.14140625 0.4453125 0.0578125 0.08984375
1 0.1625 0.52890625 0.0609375 0.0859375
1 0.196875 0.4875 0.06328125 0.0921875
1 0.040625 0.5796875 0.059375 0.09375
1 0.05234375 0.659375 0.06640625 0.0890625
1 0.090625 0.59296875 0.06796875 0.09609375
1 0.1484375 0.621875 0.0875 0.0953125
1 0.10625 0.69609375 0.075 0.09375
1 0.1390625 0.7640625 0.0796875 0.0828125
1 0.0734375 0.87890625 0.07734375 0.09375
0 0.0765625 0.803125 0.08984375 0.08828125
1 0.14140625 0.87265625 0.07109375 0.10078125
1 0.19765625 0.83125 0.0921875 0.1
1 0.20859375 0.73984375 0.065625 0.09375
1 0.28359375 0.82734375 0.0625 0.09453125
1 0.2796875 0.7515625 0.0921875 0.07421875
1 0.25390625 0.6984375 0.0796875 0.07265625
1 0.23046875 0.56015625 0.07421875 0.0859375
1 0.2578125 0.4734375 0.07890625 0.09375
1 0.28359375 0.425 0.0734375 0.084375
1 0.28984375 0.5578125 0.0609375 0.08203125
1 0.32578125 0.509375 0.07265625 0.07421875
1 0.33984375 0.44375 0.0546875 0.09921875
0 0.33515625 0.621875 0.05546875 0.0984375
1 0.37421875 0.5640625 0.07890625 0.08203125
1 0.3984375 0.51328125 0.0953125 0.075
1 0.41015625 0.459375 0.08515625 0.084375
1 0.4375 0.40234375 0.084375 0.075
1 0.425 0.3453125 0.08203125 0.07890625
1 0.4703125 0.25234375 0.06015625 0.10234375
1 0.496875 0.1703125 0.0609375 0.0890625
1 0.53203125 0.1125 0.07421875 0.084375
1 0.54140625 0.06015625 0.0796875 0.07734375
1 0.5765625 0.1796875 0.075 0.08671875
1 0.59921875 0.11171875 0.07421875 0.0890625
1 0.61015625 0.03671875 0.0765625 0.0734375
1 0.52890625 0.23671875 0.0671875 0.10625
0 0.6125 0.23828125 0.0734375 0.103125
1 0.45625 0.5359375 0.0765625 0.08984375
1 0.48203125 0.45859375 0.07578125 0.08984375
1 0.49921875 0.390625 0.08125 0.09765625
1 0.51875 0.31875 0.0796875 0.084375
1 0.41640625 0.64296875 0.084375 0.0796875
1 0.4828125 0.6109375 0.07890625 0.109375
0 0.528125 0.54140625 0.0796875 0.09921875
1 0.55 0.46953125 0.0765625 0.07890625
1 0.553125 0.390625 0.07265625 0.084375
0 0.62265625 0.425 0.08203125 0.0875
1 0.6328125 0.31796875 0.0671875 0.10390625
1 0.68046875 0.25234375 0.08515625 0.07890625
1 0.646875 0.15234375 0.0765625 0.0828125
1 0.66015625 0.06640625 0.059375 0.0859375
1 0.709375 0.096875 0.06640625 0.1078125
1 0.696875 0.18359375 0.0625 0.08515625
1 0.75625 0.15234375 0.06484375 0.1046875
1 0.75234375 0.06171875 0.065625 0.10703125
1 0.80078125 0.0859375 0.06328125 0.1015625
1 0.6890625 0.46640625 0.0734375 0.12421875
1 0.68828125 0.36640625 0.08828125 0.08203125
1 0.7125 0.31171875 0.07578125 0.08125
1 0.7484375 0.25078125 0.07109375 0.0828125
1 0.78125 0.425 0.08125 0.11015625
0 0.77265625 0.36015625 0.06171875 0.1015625
1 0.8234375 0.378125 0.07890625 0.0984375
1 0.809375 0.30390625 0.0828125 0.08828125
1 0.81796875 0.23046875 0.0859375 0.096875
1 0.8296875 0.15703125 0.0859375 0.10078125
1 0.90078125 0.1890625 0.07734375 0.103125
1 0.8890625 0.109375 0.06953125 0.1109375
1 0.55546875 0.60625 0.06640625 0.090625
1 0.5828125 0.53203125 0.03828125 0.115625
1 0.6078125 0.65390625 0.06484375 0.11015625
1 0.65078125 0.57421875 0.078125 0.0859375
1 0.50546875 0.76171875 0.059375 0.0953125
1 0.54296875 0.69375 0.059375 0.08984375
1 0.3984375 0.78125 0.0609375 0.11640625
1 0.43828125 0.7234375 0.07890625 0.0828125
1 0.3421875 0.778125 0.059375 0.1171875
1 0.371875 0.69765625 0.06953125 0.084375
1 0.24140625 0.89453125 0.0953125 0.0859375
1 0.3234375 0.88671875 0.065625 0.11640625
1 0.378125 0.9234375 0.08671875 0.06484375
1 0.3875 0.85703125 0.071875 0.08984375
1 0.4390625 0.89453125 0.06640625 0.11484375
1 0.4484375 0.815625 0.08515625 0.07109375
1 0.40703125 0.97109375 0.0921875 0.0578125
1 0.49609375 0.85390625 0.06953125 0.10390625
1 0.4875 0.9390625 0.06484375 0.09921875
1 0.55 0.88671875 0.078125 0.0890625
1 0.55625 0.8125 0.07890625 0.075
1 0.540625 0.9625 0.071875 0.075
1 0.62265625 0.84609375 0.07109375 0.10390625
1 0.59453125 0.734375 0.07578125 0.0765625
1 0.646875 0.77265625 0.08671875 0.08671875
1 0.65546875 0.70234375 0.07109375 0.096875
1 0.6953125 0.63203125 0.071875 0.11484375
1 0.7328125 0.565625 0.0828125 0.0984375
1 0.7640625 0.5 0.075 0.08828125
1 0.87109375 0.33984375 0.07421875 0.10625
1 0.9296875 0.30546875 0.0828125 0.08671875
1 0.91484375 0.46328125 0.0671875 0.10234375
1 0.94140625 0.39296875 0.0734375 0.1125
1 0.86015625 0.46953125 0.06171875 0.09765625
1 0.9640625 0.46796875 0.071875 0.12578125
1 0.89921875 0.54921875 0.065625 0.1046875
1 0.70546875 0.7390625 0.05625 0.10703125
1 0.76015625 0.68984375 0.06953125 0.10703125
1 0.79453125 0.6109375 0.0671875 0.10703125
1 0.828125 0.55859375 0.08203125 0.08046875
1 0.6984375 0.83125 0.0703125 0.0828125
1 0.75703125 0.7859375 0.06640625 0.1203125
1 0.8 0.83671875 0.0703125 0.1234375
1 0.85625 0.77421875 0.06640625 0.115625
1 0.8234375 0.671875 0.0703125 0.0953125
1 0.87890625 0.64140625 0.06875 0.09921875
1 0.9078125 0.715625 0.07109375 0.10390625
1 0.940625 0.62421875 0.07109375 0.078125
1 0.9 0.82265625 0.075 0.09453125
1 0.96328125 0.80703125 0.0625 0.11015625
1 0.6734375 0.9078125 0.09140625 0.07578125
1 0.59921875 0.9359375 0.0796875 0.084375
1 0.74375 0.95 0.07265625 0.09921875
1 0.81484375 0.921875 0.0671875 0.07109375
1 0.8828125 0.93671875 0.0875 0.0953125