1 0.03828125 0.071875 0.065625 0.0875
1 0.103125 0.153125 0.0578125 0.09609375
1 0.11171875 0.08125 0.0921875 0.06796875
1 0.18828125 0.1703125 0.09375 0.08125
1 0.15859375 0.1234375 0.0671875 0.0625
1 0.203125 0.06640625 0.07890625 0.071875
1 0.2453125 0.1140625 0.084375 0.09375
1 0.2625 0.21171875 0.07578125 0.0921875
1 0.303125 0.1828125 0.06875 0.09453125
1 0.32734375 0.10546875 0.08203125 0.0765625
1 0.25625 0.0453125 0.06015625 0.0859375
1 0.06171875 0.2375 0.06953125 0.10625
1 0.12890625 0.26484375 0.06015625 0.10078125
1 0.109375 0.35390625 0.06796875 0.09609375
1 0.0453125 0.34765625 0.06015625 0.096875
1 0.1671875 0.3421875 0.059375 0.071875
1 0.21796875 0.359375 0.0671875 0.09765625
1 0.2953125 0.38984375 0.09140625 0.0921875
1 0.26328125 0.340625 0.0546875 0.0765625
1 0.2375 0.28046875 0.0796875 0.06015625
1 0.32109375 0.3171875 0.0796875 0.08203125
1 0.3375 0.2578125 0.08671875 0.0765625
1 0.36171875 0.184375 0.0640625 0.09453125
1 0.3765625 0.040625 0.0734375 0.08125
1 0.36640625 0.38984375 0.07421875 0.09921875
1 0.39296875 0.328125 0.0625 0.06796875
1 0.41171875 0.2609375 0.05546875 0.1
1 0.43046875 0.17578125 0.09296875 0.09296875
1 0.40546875 0.1109375 0.08125 0.08046875
1 0.43671875 0.05 0.07578125 0.096875
1 0.48515625 0.10625 0.0625 0.1046875
1 0.49140625 0.03828125 0.075 0.0703125
1 0.53203125 0.096875 0.06328125 0.12421875
1 0.5796875 0.39921875 0.0796875 0.0953125
1 0.58203125 0.33125 0.08359375 0.0734375
1 0.56328125 0.2703125 0.0671875 0.06640625
1 0.59296875 0.21953125 0.1 0.06640625
1 0.58203125 0.14921875 0.0703125 0.08203125
1 0.58671875 0.07578125 0.05625 0.10078125
1 0.5125 0.17421875 0.07890625 0.08359375
1 0.65546875 0.1609375 0.08203125 0.0765625
1 0.6359375 0.0953125 0.065625 0.08828125
1 0.70859375 0.1140625 0.07109375 0.10390625
1 0.7578125 0.078125 0.0765625 0.0875
1 0.8140625 0.11328125 0.08203125 0.078125
1 0.81171875 0.03984375 0.0640625 0.0796875
1 0.86796875 0.0484375 0.06640625 0.0828125
1 0.9484375 0.0671875 0.08984375 0.078125
1 0.89765625 0.1296875 0.0734375 0.1078125
1 0.66015625 0.27109375 0.0671875 0.10625
1 0.72109375 0.2015625 0.04296875 0.0859375
1 0.42578125 0.3890625 0.0609375 0.12421875
1 0.465625 0.340625 0.0671875 0.07265625
1 0.48203125 0.27578125 0.084375 0.1
1 0.9609375 0.215625 0.078125 0.103125
1 0.95625 0.14765625 0.06484375 0.06875
1 0.7671875 0.20078125 0.0703125 0.09609375
1 0.77734375 0.36875 0.05703125 0.10703125
1 0.82109375 0.40390625 0.090625 0.07421875
1 0.8171875 0.33046875 0.065625 0.0953125
1 0.79765625 0.26328125 0.059375 0.06796875
1 0.83046875 0.19453125 0.0671875 0.09453125
1 0.86328125 0.2546875 0.0625 0.08984375
1 0.890625 0.203125 0.078125 0.07265625
1 0.9390625 0.40625 0.0578125 0.09296875
1 0.9375 0.33359375 0.07578125 0.1015625
1 0.921875 0.265625 0.07734375 0.0890625
1 0.67890625 0.4140625 0.0765625 0.08203125
1 0.70703125 0.3421875 0.08984375 0.071875
1 0.71796875 0.27109375 0.07890625 0.0828125
1 0.878125 0.3421875 0.06953125 0.0953125
1 0.646875 0.35703125 0.06328125 0.09921875
1 0.52421875 0.45390625 0.0671875 0.0890625
1 0.5140625 0.38828125 0.07578125 0.0921875
1 0.4671875 0.45625 0.07890625 0.1078125
1 0.5359375 0.58359375 0.0765625 0.08125
1 0.55703125 0.50859375 0.0859375 0.07265625
1 0.63046875 0.48671875 0.06328125 0.10703125
1 0.678125 0.50234375 0.0609375 0.09921875
1 0.73203125 0.45390625 0.06640625 0.11953125
1 0.7625 0.57265625 0.07421875 0.109375
1 0.79140625 0.48671875 0.06875 0.096875
1 0.86796875 0.45 0.0578125 0.1078125
1 0.91875 0.56875 0.0609375 0.1015625
1 0.91328125 0.48828125 0.0609375 0.0875
1 0.71171875 0.553125 0.0765625 0.05703125
1 0.784375 0.74296875 0.0671875 0.08828125
1 0.81796875 0.671875 0.06640625 0.084375
1 0.8453125 0.60625 0.10078125 0.07109375
1 0.85078125 0.53984375 0.08125 0.0859375
1 0.95703125 0.62421875 0.075 0.10703125
1 0.965625 0.7125 0.06875 0.109375
1 0.9765625 0.79140625 0.046875 0.0640625
1 0.82734375 0.79453125 0.0609375 0.0890625
1 0.86640625 0.74296875 0.0765625 0.08515625
1 0.88828125 0.66953125 0.08984375 0.07734375
1 0.75625 0.68203125 0.08359375 0.0984375
1 0.6671875 0.6703125 0.0625 0.10078125
1 0.71484375 0.65390625 0.0578125 0.084375
1 0.60625 0.63671875 0.084375 0.06640625
1 0.61796875 0.58046875 0.0953125 0.06875
1 0.4765625 0.6421875 0.059375 0.096875
1 0.48125 0.565625 0.07578125 0.10390625
1 0.42265625 0.5953125 0.07109375 0.10390625
1 0.36796875 0.5703125 0.075 0.08828125
1 0.40390625 0.4859375 0.0734375 0.10390625
1 0.33125 0.5234375 0.06484375 0.09140625
1 0.3390625 0.453125 0.0875 0.071875
1 0.2578125 0.634375 0.0765625 0.1015625
1 0.27109375 0.54765625 0.075 0.0875
1 0.271875 0.47421875 0.0796875 0.090625
1 0.2234375 0.52890625 0.0625 0.0875
1 0.1921875 0.4484375 0.065625 0.10234375
1 0.134375 0.446875 0.0625 0.11171875
1 0.06875 0.45 0.084375 0.09921875
1 0.0296875 0.53984375 0.059375 0.0890625
1 0.1015625 0.528125 0.08828125 0.07578125
1 0.15546875 0.5453125 0.0796875 0.1125
1 0.121875 0.6125 0.07890625 0.08359375
1 0.04921875 0.615625 0.0765625 0.0765625
1 0.0875 0.6953125 0.08984375 0.0921875
1 0.0296875 0.71640625 0.0578125 0.0859375
1 0.034375 0.80625 0.06875 0.09375
1 0.15546875 0.6640625 0.07109375 0.09921875
1 0.1390625 0.771875 0.09453125 0.0953125
1 0.07421875 0.82890625 0.07109375 0.1078125
1 0.13515625 0.86953125 0.08046875 0.1015625
1 0.0921875 0.92421875 0.090625 0.06328125
1 0.23046875 0.865625 0.09609375 0.0703125
1 0.21953125 0.8140625 0.06796875 0.071875
1 0.2203125 0.73984375 0.06640625 0.0796875
1 0.2125 0.65859375 0.06015625 0.09765625
1 0.32421875 0.66640625 0.09375 0.0875
1 0.26328125 0.71640625 0.0765625 0.0921875
1 0.27421875 0.81015625 0.084375 0.1
1 0.32109375 0.7734375 0.0515625 0.0984375
1 0.375 0.7953125 0.06875 0.0828125
1 0.390625 0.74609375 0.06171875 0.0796875
1 0.40703125 0.675 0.07265625 0.06796875
1 0.45078125 0.7390625 0.053125 0.09140625
1 0.44921875 0.85703125 0.0671875 0.08984375
1 0.3015625 0.93125 0.0734375 0.09609375
1 0.3671875 0.9328125 0.06484375 0.09453125
1 0.41015625 0.95703125 0.0546875 0.0859375
1 0.471875 0.9234375 0.065625 0.090625
1 0.51796875 0.959375 0.084375 0.08125
1 0.49609375 0.81796875 0.06015625 0.08984375
1 0.50546875 0.734375 0.07734375 0.07890625
1 0.55625 0.77265625 0.0703125 0.103125
1 0.56953125 0.91484375 0.07421875 0.084375
1 0.5484375 0.85390625 0.0703125 0.09296875
1 0.6203125 0.86640625 0.05859375 0.0984375
1 0.61640625 0.9625 0.0671875 0.075
1 0.61171875 0.77890625 0.071875 0.08359375
1 0.60390625 0.70234375 0.06640625 0.0671875
1 0.5515625 0.6578125 0.0609375 0.0921875
1 0.64453125 0.7421875 0.07734375 0.07578125
1 0.66328125 0.9078125 0.05078125 0.10625
1 0.66328125 0.81953125 0.06484375 0.0921875
1 0.725 0.91171875 0.05703125 0.1140625
1 0.740625 0.8234375 0.071875 0.07421875
1 0.71640625 0.7484375 0.071875 0.09375
1 0.8046875 0.87109375 0.06484375 0.075
1 0.86484375 0.8859375 0.0625 0.12109375
1 0.8703125 0.95546875 0.05 0.0890625