1 0.85703125 0.07421875 0.103125 0.1234375
1 0.940625 0.0703125 0.115625 0.09375
1 0.83671875 0.14453125 0.06875 0.0828125
1 0.89375 0.13984375 0.08125 0.071875
1 0.940625 0.159375 0.0828125 0.1
1 0.78046875 0.19140625 0.0953125 0.0734375
1 0.71953125 0.11953125 0.1 0.096875
1 0.63984375 0.17109375 0.10625 0.078125
1 0.46484375 0.06484375 0.1015625 0.084375
1 0.53359375 0.0375 0.0765625 0.071875
1 0.52265625 0.14453125 0.08125 0.109375
1 0.425 0.225 0.1 0.0875
1 0.4953125 0.2046875 0.1 0.0640625
1 0.43046875 0.1484375 0.103125 0.0890625
1 0.34296875 0.15234375 0.1078125 0.0796875
1 0.1234375 0.0984375 0.0953125 0.103125
1 0.24296875 0.20546875 0.1015625 0.071875
1 0.33671875 0.21171875 0.10625 0.071875
1 0.4828125 0.2671875 0.1015625 0.0796875
1 0.590625 0.23125 0.1 0.0921875
1 0.69375 0.21875 0.128125 0.065625
1 0.665625 0.28828125 0.121875 0.0875
1 0.74296875 0.28984375 0.084375 0.08125
1 0.85625 0.20546875 0.1 0.0625
1 0.8265625 0.246875 0.1109375 0.0625
1 0.94296875 0.21640625 0.103125 0.084375
1 0.9453125 0.28671875 0.109375 0.090625
1 0.8875 0.25625 0.0640625 0.090625
1 0.79921875 0.30703125 0.0875 0.0765625
1 0.875 0.32578125 0.078125 0.0875
1 0.95234375 0.33984375 0.0953125 0.0734375
1 0.90390625 0.3984375 0.0875 0.084375
1 0.57421875 0.29296875 0.115625 0.071875
1 0.5625 0.34296875 0.1 0.06875
1 0.634375 0.3640625 0.078125 0.084375
1 0.69765625 0.3546875 0.078125 0.09375
1 0.7578125 0.375 0.090625 0.06875
1 0.84375 0.44765625 0.121875 0.071875
1 0.44375 0.321875 0.0953125 0.0734375
1 0.37890625 0.26484375 0.09375 0.06875
1 0.284375 0.2609375 0.096875 0.06875
1 0.91171875 0.471875 0.10625 0.05625
1 0.79296875 0.58203125 0.10625 0.0640625
1 0.57265625 0.3921875 0.0796875 0.05
1 0.62421875 0.4265625 0.0875 0.075
1 0.638725490625 0.49342105312499995 0.6470588234375 0.49835526249999995 0.6705882359374999 0.5061677625 0.6838235296875 0.5049342109375 0.6950980390625 0.5 0.7024509796875 0.4942434203125 0.7122549015625 0.4814967109375 0.7083333328125 0.46258223750000005 0.7078431375 0.44202302656250003 0.6975490203125 0.43092105312499995 0.6857843140625 0.42434210468750005 0.673039215625 0.42434210468750005 0.6647058828125 0.42804276249999995 0.648039215625 0.43996710468750005 0.6352941171875 0.45559210468750005 0.636274509375 0.48190789531249995 0.638725490625 0.49342105312499995
1 0.93359375 0.53125 0.0609375 0.06875
1 0.85625 0.515625 0.0609375 0.0765625
1 0.90625 0.64609375 0.0796875 0.084375
1 0.7484375 0.46015625 0.09375 0.0671875
1 0.36796875 0.32890625 0.0734375 0.0875
1 0.2734375 0.32734375 0.084375 0.065625
1 0.184375 0.26484375 0.09375 0.090625
1 0.10390625 0.2484375 0.0953125 0.1
1 0.11171875 0.3375 0.0734375 0.0796875
1 0.18515625 0.34375 0.078125 0.078125
1 0.4015625 0.384375 0.1 0.0515625
1 0.240625 0.37421875 0.09375 0.078125
1 0.3234375 0.39296875 0.0765625 0.06875
1 0.4421875 0.43359375 0.0921875 0.065625
1 0.50234375 0.38203125 0.0765625 0.075
1 0.5390625 0.440625 0.1 0.059375
1 0.521875 0.49609375 0.1125 0.065625
1 0.6015625 0.48125 0.0828125 0.065625
1 0.646875 0.53515625 0.0875 0.071875
1 0.7125 0.51484375 0.075 0.065625
1 0.71328125 0.57578125 0.06875 0.0765625
1 0.74765625 0.64375 0.08125 0.078125
1 0.821875 0.64296875 0.0875 0.046875
1 0.8734375 0.58046875 0.0828125 0.071875
1 0.9609375 0.653125 0.071875 0.078125
1 0.93203125 0.728125 0.071875 0.084375
1 0.9515625 0.58515625 0.09375 0.05625
1 0.77734375 0.7265625 0.0890625 0.053125
1 0.8515625 0.74296875 0.1 0.0671875
1 0.82421875 0.68828125 0.09375 0.0546875
1 0.43984375 0.56015625 0.0859375 0.0703125
1 0.50390625 0.54609375 0.090625 0.0640625
1 0.58515625 0.56171875 0.08125 0.0734375
1 0.59140625 0.6234375 0.090625 0.0671875
1 0.66328125 0.61484375 0.06875 0.084375
1 0.421875 0.4953125 0.103125 0.05625
1 0.2578125 0.43359375 0.1109375 0.065625
1 0.34296875 0.45 0.08125 0.06875
1 0.04140625 0.3921875 0.0703125 0.09375
1 0.10703125 0.39921875 0.071875 0.0796875
1 0.1390625 0.4515625 0.071875 0.06875
1 0.2078125 0.48359375 0.08125 0.075
1 0.27890625 0.50078125 0.0875 0.0796875
1 0.334375 0.52890625 0.1078125 0.071875
1 0.290625 0.5921875 0.0953125 0.06875
1 0.3640625 0.5953125 0.078125 0.075
1 0.23359375 0.5453125 0.103125 0.0703125
1 0.0765625 0.4875 0.08125 0.0734375
1 0.1390625 0.52734375 0.109375 0.05625
1 0.14921875 0.58984375 0.0796875 0.08125
1 0.22578125 0.6171875 0.0671875 0.075
1 0.30234375 0.65859375 0.084375 0.075
1 0.41953125 0.621875 0.1078125 0.05625
1 0.38984375 0.66328125 0.10625 0.065625
1 0.5125 0.609375 0.10625 0.065625
1 0.615625 0.68203125 0.075 0.0796875
1 0.534375 0.65859375 0.078125 0.0640625
1 0.4953125 0.690625 0.0765625 0.0703125
1 0.55703125 0.721875 0.05625 0.0671875
1 0.69375 0.70546875 0.0859375 0.0875
1 0.82265625 0.79765625 0.090625 0.0609375
1 0.9046875 0.79765625 0.071875 0.059375
1 0.7265625 0.83359375 0.1125 0.071875
1 0.81171875 0.859375 0.084375 0.065625
1 0.88828125 0.8546875 0.090625 0.06875
1 0.95625 0.89765625 0.0734375 0.0828125
1 0.790625 0.91875 0.09375 0.06875
1 0.8703125 0.92578125 0.071875 0.084375
1 0.70546875 0.77578125 0.0984375 0.059375
1 0.63515625 0.896875 0.084375 0.071875
1 0.71171875 0.88828125 0.0796875 0.0765625
1 0.51484375 0.76640625 0.065625 0.0734375
1 0.5828125 0.7921875 0.078125 0.0796875
1 0.65625 0.79921875 0.071875 0.0640625
1 0.45390625 0.72421875 0.090625 0.0765625
1 0.371875 0.7234375 0.0828125 0.075
1 0.3875 0.78671875 0.1109375 0.08125
1 0.47578125 0.80859375 0.09375 0.059375
1 0.5421875 0.84765625 0.1015625 0.0640625
1 0.54765625 0.9140625 0.1 0.0671875
1 0.63125 0.846875 0.084375 0.05625
1 0.640625 0.95859375 0.096875 0.0828125
1 0.328125 0.8609375 0.0890625 0.0765625
1 0.40703125 0.85625 0.08125 0.0640625
1 0.4671875 0.8765625 0.08125 0.05625
1 0.17421875 0.734375 0.1109375 0.0734375
1 0.25078125 0.72578125 0.075 0.0921875
1 0.31015625 0.75703125 0.084375 0.071875
1 0.11796875 0.66953125 0.09375 0.0734375
1 0.1953125 0.67109375 0.0875 0.071875
1 0.0421875 0.64921875 0.075 0.08125
1 0.2703125 0.81015625 0.0921875 0.0875
1 0.1 0.61796875 0.08125 0.0625
1 0.13125 0.7984375 0.0765625 0.08125
1 0.19296875 0.8125 0.075 0.0984375
1 0.2421875 0.8734375 0.0875 0.0578125
1 0.30546875 0.9078125 0.078125 0.059375
1 0.4125 0.909375 0.10625 0.0546875
1 0.15546875 0.8953125 0.078125 0.06875
1 0.20546875 0.93203125 0.09375 0.0703125
1 0.26328125 0.9734375 0.1 0.053125
1 0.05625 0.79296875 0.0671875 0.0765625
1 0.06875 0.7234375 0.08125 0.071875
1 0.0828125 0.84375 0.0875 0.075
1 0.05859375 0.8953125 0.084375 0.071875
1 0.07734375 0.95078125 0.090625 0.059375
1 0.37265625 0.95234375 0.0921875 0.059375