1 0.134313725 0.8712993421874999 0.128431371875 0.8421052625 0.12401960781250002 0.8371710531250001 0.09950980468750001 0.8268914468749999 0.0877450984375 0.8268914468749999 0.0759803921875 0.8334703953125 0.0647058828125 0.8515625 0.058333332812500006 0.8721217109375001 0.0588235296875 0.8889802625 0.0661764703125 0.905838815625 0.0740196078125 0.9152960531250001 0.0857843140625 0.9194078953125 0.10245097968750001 0.9194078953125 0.113725490625 0.9169407890624999 0.119117646875 0.9140625 0.128431371875 0.9037828953125 0.134803921875 0.8877467109375001 0.134313725 0.8712993421874999
1 0.08235294062500001 0.7537006578125001 0.0705882359375 0.7446546046875 0.05588235312499999 0.7401315796875 0.0357843140625 0.7380756578125001 0.025 0.7397203953125 0.011274509375 0.7446546046875 0.0009803921875 0.7537006578125001 0 0.780016446875 0.0024509796875 0.7845394734375 0.0122549015625 0.7919407890625 0.0245098046875 0.797286184375 0.0333333328125 0.7989309203125 0.06323529375 0.8022203953125 0.0779411765625 0.7952302625 0.0838235296875 0.78988486875 0.0877450984375 0.78042763125 0.088725490625 0.7689144734375 0.08235294062500001 0.7537006578125001
1 0.190196078125 0.8244243421874999 0.1818627453125 0.8137335531250001 0.1647058828125 0.8075657890624999 0.1475490203125 0.8075657890624999 0.13676470624999998 0.8100328953125 0.13039215625 0.8170230265624999 0.1254901953125 0.8334703953125 0.1254901953125 0.859786184375 0.13039215625 0.8782894734375001 0.1372549015625 0.8869243421874999 0.15098039218749998 0.891036184375 0.1647058828125 0.89144736875 0.17941176406249998 0.8869243421874999 0.188725490625 0.8782894734375001 0.19460784375 0.8622532890624999 0.19460784375 0.8384046046875 0.190196078125 0.8244243421874999
1 0.35 0.953125 0.33676470625 0.9436677625 0.317647059375 0.9358552625 0.292647059375 0.9317434203125 0.2799019609375 0.9333881578125001 0.2681372546875 0.93832236875 0.261274509375 0.9469572375 0.259313725 0.9568256578125001 0.2602941171875 0.968338815625 0.265686275 0.9810855265624999 0.28039215624999997 0.99300986875 0.2921568625 0.9983552625 0.3279411765625 0.9987664468749999 0.34068627500000004 0.9958881578125001 0.35147058750000004 0.9893092109375001 0.359313725 0.9753289468749999 0.35490196093750004 0.9588815796875 0.35 0.953125
1 0.284803921875 0.8104440796875 0.2838235296875 0.7985197375 0.2779411765625 0.7907072375 0.265196078125 0.7791940796875 0.2504901953125 0.7775493421874999 0.22352941249999997 0.7833059203125 0.21225490156250001 0.788651315625 0.198039215625 0.8030427625 0.194117646875 0.8219572375 0.1970588234375 0.8449835531250001 0.2004901953125 0.8515625 0.209803921875 0.859786184375 0.221568628125 0.8634868421874999 0.230882353125 0.8634868421874999 0.2397058828125 0.8610197375 0.2544117640625 0.8532072375 0.2686274515625 0.8396381578125001 0.2794117640625 0.8244243421874999 0.284803921875 0.8104440796875
1 0.271568628125 0.7450657890625 0.2666666671875 0.7306743421874999 0.25392156875 0.717516446875 0.2044117640625 0.7306743421874999 0.184313725 0.7405427625 0.1661764703125 0.756578946875 0.165686275 0.7598684203125 0.1725490203125 0.765625 0.1872549015625 0.7833059203125 0.2004901953125 0.78988486875 0.2142156859375 0.790296053125 0.24558823593749998 0.7833059203125 0.25539215625 0.780016446875 0.26176470625000003 0.77425986875 0.2671568625 0.7623355265625 0.271568628125 0.7450657890625
1 0.0774509796875 0.8215460531250001 0.06911764687500001 0.804276315625 0.0622549015625 0.798108553125 0.0509803921875 0.7935855265625 0.0357843140625 0.7931743421874999 0.021078431249999998 0.7993421046875 0.0083333328125 0.8231907890624999 0.0024509796875 0.8466282890624999 0.003431371875 0.8622532890624999 0.0122549015625 0.8733552625 0.0240196078125 0.8787006578125001 0.039705882812499996 0.8791118421874999 0.0514705875 0.8770559203125 0.0588235296875 0.8733552625 0.0666666671875 0.8647203953125 0.0774509796875 0.8371710531250001 0.0774509796875 0.8215460531250001
1 0.20539215624999999 0.719161184375 0.20098039218750002 0.710526315625 0.1936274515625 0.7055921046875 0.180882353125 0.70230263125 0.1485294125 0.7002467109375 0.134313725 0.7002467109375 0.126960784375 0.701891446875 0.1181372546875 0.719161184375 0.1166666671875 0.734375 0.1235294125 0.750411184375 0.13970588281250002 0.758223684375 0.1607843140625 0.75863486875 0.1764705875 0.756578946875 0.1931372546875 0.7479440796875 0.20588235312499997 0.7364309203125 0.2078431375 0.7323190796875 0.20539215624999999 0.719161184375
1 0.11862745156250001 0.686266446875 0.1127450984375 0.6739309203125 0.10245097968750001 0.6665296046875 0.08823529375 0.6665296046875 0.0740196078125 0.6689967109375 0.0563725484375 0.6780427625 0.046568628125 0.6903782890625 0.041176470312500005 0.7068256578125001 0.0431372546875 0.7142269734375 0.0495098046875 0.7228618421874999 0.0661764703125 0.7290296046875 0.078431371875 0.7298519734375 0.0921568625 0.72738486875 0.10294117656249999 0.7216282890625 0.1088235296875 0.7154605265625 0.119117646875 0.6973684203125 0.11862745156250001 0.686266446875
1 0.4627450984375 0.8692434203125 0.457352940625 0.86019736875 0.446568628125 0.8536184203125 0.417647059375 0.8540296046875 0.4044117640625 0.8569078953125 0.392647059375 0.8634868421874999 0.3857843140625 0.8721217109375001 0.3828431375 0.8889802625 0.38676470625000003 0.9009046046875 0.4 0.9107730265624999 0.41323529375 0.914473684375 0.43039215625000005 0.9140625 0.4431372546875 0.9095394734375001 0.45490196093749996 0.9013157890624999 0.4602941171875 0.8943256578125001 0.463725490625 0.8848684203125 0.4627450984375 0.8692434203125
1 0.4490196078125 0.8162006578125001 0.440686275 0.8083881578125001 0.41960784375 0.804276315625 0.386274509375 0.8034539468749999 0.36666666718749996 0.8071546046875 0.35539215625 0.8157894734375001 0.35147058750000004 0.8215460531250001 0.35 0.8371710531250001 0.3544117640625 0.8462171046875 0.35882352968750003 0.8503289468749999 0.3671568625 0.8544407890624999 0.37745097968749997 0.8560855265624999 0.43137254843750006 0.85855263125 0.44264705937500004 0.8552631578125001 0.4485294125 0.8486842109375001 0.45392156874999995 0.8342927625 0.453431371875 0.8236019734375001 0.4490196078125 0.8162006578125001
1 0.5401960781249999 0.9140625 0.5357843140624999 0.9033717109375001 0.5264705875 0.8939144734375001 0.5083333328124999 0.8861019734375001 0.4921568625 0.8893914468749999 0.4754901953125 0.898026315625 0.463725490625 0.9078947375 0.45294117656250005 0.9243421046875 0.45049019531249995 0.9387335531250001 0.453431371875 0.95230263125 0.46421568593750007 0.9642269734375001 0.476960784375 0.968338815625 0.49264705937500003 0.968338815625 0.5088235296875 0.9629934203125 0.5220588234375 0.952713815625 0.5313725484375 0.9424342109375001 0.538725490625 0.9284539468749999 0.5401960781249999 0.9140625
1 0.603431371875 0.8807565796875 0.5975490203125 0.8671875 0.5833333328125 0.8540296046875 0.5681372546875 0.8495065796875 0.553431371875 0.8503289468749999 0.5416666671875 0.8540296046875 0.5328431375 0.8614309203125 0.5279411765625001 0.87417763125 0.528431371875 0.8959703953125 0.534313725 0.9120065796875 0.542647059375 0.9189967109375001 0.5588235296875 0.9247532890624999 0.5745098046875 0.9259868421874999 0.5838235296875001 0.9243421046875 0.5897058828125 0.921463815625 0.5985294125 0.913651315625 0.6044117640625 0.89761513125 0.603431371875 0.8807565796875
1 0.728431371875 0.8096217109375001 0.7171568625 0.7915296046875 0.7014705875 0.7791940796875 0.6735294125 0.7750822375 0.6588235296875 0.7754934203125 0.6436274515625 0.78207236875 0.6352941171875 0.790296053125 0.63039215625 0.798108553125 0.6299019609375 0.8112664468749999 0.6392156859375 0.8252467109375001 0.6573529406249999 0.8408717109375001 0.6700980390625 0.8474506578125001 0.6877450984375 0.8527960531250001 0.69607843125 0.8536184203125 0.707352940625 0.8515625 0.725 0.8396381578125001 0.7279411765625 0.835526315625 0.7299019609374999 0.82730263125 0.728431371875 0.8096217109375001
1 0.6176470593750001 0.7713815796875 0.615196078125 0.7623355265625 0.6088235296875 0.7557565796875 0.594117646875 0.750411184375 0.559313725 0.74917763125 0.53823529375 0.7532894734375 0.523039215625 0.7611019734375 0.5166666671875 0.77261513125 0.5171568625 0.7845394734375 0.5210784312500001 0.79769736875 0.53039215625 0.8092105265624999 0.5446078437499999 0.8149671046875 0.5622549015625 0.8153782890624999 0.5833333328125 0.81332236875 0.5975490203125 0.8083881578125001 0.609313725 0.8009868421874999 0.6166666671875001 0.7865953953125 0.6176470593750001 0.7713815796875
1 0.4681372546875 0.735608553125 0.463725490625 0.7224506578125001 0.4544117640625 0.71175986875 0.425 0.71011513125 0.4024509796875 0.7125822375 0.3857843140625 0.71792763125 0.37254902031250003 0.727796053125 0.36911764687500004 0.733963815625 0.3671568625 0.7442434203125 0.3705882359375 0.7606907890625 0.37745097968749997 0.7672697375 0.3892156859375 0.773848684375 0.40490196093749997 0.7783717109375 0.42107843125000005 0.7787828953125 0.43823529375000003 0.7767269734375 0.4544117640625 0.77261513125 0.46421568593750007 0.766036184375 0.46862745156249996 0.7557565796875 0.4681372546875 0.735608553125
1 0.521568628125 0.78824013125 0.5127450984374999 0.7791940796875 0.480882353125 0.76644736875 0.46421568593750007 0.76480263125 0.45392156874999995 0.7676809203125 0.44019607812499995 0.7771381578125001 0.43676470624999997 0.7837171046875 0.438725490625 0.7985197375 0.44607843125 0.8137335531250001 0.45294117656250005 0.820723684375 0.4671568625 0.8301809203125 0.484313725 0.8359375 0.49607843125000006 0.836348684375 0.5039215687499999 0.8342927625 0.5191176468750001 0.8248355265624999 0.5274509796875 0.812088815625 0.5259803921875 0.796875 0.521568628125 0.78824013125
1 0.8696078437500001 0.9120065796875 0.8602941171875 0.9000822375 0.8524509796874999 0.8963815796875 0.8377450984375001 0.8930921046875 0.8205882359375 0.8930921046875 0.7950980390625 0.9004934203125 0.788725490625 0.9033717109375001 0.7823529406249999 0.9091282890624999 0.7794117640625 0.9157072375 0.778431371875 0.9251644734375001 0.778431371875 0.937088815625 0.7813725484375 0.9498355265624999 0.7911764703124999 0.9588815796875 0.8063725484375001 0.9646381578125001 0.8220588234375 0.9646381578125001 0.8416666671874999 0.9597039468749999 0.8485294124999999 0.9564144734375001 0.859803921875 0.944901315625 0.8696078437500001 0.9251644734375001 0.8696078437500001 0.9120065796875
1 0.8171568625000001 0.8544407890624999 0.8088235296875 0.8482730265624999 0.7686274515625 0.8462171046875 0.7578431375 0.8470394734375001 0.7450980390625 0.8527960531250001 0.7372549015625001 0.8618421046875 0.7333333328125 0.87417763125 0.7372549015625001 0.8856907890624999 0.7436274515625 0.8930921046875 0.7578431375 0.9009046046875 0.7838235296875 0.90707236875 0.8019607843750001 0.90707236875 0.817647059375 0.9033717109375001 0.8279411765625 0.898848684375 0.8333333328125001 0.8877467109375001 0.83039215625 0.8725328953125 0.8171568625000001 0.8544407890624999
1 0.91323529375 0.8236019734375001 0.9073529406249999 0.812088815625 0.8985294125 0.80386513125 0.8759803921874999 0.7997532890625 0.837091503125 0.8030427625 0.8328431374999999 0.8026315796875 0.8240196078125 0.798108553125 0.8191176468749999 0.7997532890625 0.8161764703125 0.8071546046875 0.8171568625000001 0.8203125 0.8147058828124999 0.8334703953125 0.8039215687500001 0.8503289468749999 0.81323529375 0.8622532890624999 0.830882353125 0.8721217109375001 0.8416666671874999 0.875 0.8622549015625 0.875411184375 0.8735294124999999 0.8729440796875 0.890686275 0.8638980265624999 0.9034313718750001 0.85238486875 0.91323529375 0.83675986875 0.91323529375 0.8236019734375001
1 0.7485294125 0.741776315625 0.7411764703125 0.7306743421874999 0.7225490203125 0.7232730265625 0.696568628125 0.725328946875 0.6833333328125 0.7286184203125 0.6651960781249999 0.7405427625 0.659803921875 0.7479440796875 0.6568627453125 0.75699013125 0.659803921875 0.77425986875 0.6642156859375 0.7791940796875 0.669117646875 0.781661184375 0.688725490625 0.7849506578125001 0.7171568625 0.7828947375 0.728431371875 0.78042763125 0.7382352937500001 0.7759046046875 0.748039215625 0.7615131578125001 0.7495098046875001 0.7528782890625 0.7485294125 0.741776315625
1 0.8220588234375 0.8083881578125001 0.8166666671874999 0.795641446875 0.8 0.7759046046875 0.7877450984375 0.7709703953125 0.7720588234375 0.7701480265625 0.7593137249999999 0.7767269734375 0.7529411765625 0.782483553125 0.7455882359375 0.797286184375 0.746568628125 0.812088815625 0.751960784375 0.8297697375 0.7563725484375 0.8375822375 0.7642156859375 0.84375 0.773039215625 0.8478618421874999 0.788725490625 0.85074013125 0.8039215687500001 0.8503289468749999 0.8107843140625001 0.8478618421874999 0.815686275 0.843338815625 0.8191176468749999 0.8371710531250001 0.8215686281249999 0.8256578953125 0.8220588234375 0.8083881578125001
1 0.7666666671875 0.663651315625 0.7573529406249999 0.6517269734375 0.7397058828125 0.641858553125 0.719117646875 0.6385690796875 0.709313725 0.6422697375 0.7 0.6504934203125 0.6950980390625 0.6578947375 0.692647059375 0.671875 0.69460784375 0.6846217109375 0.7063725484375001 0.710526315625 0.72107843125 0.7236842109375 0.7289215687499999 0.726973684375 0.7475490203125 0.7282072375 0.7627450984374999 0.71875 0.7691176468750001 0.7088815796875 0.7720588234375 0.6977796046875 0.7710784312500001 0.6825657890625 0.7666666671875 0.663651315625
1 0.8651960781250001 0.7528782890625 0.8504901953124999 0.7421875 0.8357843140625001 0.7380756578125001 0.8230392156249999 0.7384868421874999 0.8088235296875 0.743421053125 0.8029411765625 0.74917763125 0.796568628125 0.7602796046875 0.79607843125 0.77261513125 0.8063725484375001 0.795641446875 0.811274509375 0.8005756578125001 0.8230392156249999 0.804276315625 0.8490196078125001 0.8046875 0.8588235296875 0.8018092109375001 0.8656862750000001 0.796875 0.873039215625 0.7845394734375 0.873039215625 0.7701480265625 0.8651960781250001 0.7528782890625
1 0.9107843140625 0.7138157890625 0.898039215625 0.7064144734375 0.8720588234375001 0.701891446875 0.859803921875 0.6977796046875 0.8470588234375 0.696546053125 0.8352941171875001 0.7006578953125 0.8279411765625 0.7088815796875 0.8254901953125 0.71792763125 0.8259803921875 0.7249177625 0.8318627453125 0.73519736875 0.8475490203125 0.741776315625 0.8754901953124999 0.7467105265625 0.8867647062499999 0.7471217109375 0.8970588234375001 0.7454769734375 0.911274509375 0.7372532890625 0.9142156859374999 0.7306743421874999 0.9142156859374999 0.71957236875 0.9107843140625 0.7138157890625
1 0.9411764703125 0.657483553125 0.936274509375 0.6525493421874999 0.9225490203125 0.648848684375 0.8838235296875 0.6484375 0.8656862750000001 0.6513157890625 0.85539215625 0.657483553125 0.8485294124999999 0.6698190796875 0.8495098046875 0.6821546046875 0.8544117640625 0.6907894734375 0.8622549015625 0.6973684203125 0.8696078437500001 0.7002467109375 0.894117646875 0.70394736875 0.925 0.703536184375 0.9377450984375001 0.6990131578125001 0.9411764703125 0.69613486875 0.9495098046875 0.6842105265625 0.9495098046875 0.671463815625 0.9411764703125 0.657483553125
1 0.832352940625 0.6274671046875 0.8200980390625 0.6229440796875 0.7872549015625 0.615953946875 0.7818627453125 0.61636513125 0.7735294125000001 0.6200657890625 0.765196078125 0.6299342109375 0.765686275 0.64761513125 0.7720588234375 0.65707236875 0.7818627453125 0.665296053125 0.7970588234375 0.673108553125 0.8102941171875001 0.6759868421874999 0.826960784375 0.6759868421874999 0.8397058828124999 0.67269736875 0.8529411765624999 0.6591282890625 0.8504901953124999 0.6455592109375 0.8446078437500001 0.6377467109375 0.832352940625 0.6274671046875
1 0.6568627453125 0.6356907890625 0.630882353125 0.63363486875 0.6210784312500001 0.6287006578125001 0.6102941171875 0.6311677625 0.6058823531249999 0.6377467109375 0.6044117640625 0.6463815796875 0.60539215625 0.65625 0.6083333328125 0.6620065796875 0.6205882359375 0.673108553125 0.6490196078125 0.6825657890625 0.659803921875 0.6825657890625 0.671568628125 0.6772203953125 0.675 0.672286184375 0.6769607843750001 0.657483553125 0.671568628125 0.6443256578125001 0.6568627453125 0.6356907890625
1 0.64460784375 0.709703946875 0.6431372546875 0.6969572375 0.6392156859375 0.6899671046875 0.6338235296875 0.6858552625 0.6210784312500001 0.680921053125 0.615196078125 0.680921053125 0.5818627453125 0.6858552625 0.559803921875 0.69449013125 0.55392156875 0.7064144734375 0.55539215625 0.7236842109375 0.5578431375 0.7290296046875 0.563725490625 0.734786184375 0.576960784375 0.7388980265625 0.5926470593750001 0.7393092109375 0.6068627453125 0.7372532890625 0.6200980390625 0.7323190796875 0.6318627453125 0.7249177625 0.63823529375 0.719161184375 0.64460784375 0.709703946875
1 0.528431371875 0.67105263125 0.521568628125 0.65707236875 0.5107843140624999 0.6513157890625 0.5044117640625 0.6509046046875 0.49411764687500004 0.6537828953125 0.4754901953125 0.66324013125 0.4661764703125 0.67105263125 0.46127450937500003 0.6821546046875 0.4602941171875 0.6969572375 0.463725490625 0.711348684375 0.46960784375 0.717516446875 0.48382352968750003 0.7249177625 0.49754902031250003 0.72574013125 0.5073529406249999 0.7236842109375 0.51960784375 0.7154605265625 0.525 0.7072368421874999 0.5294117640625 0.6854440796875 0.528431371875 0.67105263125
1 0.46666666718750005 0.6443256578125001 0.4544117640625 0.63363486875 0.43039215625000005 0.62582236875 0.40539215625 0.625 0.39509803906249996 0.633223684375 0.3818627453125 0.6517269734375 0.3764705875 0.65625 0.3759803921875 0.6591282890625 0.40539215625 0.6759868421874999 0.43235294062499996 0.68050986875 0.45490196093749996 0.68050986875 0.4681372546875 0.6751644734375 0.4735294125 0.6689967109375 0.4764705875 0.6595394734375 0.4754901953125 0.65625 0.46666666718750005 0.6443256578125001
1 0.35539215625 0.641036184375 0.3431372546875 0.6365131578125001 0.315686275 0.6373355265625 0.3063725484375 0.641036184375 0.30294117656249997 0.6451480265625 0.3014705875 0.65707236875 0.309313725 0.6689967109375 0.3186274515625 0.6759868421874999 0.3431372546875 0.6850328953125 0.367647059375 0.6850328953125 0.37254902031250003 0.6813322375 0.38088235312499996 0.670641446875 0.3794117640625 0.6603618421874999 0.3764705875 0.655016446875 0.35539215625 0.641036184375
1 0.34852941249999997 0.757401315625 0.3416666671875 0.748766446875 0.32892156875 0.7454769734375 0.3166666671875 0.7467105265625 0.284803921875 0.7545230265625 0.276960784375 0.75863486875 0.2720588234375 0.7713815796875 0.2725490203125 0.7845394734375 0.2794117640625 0.790296053125 0.2931372546875 0.79769736875 0.309803921875 0.7985197375 0.328431371875 0.796463815625 0.3436274515625 0.788651315625 0.35 0.773848684375 0.35 0.7631578953125 0.34852941249999997 0.757401315625
1 0.319117646875 0.687088815625 0.3049019609375 0.671463815625 0.29362745156250003 0.6673519734375 0.26617647031249997 0.6743421046875 0.2607843140625 0.6829769734375 0.257352940625 0.7240953953125 0.26323529375 0.7372532890625 0.2774509796875 0.74917763125 0.2990196078125 0.749588815625 0.31715686249999997 0.7467105265625 0.3235294125 0.7397203953125 0.3264705875 0.7290296046875 0.3264705875 0.7092927625 0.319117646875 0.687088815625
1 0.234803921875 0.61636513125 0.2279411765625 0.609375 0.211274509375 0.6032072375 0.18823529375 0.601973684375 0.175 0.6052631578125001 0.16323529375 0.6130756578125001 0.1583333328125 0.6200657890625 0.15637254843749998 0.6287006578125001 0.157352940625 0.6356907890625 0.1647058828125 0.6435032890625 0.175 0.648848684375 0.21176470625000002 0.6611842109375 0.2181372546875 0.6611842109375 0.22941176406250002 0.6541940796875 0.23431372499999997 0.6484375 0.23872549062499998 0.6352796046875 0.23774509843749997 0.6225328953125 0.234803921875 0.61636513125
1 0.2514705875 0.65542763125 0.2421568625 0.64925986875 0.22941176406250002 0.6500822375 0.2147058828125 0.65625 0.2107843140625 0.6595394734375 0.20686274531249998 0.6694078953125 0.20588235312499997 0.686266446875 0.2102941171875 0.7088815796875 0.217647059375 0.7228618421874999 0.22598039218750002 0.726973684375 0.253431371875 0.7245065796875 0.261274509375 0.7171052625 0.26617647031249997 0.7068256578125001 0.267647059375 0.678453946875 0.265686275 0.67105263125 0.2514705875 0.65542763125
1 0.1372549015625 0.5916940796875 0.1328431375 0.5838815796875 0.12598039218749998 0.578536184375 0.1166666671875 0.5744243421874999 0.1107843140625 0.5748355265625 0.08431372499999999 0.586348684375 0.07647058749999999 0.5908717109375 0.07107843124999999 0.5966282890625 0.06911764687500001 0.6060855265625 0.07107843124999999 0.6361019734375 0.075 0.6463815796875 0.08823529375 0.6529605265625 0.10539215625000001 0.6533717109375 0.113725490625 0.6517269734375 0.1318627453125 0.6311677625 0.1357843140625 0.6233552625 0.13823529375000002 0.60074013125 0.1372549015625 0.5916940796875
1 0.1759803921875 0.6467927625 0.16960784375 0.6389802625 0.155882353125 0.6278782890625 0.1455882359375 0.624588815625 0.13676470624999998 0.623766446875 0.128431371875 0.625411184375 0.125 0.6278782890625 0.117647059375 0.641036184375 0.1147058828125 0.6541940796875 0.11519607812499999 0.67269736875 0.119117646875 0.6846217109375 0.12892156875 0.695723684375 0.1377450984375 0.6998355265625 0.15245097968750002 0.70230263125 0.167647059375 0.70230263125 0.1745098046875 0.6998355265625 0.18039215625 0.6953125 0.1833333328125 0.686266446875 0.180882353125 0.662828946875 0.1759803921875 0.6467927625
0 0.63203125 0.6 0.115625 0.065625
1 0.5453125 0.584375 0.096875 0.06875
1 0.5186274515625 0.5431743421874999 0.51323529375 0.53125 0.5049019609375 0.5234375 0.490196078125 0.52261513125 0.46764705937500006 0.5263157890625 0.44362745156249994 0.5345394734375 0.43578431406249996 0.5411184203125 0.42941176406250003 0.5571546046875 0.4318627453125 0.571546053125 0.44117647031249996 0.5838815796875 0.4568627453125 0.5904605265625 0.4774509796875 0.5904605265625 0.496568628125 0.586348684375 0.50539215625 0.5822368421874999 0.5171568625 0.571546053125 0.5205882359375 0.5608552625 0.5186274515625 0.5431743421874999
1 0.3450980390625 0.584703946875 0.338725490625 0.5744243421874999 0.32892156875 0.5662006578125001 0.31617647031249996 0.5641447375 0.3049019609375 0.5666118421874999 0.2990196078125 0.570723684375 0.2916666671875 0.5810032890625 0.29019607812500003 0.5958059203125 0.2921568625 0.6036184203125 0.30441176406250003 0.6188322375 0.317647059375 0.6217105265625 0.3279411765625 0.6278782890625 0.340196078125 0.6266447375 0.3436274515625 0.6217105265625 0.346568628125 0.5986842109375 0.3450980390625 0.584703946875
1 0.35049019531250003 0.52261513125 0.3421568625 0.5176809203125 0.3294117640625 0.51480263125 0.2921568625 0.514391446875 0.27892156875 0.5185032890625 0.2705882359375 0.5287828953125 0.27107843125 0.5345394734375 0.276960784375 0.5431743421874999 0.2916666671875 0.5509868421874999 0.31617647031249996 0.55386513125 0.332352940625 0.55386513125 0.3431372546875 0.5513980265625 0.35392156875 0.54605263125 0.355882353125 0.5415296046875 0.35539215625 0.53125 0.35049019531250003 0.52261513125
1 0.40980392187500003 0.5127467109375 0.40098039218750003 0.501233553125 0.3916666671875 0.4958881578125 0.37892156875 0.49465460468750005 0.3681372546875 0.50082236875 0.36323529374999997 0.5057565796875 0.3578431375 0.5176809203125 0.3578431375 0.52425986875 0.359313725 0.5600328953125 0.36176470625 0.5736019734375 0.3671568625 0.5797697375 0.3818627453125 0.5826480265625 0.39509803906249996 0.5826480265625 0.40294117656250006 0.578536184375 0.40735294062499994 0.5736019734375 0.4122549015625 0.5575657890625 0.41323529375 0.524671053125 0.40980392187500003 0.5127467109375
1 0.47205882343749994 0.468338815625 0.4661764703125 0.46217105312499995 0.4568627453125 0.4572368421875 0.44215686249999997 0.4572368421875 0.43284313750000003 0.46258223750000005 0.4254901953125 0.46875 0.417647059375 0.4823190796875 0.415196078125 0.4921875 0.415196078125 0.50699013125 0.4259803921875 0.516858553125 0.43578431406249996 0.5197368421874999 0.44558823593749997 0.5197368421874999 0.4602941171875 0.514391446875 0.4681372546875 0.50699013125 0.47303921562499995 0.4971217109375 0.475 0.4806743421875 0.47205882343749994 0.468338815625
1 0.419117646875 0.42886513125 0.4044117640625 0.41940789531249995 0.3916666671875 0.413651315625 0.3852941171875 0.41282894687500005 0.3529411765625 0.41241776249999995 0.3421568625 0.414473684375 0.3299019609375 0.42023026249999995 0.3240196078125 0.4255756578125 0.32107843125 0.4333881578125 0.32058823593749997 0.44407894687500005 0.3254901953125 0.4560032890625 0.32892156875 0.45929276249999995 0.3377450984375 0.46217105312499995 0.3578431375 0.4646381578125 0.3936274515625 0.4658717109375 0.4068627453125 0.46175986875 0.4166666671875 0.453125 0.4225490203125 0.44407894687500005 0.421568628125 0.4337993421875 0.419117646875 0.42886513125
1 0.3759803921875 0.476151315625 0.3720588234375 0.4666940796875 0.3671568625 0.46340460468750005 0.3568627453125 0.460526315625 0.34460784375000003 0.4588815796875 0.3279411765625 0.45929276249999995 0.3024509796875 0.4638157890625 0.286274509375 0.4724506578125 0.27647058750000003 0.4823190796875 0.2720588234375 0.4901315796875 0.271568628125 0.49465460468750005 0.28823529375 0.515213815625 0.292647059375 0.5176809203125 0.3014705875 0.5189144734375 0.326960784375 0.5180921046875 0.35147058750000004 0.5250822375 0.355882353125 0.524671053125 0.3686274515625 0.5098684203125 0.37696078437499997 0.4950657890625 0.3759803921875 0.476151315625
1 0.25833333281250004 0.5493421046875 0.23039215624999998 0.539473684375 0.2029411765625 0.5374177625 0.17892156875 0.553453946875 0.178431371875 0.5583881578125001 0.1985294125 0.5719572375 0.22941176406250002 0.5859375 0.2450980390625 0.5908717109375 0.2563725484375 0.5921052625 0.265196078125 0.5904605265625 0.27107843125 0.58675986875 0.27352941249999996 0.5830592109375 0.271568628125 0.5653782890625 0.25833333281250004 0.5493421046875
1 0.1666666671875 0.5522203953125 0.1411764703125 0.546875 0.12598039218749998 0.546875 0.1147058828125 0.553453946875 0.11176470624999998 0.5600328953125 0.1107843140625 0.570723684375 0.12450980468749999 0.584703946875 0.1416666671875 0.5892269734375 0.173039215625 0.59292763125 0.1916666671875 0.5921052625 0.2088235296875 0.5818256578125001 0.2088235296875 0.578536184375 0.2044117640625 0.57113486875 0.198039215625 0.5653782890625 0.1666666671875 0.5522203953125
1 0.0975490203125 0.52261513125 0.07892156875 0.5127467109375 0.06274509843750001 0.5094572375 0.05 0.5135690796875 0.036274509375 0.524671053125 0.0318627453125 0.531661184375 0.0328431375 0.5431743421874999 0.038235293749999996 0.5583881578125001 0.0475490203125 0.5723684203125 0.06274509843750001 0.5826480265625 0.0740196078125 0.58675986875 0.09117647031250001 0.5859375 0.10588235312500001 0.57730263125 0.11127450937500001 0.56949013125 0.11176470624999998 0.5546875 0.10539215625000001 0.5333059203125 0.0975490203125 0.52261513125
1 0.08431372499999999 0.65625 0.075 0.6344572375 0.071568628125 0.608963815625 0.0642156859375 0.600328946875 0.052941176562500004 0.5974506578125001 0.0377450984375 0.5982730265625 0.026470587499999997 0.601973684375 0.0009803921875 0.6208881578125001 0.0024509796875 0.6611842109375 0.0049019609375 0.672286184375 0.0166666671875 0.6829769734375 0.0357843140625 0.695723684375 0.0392156859375 0.696546053125 0.052941176562500004 0.6903782890625 0.063725490625 0.6817434203125 0.08039215625 0.671875 0.08431372499999999 0.66488486875 0.08431372499999999 0.65625
1 0.20931372499999998 0.53125 0.190686275 0.5119243421874999 0.1392156859375 0.4971217109375 0.1264705875 0.49547697343749997 0.119117646875 0.501233553125 0.11323529375000001 0.5102796046875 0.10980392187500002 0.5197368421874999 0.1088235296875 0.531661184375 0.1142156859375 0.5423519734375 0.11960784375 0.546463815625 0.126960784375 0.5485197375 0.157352940625 0.548108553125 0.1759803921875 0.5513980265625 0.1892156859375 0.5501644734375 0.20392156875 0.5419407890625 0.20931372499999998 0.5345394734375 0.20931372499999998 0.53125
1 0.20833333281250002 0.46751644687500005 0.19558823593750002 0.45435855312499995 0.1872549015625 0.44983552656250003 0.1779411765625 0.4473684203125 0.15245097968750002 0.44366776249999995 0.1377450984375 0.44366776249999995 0.12401960781250002 0.4473684203125 0.1107843140625 0.4560032890625 0.10833333281249999 0.4650493421875 0.1107843140625 0.47779605312499995 0.113725490625 0.484375 0.1254901953125 0.4962993421875 0.1377450984375 0.5 0.1754901953125 0.5049342109375 0.18823529375 0.5049342109375 0.19607843125 0.5016447375 0.2063725484375 0.492598684375 0.21274509843749997 0.48314144687500005 0.21274509843749997 0.47779605312499995 0.20833333281250002 0.46751644687500005
1 0.1078431375 0.45929276249999995 0.0921568625 0.45148026249999995 0.0799019609375 0.4494243421875 0.06323529375 0.4510690796875 0.0568627453125 0.45641447343749997 0.0509803921875 0.46751644687500005 0.0514705875 0.48273026249999995 0.057352940625 0.5049342109375 0.06274509843750001 0.5106907890625 0.07892156875 0.515625 0.098039215625 0.524671053125 0.10245097968750001 0.5254934203125 0.107352940625 0.522203946875 0.12058823593750001 0.5037006578125001 0.1220588234375 0.492598684375 0.1122549015625 0.46546052656250003 0.1078431375 0.45929276249999995
1 0.2720588234375 0.46751644687500005 0.2671568625 0.4490131578125 0.26225490156250003 0.4424342109375 0.2509803921875 0.437088815625 0.215686275 0.4276315796875 0.1995098046875 0.4375 0.19558823593750002 0.4432565796875 0.19460784375 0.45476973750000005 0.20686274531249998 0.476151315625 0.209803921875 0.48889802656250003 0.21225490156250001 0.49136513125 0.21519607812500002 0.491776315625 0.22647058750000001 0.4880756578125 0.26617647031249997 0.4884868421875 0.27009803906249996 0.48560855312499995 0.2725490203125 0.4814967109375 0.2720588234375 0.46751644687500005
1 0.31323529375 0.40460526249999995 0.30882352968750004 0.3939144734375 0.29362745156250003 0.3852796046875 0.27647058750000003 0.3811677625 0.240686275 0.381578946875 0.2220588234375 0.3869243421875 0.2166666671875 0.391036184375 0.21274509843749997 0.4004934203125 0.211274509375 0.42886513125 0.21519607812500002 0.43667763125 0.23039215624999998 0.4403782890625 0.240686275 0.4416118421875 0.2813725484375 0.44078947343749997 0.2955882359375 0.43667763125 0.30784313750000003 0.4259868421875 0.31176470625 0.4189967109375 0.31323529375 0.40460526249999995
1 0.3705882359375 0.335526315625 0.365686275 0.3326480265625 0.3563725484375 0.3305921046875 0.31715686249999997 0.326891446875 0.2975490203125 0.3338815796875 0.286274509375 0.3453947375 0.280882353125 0.3573190796875 0.271568628125 0.3671875 0.27450980468749997 0.3708881578125 0.2897058828125 0.3787006578125 0.30784313750000003 0.38199013125 0.33627450937500003 0.3811677625 0.3671568625 0.3725328953125 0.3720588234375 0.3671875 0.3759803921875 0.3540296046875 0.375 0.3416940796875 0.3705882359375 0.335526315625
1 0.5166666671875 0.40090460468750005 0.5240196078125 0.39761513125 0.536274509375 0.3791118421875 0.534313725 0.3630756578125 0.53039215625 0.3544407890625 0.5078431375 0.3384046046875 0.4828431375 0.3314144734375 0.4681372546875 0.3305921046875 0.446568628125 0.3388157890625 0.43676470624999997 0.3474506578125 0.43382352968750004 0.3544407890625 0.4495098046875 0.3807565796875 0.453431371875 0.40789473750000005 0.4568627453125 0.4083059203125 0.46421568593750007 0.399671053125 0.4754901953125 0.3959703953125 0.486274509375 0.3963815796875 0.505882353125 0.40172697343749997 0.5166666671875 0.40090460468750005
1 0.44362745156249994 0.3622532890625 0.42941176406250003 0.3482730265625 0.39607843125 0.3416940796875 0.38725490156250003 0.3421052625 0.3779411765625 0.344983553125 0.3700980390625 0.3544407890625 0.3686274515625 0.368421053125 0.37254902031250003 0.38363486875 0.3779411765625 0.3951480265625 0.38823529375 0.4091282890625 0.4024509796875 0.41940789531249995 0.41323529375 0.4239309203125 0.42107843125000005 0.4247532890625 0.4318627453125 0.421875 0.448039215625 0.40625 0.4509803921875 0.3939144734375 0.4490196078125 0.3721217109375 0.44362745156249994 0.3622532890625
1 0.515686275 0.40090460468750005 0.49509803906250005 0.3935032890625 0.48480392187500004 0.39144736875 0.46764705937500006 0.3930921046875 0.4588235296875 0.3984375 0.45392156874999995 0.40748355312499995 0.45147058749999996 0.41940789531249995 0.45490196093749996 0.430098684375 0.4607843140625 0.43914473750000005 0.4774509796875 0.45641447343749997 0.48921568593750003 0.46175986875 0.5039215687499999 0.4646381578125 0.51960784375 0.4646381578125 0.5397058828125 0.45148026249999995 0.548039215625 0.4416118421875 0.542647059375 0.42804276249999995 0.5318627453125 0.4120065796875 0.515686275 0.40090460468750005
1 0.207352940625 0.382401315625 0.1911764703125 0.3733552625 0.1759803921875 0.37417763125 0.15637254843749998 0.382401315625 0.1490196078125 0.38980263125 0.1455882359375 0.4021381578125 0.1475490203125 0.429276315625 0.1514705875 0.43873355312499995 0.16323529375 0.445723684375 0.1774509796875 0.4481907890625 0.1892156859375 0.44860197343749997 0.196568628125 0.44613486875 0.2078431375 0.43832236875 0.21274509843749997 0.43050986875 0.213725490625 0.391036184375 0.207352940625 0.382401315625
1 0.10980392187500002 0.406661184375 0.094117646875 0.3967927625 0.0759803921875 0.3935032890625 0.05490196093750001 0.3873355265625 0.0235294125 0.3848684203125 0.015686275 0.3930921046875 0.013235293749999998 0.40296052656250003 0.019117646874999998 0.43092105312499995 0.0240196078125 0.43626644687500005 0.036274509375 0.44407894687500005 0.05 0.44983552656250003 0.0607843140625 0.45148026249999995 0.09117647031250001 0.45435855312499995 0.10637254843749999 0.4510690796875 0.1122549015625 0.444901315625 0.1166666671875 0.4346217109375 0.113725490625 0.4120065796875 0.10980392187500002 0.406661184375
1 0.1044117640625 0.3881578953125 0.1078431375 0.38199013125 0.1078431375 0.3634868421875 0.10539215625000001 0.3552631578125 0.09950980468750001 0.3515625 0.0759803921875 0.344161184375 0.05392156875 0.34457236875 0.026960784375 0.342516446875 0.019117646874999998 0.3458059203125 0.014705882812500001 0.350328946875 0.009803921875 0.360608553125 0.00392156875 0.3803453953125 0.003431371875 0.391858553125 0.014705882812500001 0.4025493421875 0.0235294125 0.40789473750000005 0.028921568749999998 0.40789473750000005 0.0372549015625 0.40296052656250003 0.0470588234375 0.40090460468750005 0.0799019609375 0.40378289531249995 0.0931372546875 0.40008223750000005 0.1044117640625 0.3881578953125
1 0.2544117640625 0.3326480265625 0.23382352968750003 0.329358553125 0.20539215624999999 0.3219572375 0.1911764703125 0.3231907890625 0.1813725484375 0.327713815625 0.17892156875 0.3305921046875 0.1779411765625 0.3416940796875 0.1852941171875 0.3536184203125 0.190196078125 0.36636513125 0.211274509375 0.373766446875 0.2529411765625 0.3729440796875 0.2602941171875 0.3692434203125 0.2705882359375 0.3552631578125 0.269117646875 0.3474506578125 0.26323529375 0.3384046046875 0.2544117640625 0.3326480265625
1 0.2813725484375 0.280016446875 0.265196078125 0.273848684375 0.242647059375 0.2709703953125 0.2279411765625 0.27261513125 0.22009803906249997 0.280016446875 0.2142156859375 0.3170230265625 0.22598039218750002 0.328536184375 0.2313725484375 0.3310032890625 0.26176470625000003 0.336348684375 0.269117646875 0.336348684375 0.280882353125 0.3330592109375 0.2975490203125 0.3186677625 0.2990196078125 0.305098684375 0.29460784375000004 0.2927631578125 0.2813725484375 0.280016446875
1 0.448039215625 0.2935855265625 0.44362745156249994 0.2870065796875 0.43039215625000005 0.2750822375 0.4181372546875 0.2767269734375 0.3955882359375 0.2857730265625 0.38676470625000003 0.2911184203125 0.3852941171875 0.2948190796875 0.384313725 0.3342927625 0.386274509375 0.3412828953125 0.3921568625 0.344161184375 0.4171568625 0.3478618421875 0.43137254843750006 0.3482730265625 0.4377450984375 0.3453947375 0.44607843125 0.33511513125 0.45049019531249995 0.3203125 0.45049019531249995 0.3022203953125 0.448039215625 0.2935855265625
1 0.6102941171875 0.367598684375 0.5852941171875 0.35855263125 0.5686274515624999 0.3560855265625 0.5578431375 0.3610197375 0.5524509796875 0.3671875 0.5485294125 0.3782894734375 0.5490196078125 0.3943256578125 0.553431371875 0.40501644687500005 0.5647058828125 0.421875 0.58676470625 0.43873355312499995 0.5936274515625 0.4502467109375 0.5970588234374999 0.45065789531249995 0.6259803921875 0.42804276249999995 0.630882353125 0.4189967109375 0.6289215687499999 0.4041940796875 0.61960784375 0.3782894734375 0.6102941171875 0.367598684375
1 0.6578431375 0.5139802625 0.6455882359375 0.5020559203125 0.6343137249999999 0.49876644687500005 0.60539215625 0.4979440796875 0.5936274515625 0.492598684375 0.5911764703125 0.4979440796875 0.5852941171875 0.548108553125 0.590196078125 0.5686677625 0.59460784375 0.5740131578125001 0.6024509796874999 0.57730263125 0.6338235296875 0.577713815625 0.6475490203125001 0.5731907890625 0.6514705875 0.569078946875 0.6563725484375 0.5587993421874999 0.66323529375 0.5279605265625 0.6578431375 0.5139802625
1 0.601960784375 0.6307565796875 0.59607843125 0.6212993421874999 0.582352940625 0.6073190796875 0.5421568625 0.618421053125 0.523039215625 0.6266447375 0.5161764703125 0.63199013125 0.511274509375 0.6430921046875 0.511274509375 0.648026315625 0.5279411765625001 0.6751644734375 0.5313725484375 0.678453946875 0.5377450984375 0.680098684375 0.5485294125 0.680098684375 0.5686274515624999 0.6763980265625 0.578431371875 0.67269736875 0.586274509375 0.6665296046875 0.601960784375 0.6344572375 0.601960784375 0.6307565796875
1 0.7296875 0.6046875 0.1 0.0765625
1 0.821875 0.59375 0.103125 0.06875
1 0.75546875 0.55 0.1078125 0.0546875
1 0.92890625 0.625 0.1078125 0.0703125
1 0.93671875 0.55625 0.0875 0.075
1 0.878125 0.54921875 0.0921875 0.075
1 0.78125 0.496875 0.115625 0.0578125
1 0.825 0.45625 0.1171875 0.0625
1 0.92421875 0.49296875 0.096875 0.08125
1 0.69609375 0.50703125 0.09375 0.078125
1 0.715625 0.4515625 0.103125 0.0625
1 0.63515625 0.46171875 0.096875 0.08125
1 0.46484375 0.25859375 0.0875 0.075
1 0.3421875 0.29609375 0.0875 0.06875
1 0.384375 0.25078125 0.084375 0.08125
1 0.3078125 0.24296875 0.109375 0.0625
1 0.1796875 0.3 0.08125 0.0828125
1 0.115625 0.31640625 0.084375 0.0828125
1 0.215625 0.2484375 0.1 0.0765625
1 0.13203125 0.2375 0.075 0.0828125
1 0.3140625 0.17734375 0.096875 0.0828125
1 0.25234375 0.19453125 0.0953125 0.0703125
1 0.17734375 0.1890625 0.0890625 0.078125
1 0.22890625 0.1359375 0.1125 0.075
1 0.16171875 0.11328125 0.11875 0.0734375
1 0.05390625 0.1921875 0.1 0.06875
1 0.053125 0.25390625 0.090625 0.0828125
1 0.134375 0.05703125 0.0921875 0.075
1 0.05390625 0.11171875 0.08125 0.078125
1 0.23671875 0.06328125 0.09375 0.065625
1 0.38125 0.10078125 0.090625 0.1
1 0.30234375 0.10078125 0.090625 0.0984375
1 0.44375 0.2015625 0.103125 0.071875
1 0.4875 0.109375 0.1078125 0.08125
1 0.4453125 0.034375 0.1125 0.06875
1 0.73828125 0.30703125 0.096875 0.06875
1 0.67578125 0.321875 0.078125 0.071875
1 0.6015625 0.32734375 0.071875 0.0625
1 0.54453125 0.309375 0.065625 0.0984375
1 0.75625 0.4078125 0.0828125 0.0984375
1 0.71328125 0.37890625 0.065625 0.06875
1 0.65234375 0.38359375 0.084375 0.071875
1 0.8296875 0.38828125 0.0875 0.0859375
1 0.93125 0.40546875 0.090625 0.084375
1 0.8171875 0.3125 0.0875 0.0921875
1 0.68125 0.25234375 0.103125 0.0703125
1 0.61484375 0.2703125 0.109375 0.065625
1 0.6046875 0.203125 0.096875 0.0625
1 0.528125 0.23203125 0.084375 0.078125
1 0.51484375 0.1703125 0.1046875 0.0578125
1 0.6640625 0.1125 0.10625 0.075
1 0.57890625 0.115625 0.084375 0.06875
1 0.55234375 0.06484375 0.096875 0.0609375
1 0.7765625 0.11015625 0.1109375 0.0734375
1 0.7078125 0.07421875 0.090625 0.084375
1 0.63359375 0.04765625 0.096875 0.0625
1 0.72265625 0.17890625 0.08125 0.08125
1 0.8125 0.17890625 0.090625 0.0734375
1 0.88515625 0.21875 0.08125 0.08125
0 0.8234375 0.234375 0.084375 0.065625
1 0.95625 0.33203125 0.078125 0.0828125
1 0.90078125 0.3453125 0.08125 0.109375
1 0.9546875 0.2515625 0.090625 0.090625
1 0.94609375 0.1890625 0.103125 0.053125
1 0.90546875 0.08671875 0.0921875 0.078125
1 0.96875 0.05390625 0.0625 0.09375
1 0.89921875 0.0390625 0.0828125 0.078125
1 0.82578125 0.0453125 0.10625 0.05
1 0.840625 0.1015625 0.075 0.0625