1 0.96875 0.96484375 0.059375 0.0703125
0 0.946875 0.82578125 0.1 0.05
0 0.91171875 0.77578125 0.109375 0.05625
0 0.92890625 0.8875 0.09375 0.0609375
1 0.93984375 0.72265625 0.096875 0.05625
1 0.97265625 0.65859375 0.0546875 0.0703125
0 0.98046875 0.6015625 0.0375 0.0484375
0 0.89296875 0.640625 0.075 0.0828125
0 0.85625 0.7203125 0.0625 0.075
0 0.8671875 0.83984375 0.0734375 0.096875
1 0.79453125 0.88984375 0.0875 0.0578125
1 0.78359375 0.8015625 0.1 0.053125
1 0.73125 0.85546875 0.08125 0.065625
1 0.71171875 0.93046875 0.06875 0.0890625
1 0.81640625 0.6703125 0.078125 0.08125
0 0.7546875 0.7078125 0.1 0.0640625
0 0.7375 0.76015625 0.084375 0.053125
0 0.6765625 0.815625 0.071875 0.0765625
1 0.60390625 0.8765625 0.1125 0.059375
1 0.93359375 0.5796875 0.0796875 0.0515625
1 0.915625 0.5265625 0.096875 0.0625
1 0.9359375 0.4734375 0.059375 0.0609375
0 0.85546875 0.5625 0.0875 0.0859375
0 0.81328125 0.59609375 0.084375 0.071875
0 0.75859375 0.6296875 0.1046875 0.0703125
0 0.86953125 0.48203125 0.078125 0.059375
1 0.9625 0.41953125 0.075 0.0734375
0 0.87109375 0.421875 0.109375 0.05625
0 0.8140625 0.4421875 0.078125 0.06875
0 0.78515625 0.49296875 0.0921875 0.0515625
0 0.75390625 0.5421875 0.0890625 0.053125
0 0.70078125 0.59921875 0.05625 0.065625
0 0.6859375 0.66484375 0.071875 0.08125
0 0.65859375 0.7390625 0.103125 0.071875
0 0.61171875 0.8 0.0921875 0.065625
0 0.57421875 0.76484375 0.06875 0.0640625
0 0.56328125 0.70625 0.084375 0.053125
1 0.603125 0.66953125 0.1 0.059375
0 0.94609375 0.3484375 0.071875 0.0703125
0 0.9796875 0.26640625 0.040625 0.0734375
0 0.93203125 0.27109375 0.0734375 0.071875
0 0.9109375 0.2046875 0.09375 0.053125
0 0.93671875 0.16015625 0.0765625 0.071875
1 0.9765625 0.209375 0.046875 0.05
0 0.9828125 0.16328125 0.034375 0.0546875
1 0.96796875 0.05390625 0.0640625 0.075
1 0.8671875 0.3734375 0.1 0.05
1 0.87265625 0.3265625 0.096875 0.059375
0 0.8671875 0.2578125 0.071875 0.0875
0 0.8421875 0.13359375 0.065625 0.075
0 0.83359375 0.02109375 0.1046875 0.0421875
1 0.80859375 0.19765625 0.08125 0.059375
1 0.76875 0.0859375 0.1 0.059375
1 0.759375 0.14296875 0.1 0.0578125
0 0.75390625 0.02578125 0.0875 0.0484375
0 0.7 0.059375 0.0921875 0.0625
1 0.67890625 0.11640625 0.09375 0.0609375
1 0.69609375 0.184375 0.0625 0.078125
0 0.80859375 0.25234375 0.0671875 0.06875
0 0.74375 0.25703125 0.0625 0.071875
0 0.80234375 0.32109375 0.065625 0.084375
0 0.790625 0.38828125 0.078125 0.05625
1 0.7390625 0.3375 0.0890625 0.078125
0 0.740625 0.45234375 0.096875 0.075
0 0.70390625 0.3953125 0.084375 0.059375
0 0.7 0.50390625 0.078125 0.0625
0 0.640625 0.60859375 0.0625 0.075
0 0.6625 0.546875 0.05625 0.05
0 0.61484375 0.49140625 0.084375 0.040625
0 0.603125 0.53984375 0.096875 0.059375
1 0.59921875 0.45859375 0.0875 0.046875
1 0.63046875 0.41953125 0.0875 0.0609375
1 0.59921875 0.36953125 0.090625 0.05
0 0.65390625 0.33046875 0.078125 0.08125
0 0.6734375 0.26640625 0.08125 0.071875
0 0.63125 0.20625 0.0859375 0.075
0 0.61953125 0.153125 0.0984375 0.05
0 0.5859375 0.1125 0.090625 0.065625
1 0.61484375 0.0578125 0.1 0.071875
0 0.5328125 0.0375 0.084375 0.0578125
0 0.5015625 0.084375 0.06875 0.059375
0 0.44921875 0.0625 0.0671875 0.0578125
0 0.4625 0.0171875 0.115625 0.034375
1 0.58671875 0.3078125 0.0671875 0.0796875
0 0.5734375 0.23671875 0.075 0.06875
0 0.52578125 0.18125 0.0921875 0.05
1 0.4609375 0.1671875 0.0671875 0.071875
0 0.5046875 0.24453125 0.090625 0.0734375
0 0.52109375 0.31484375 0.0890625 0.05625
0 0.54140625 0.3953125 0.08125 0.075
0 0.5171875 0.44375 0.0640625 0.065625
0 0.52578125 0.50078125 0.0984375 0.0578125
0 0.51015625 0.55703125 0.10625 0.0546875
0 0.55 0.59453125 0.090625 0.046875
0 0.5265625 0.65078125 0.09375 0.059375
0 0.46875 0.61328125 0.090625 0.05625
0 0.49140625 0.7265625 0.096875 0.078125
0 0.53203125 0.825 0.06875 0.0875
1 0.484375 0.8546875 0.090625 0.075
0 0.4328125 0.92109375 0.0875 0.071875
0 0.421875 0.77109375 0.084375 0.0703125
1 0.4015625 0.84921875 0.084375 0.0734375
0 0.36484375 0.80078125 0.0765625 0.059375
0 0.3828125 0.70625 0.059375 0.071875
1 0.41171875 0.6421875 0.0875 0.071875
1 0.425 0.5515625 0.06875 0.075
1 0.4453125 0.4890625 0.084375 0.0515625
0 0.46015625 0.43515625 0.06875 0.0625
0 0.45859375 0.3671875 0.071875 0.075
0 0.4140625 0.31484375 0.0875 0.06875
1 0.42578125 0.24375 0.06875 0.075
1 0.403125 0.17734375 0.075 0.0734375
0 0.3890625 0.11171875 0.078125 0.0640625
1 0.33515625 0.03671875 0.1 0.059375
1 0.37265625 0.23359375 0.059375 0.05625
1 0.3640625 0.2953125 0.075 0.06875
0 0.38046875 0.36953125 0.0875 0.0515625
0 0.40078125 0.43359375 0.0703125 0.08125
0 0.3765625 0.5046875 0.08125 0.075
0 0.34765625 0.57890625 0.08125 0.078125
0 0.3328125 0.65 0.059375 0.0734375
0 0.3125 0.74296875 0.08125 0.078125
0 0.29140625 0.83125 0.075 0.084375
1 0.33125 0.89921875 0.090625 0.0609375
0 0.23984375 0.75234375 0.0703125 0.090625
0 0.1828125 0.8328125 0.078125 0.059375
0 0.07265625 0.88359375 0.071875 0.0953125
0 0.196875 0.6875 0.075 0.071875
0 0.2671875 0.6671875 0.090625 0.059375
0 0.275 0.6046875 0.0875 0.05
1 0.1390625 0.728125 0.0890625 0.0671875
1 0.06328125 0.74296875 0.084375 0.0484375
0 0.06484375 0.69296875 0.0875 0.0515625
0 0.078125 0.63984375 0.0875 0.053125
1 0.1328125 0.609375 0.0796875 0.059375
0 0.19921875 0.58671875 0.075 0.075
0 0.04453125 0.58828125 0.0875 0.0671875
1 0.03125 0.546875 0.0625 0.059375
0 0.265625 0.54765625 0.096875 0.05
0 0.1203125 0.56484375 0.0859375 0.040625
0 0.11484375 0.5171875 0.0734375 0.065625
0 0.1765625 0.5109375 0.075 0.0765625
1 0.0609375 0.46875 0.065625 0.0875
0 0.30625 0.51328125 0.0875 0.053125
1 0.31015625 0.45859375 0.0890625 0.059375
1 0.23671875 0.490625 0.0625 0.071875
0 0.17421875 0.44921875 0.075 0.05625
1 0.11875 0.4515625 0.065625 0.08125
0 0.125 0.39296875 0.096875 0.046875
0 0.30390625 0.4140625 0.103125 0.0484375
0 0.22265625 0.3984375 0.0875 0.065625
1 0.04375 0.390625 0.06875 0.075
0 0.29765625 0.3515625 0.075 0.0625
1 0.2625 0.33515625 0.0875 0.0625
1 0.18828125 0.34765625 0.09375 0.0625
0 0.08984375 0.33515625 0.0875 0.0578125
0 0.03125 0.296875 0.0625 0.05
1 0.175 0.28828125 0.0671875 0.0875
0 0.11640625 0.27734375 0.05625 0.08125
0 0.08203125 0.2578125 0.065625 0.06875
0 0.2953125 0.2671875 0.075 0.065625
0 0.23359375 0.2734375 0.065625 0.078125
1 0.30234375 0.209375 0.078125 0.0640625
1 0.2296875 0.221875 0.0921875 0.053125
0 0.1234375 0.20703125 0.075 0.0671875
0 0.25546875 0.165625 0.065625 0.0546875
0 0.20546875 0.1625 0.0546875 0.071875
1 0.284375 0.10234375 0.08125 0.06875
0 0.234375 0.07578125 0.075 0.075
1 0.178125 0.1 0.06875 0.08125
1 0.11875 0.1203125 0.071875 0.08125
1 0.09140625 0.05 0.090625 0.0625