1 0.03828125 0.034375 0.059375 0.06875
0 0.10234375 0.025 0.07421875 0.04921875
0 0.0875 0.06328125 0.07421875 0.059375
0 0.15390625 0.10625 0.0546875 0.09453125
0 0.10234375 0.12109375 0.078125 0.07421875
0 0.1828125 0.03671875 0.0765625 0.0734375
0 0.2609375 0.03515625 0.06875 0.0703125
0 0.315625 0.02109375 0.05234375 0.04140625
0 0.31640625 0.071875 0.09609375 0.07890625
0 0.2046875 0.17421875 0.078125 0.0796875
0 0.07578125 0.27578125 0.07109375 0.07578125
0 0.1265625 0.253125 0.0765625 0.0734375
0 0.16640625 0.3109375 0.0859375 0.0703125
0 0.18515625 0.37109375 0.0828125 0.06640625
0 0.15859375 0.43046875 0.0640625 0.0921875
0 0.071875 0.35703125 0.07890625 0.065625
0 0.121875 0.38125 0.04921875 0.08828125
0 0.08203125 0.44765625 0.06796875 0.09609375
1 0.04375 0.12265625 0.059375 0.10703125
1 0.08125 0.20390625 0.0703125 0.084375
1 0.02265625 0.221875 0.0453125 0.10859375
1 0.0234375 0.321875 0.046875 0.11328125
0 0.221875 0.11953125 0.075 0.0671875
1 0.0140625 0.07734375 0.028125 0.059375
0 0.31875 0.12890625 0.07265625 0.05859375
0 0.2859375 0.19453125 0.071875 0.08203125
0 0.209375 0.24453125 0.0453125 0.07890625
0 0.2515625 0.24140625 0.04453125 0.0921875
0 0.23828125 0.31640625 0.0671875 0.0875
0 0.2828125 0.2796875 0.0578125 0.08515625
0 0.359375 0.1796875 0.06796875 0.0609375
1 0.3875 0.02265625 0.08125 0.0453125
1 0.38125 0.08359375 0.05546875 0.0796875
1 0.44453125 0.0484375 0.08359375 0.06875
1 0.43671875 0.1078125 0.0734375 0.06875
0 0.409375 0.175 0.0421875 0.0875
0 0.453125 0.18515625 0.053125 0.08828125
0 0.3484375 0.2328125 0.0765625 0.05859375
0 0.42265625 0.25859375 0.08125 0.096875
0 0.5015625 0.13515625 0.07734375 0.075
0 0.50390625 0.06171875 0.0453125 0.0890625
0 0.54609375 0.04921875 0.06640625 0.0765625
0 0.61171875 0.096875 0.06953125 0.08359375
0 0.5828125 0.03125 0.075 0.0625
0 0.64609375 0.065625 0.0546875 0.0875
0 0.6796875 0.02265625 0.0625 0.0453125
0 0.76328125 0.0375 0.0578125 0.07421875
0 0.678125 0.15703125 0.04921875 0.10546875
0 0.6234375 0.16640625 0.0765625 0.07734375
0 0.6328125 0.23828125 0.065625 0.0828125
0 0.5578125 0.17578125 0.06015625 0.07421875
0 0.5703125 0.24375 0.06484375 0.08125
0 0.56171875 0.11953125 0.0671875 0.07578125
0 0.73203125 0.12734375 0.0671875 0.07734375
0 0.70625 0.07890625 0.06484375 0.059375
0 0.7875 0.11796875 0.0578125 0.084375
1 0.82265625 0.071875 0.0703125 0.0640625
1 0.81640625 0.028125 0.078125 0.05625
1 0.87265625 0.01484375 0.06015625 0.0296875
1 0.928125 0.02109375 0.053125 0.0421875
1 0.9390625 0.09609375 0.0546875 0.08671875
0 0.8890625 0.1109375 0.05546875 0.0984375
0 0.85625 0.19609375 0.0796875 0.06640625
0 0.77890625 0.1953125 0.071875 0.08046875
0 0.72421875 0.221875 0.0625 0.09921875
0 0.7953125 0.28671875 0.08203125 0.07734375
0 0.88359375 0.27578125 0.06171875 0.08828125
0 0.25234375 0.37734375 0.06328125 0.0515625
0 0.30703125 0.353125 0.06328125 0.08203125
0 0.3609375 0.3515625 0.06171875 0.078125
0 0.396875 0.31328125 0.06484375 0.090625
0 0.46640625 0.32578125 0.0640625 0.08671875
0 0.4953125 0.2609375 0.0796875 0.0765625
0 0.540625 0.33359375 0.06328125 0.09765625
1 0.509375 0.20703125 0.07265625 0.071875
1 0.33671875 0.29140625 0.06875 0.06640625
1 0.41171875 0.38828125 0.0484375 0.08046875
1 0.45390625 0.40625 0.0515625 0.09453125
0 0.503125 0.3734375 0.05390625 0.0953125
1 0.60390625 0.30625 0.07421875 0.07109375
1 0.67109375 0.2828125 0.0578125 0.10546875
1 0.72265625 0.30703125 0.05546875 0.0671875
1 0.9484375 0.21015625 0.06640625 0.08203125
1 0.934375 0.30078125 0.059375 0.11328125
0 0.9765625 0.2984375 0.04609375 0.1
0 0.859375 0.34609375 0.06640625 0.05703125
0 0.92109375 0.38984375 0.05546875 0.090625
0 0.98046875 0.40546875 0.03828125 0.096875
0 0.73828125 0.378125 0.08125 0.06875
0 0.67265625 0.37578125 0.0578125 0.09375
0 0.615625 0.371875 0.0640625 0.065625
0 0.57578125 0.4140625 0.07734375 0.078125
0 0.6109375 0.4359375 0.05546875 0.06015625
0 0.671875 0.453125 0.08125 0.06640625
0 0.73515625 0.43359375 0.06171875 0.06875
0 0.79453125 0.4703125 0.07109375 0.06796875
0 0.7828125 0.53359375 0.06015625 0.06328125
1 0.7890625 0.38515625 0.0625 0.1
0 0.84765625 0.4046875 0.07734375 0.0828125
1 0.89921875 0.4671875 0.071875 0.075
1 0.840625 0.490625 0.06953125 0.0828125
0 0.94296875 0.53671875 0.05625 0.08515625
1 0.9796875 0.496875 0.040625 0.090625
1 0.8828125 0.53515625 0.07265625 0.07265625
0 0.834375 0.56796875 0.06328125 0.08515625
0 0.89296875 0.6078125 0.06875 0.0796875
0 0.96328125 0.634375 0.05 0.09765625
0 0.934375 0.68359375 0.0515625 0.0921875
0 0.8765625 0.68671875 0.06015625 0.0734375
0 0.87578125 0.76484375 0.05703125 0.0796875
0 0.72890625 0.49453125 0.0734375 0.0625
0 0.69765625 0.56875 0.07421875 0.0734375
0 0.765625 0.5828125 0.0765625 0.06171875
0 0.8015625 0.63671875 0.07890625 0.084375
0 0.81328125 0.77109375 0.053125 0.096875
0 0.78828125 0.71875 0.05 0.09296875
0 0.72265625 0.66171875 0.07734375 0.0625
0 0.73125 0.715625 0.08046875 0.07109375
0 0.73984375 0.771875 0.07421875 0.065625
0 0.76796875 0.815625 0.0734375 0.065625
1 0.02578125 0.471875 0.0515625 0.07265625
1 0.053125 0.5328125 0.06015625 0.0859375
1 0.01953125 0.59375 0.0390625 0.07109375
1 0.1109375 0.56640625 0.0640625 0.0875
1 0.2125 0.4453125 0.07265625 0.0921875
1 0.28359375 0.41953125 0.0765625 0.0671875
1 0.2796875 0.46640625 0.08046875 0.06875
1 0.2 0.5203125 0.08203125 0.06875
0 0.34765625 0.421875 0.05625 0.08359375
0 0.3984375 0.4359375 0.059375 0.103125
0 0.3359375 0.50078125 0.0578125 0.0703125
0 0.37890625 0.50546875 0.05234375 0.065625
0 0.46875 0.47265625 0.09375 0.07734375
1 0.484375 0.53828125 0.0703125 0.07890625
1 0.409375 0.52890625 0.06796875 0.0671875
1 0.0921875 0.6328125 0.065625 0.08984375
1 0.165625 0.609375 0.05859375 0.1
1 0.1140625 0.70546875 0.06484375 0.0984375
1 0.075 0.8078125 0.059375 0.0953125
1 0.20390625 0.6796875 0.06015625 0.10078125
0 0.1671875 0.71796875 0.06484375 0.08828125
0 0.234375 0.61328125 0.07265625 0.0765625
1 0.259375 0.69765625 0.05390625 0.103125
0 0.2875 0.57578125 0.06484375 0.0625
0 0.33984375 0.58125 0.05546875 0.09296875
0 0.3890625 0.590625 0.0703125 0.0609375
0 0.478125 0.60859375 0.08828125 0.0703125
0 0.51171875 0.6328125 0.0890625 0.0625
0 0.55 0.54921875 0.08046875 0.078125
0 0.58203125 0.490625 0.06953125 0.071875
1 0.64765625 0.50703125 0.07265625 0.06875
0 0.62734375 0.5609375 0.07109375 0.078125
0 0.5890625 0.6015625 0.0609375 0.0796875
0 0.65625 0.6234375 0.07421875 0.06640625
0 0.646875 0.68046875 0.08203125 0.07578125
0 0.565625 0.68515625 0.06796875 0.08671875
0 0.59609375 0.74765625 0.06171875 0.090625
0 0.665625 0.75703125 0.075 0.06953125
1 0.66875 0.81796875 0.07265625 0.06875
1 0.70859375 0.86484375 0.05390625 0.1109375
0 0.77421875 0.87109375 0.08359375 0.06015625
1 0.84375 0.89375 0.06796875 0.0671875
1 0.88359375 0.95625 0.0578125 0.06015625
1 0.85 0.97421875 0.05703125 0.0515625
0 0.80234375 0.9515625 0.0578125 0.096875
0 0.7515625 0.93203125 0.06171875 0.06875
1 0.753125 0.98203125 0.046875 0.0359375
0 0.70625 0.96015625 0.05234375 0.0796875
0 0.66484375 0.91015625 0.06171875 0.10546875
0 0.6046875 0.81015625 0.084375 0.0671875
0 0.60703125 0.86484375 0.08125 0.05859375
0 0.60546875 0.91640625 0.075 0.05390625
0 0.58984375 0.96796875 0.04921875 0.0640625
0 0.54609375 0.96640625 0.0609375 0.0671875
0 0.54140625 0.90625 0.0515625 0.0796875
0 0.5359375 0.8421875 0.07890625 0.06953125
0 0.54140625 0.78046875 0.0453125 0.0765625
0 0.5109375 0.70859375 0.0625 0.09609375
1 0.49921875 0.7765625 0.053125 0.09375
1 0.39140625 0.6421875 0.07109375 0.05703125
0 0.43203125 0.67734375 0.084375 0.07265625
0 0.4484375 0.72734375 0.0796875 0.06640625
1 0.45078125 0.79609375 0.06484375 0.08125
0 0.47109375 0.86484375 0.0796875 0.06171875
0 0.48984375 0.9375 0.05625 0.103125
0 0.4421875 0.9421875 0.06171875 0.1015625
0 0.409375 0.86328125 0.05625 0.071875
0 0.39765625 0.8234375 0.0671875 0.06640625
0 0.3328125 0.6625 0.065625 0.07734375
0 0.3703125 0.71953125 0.0734375 0.06640625
0 0.3734375 0.7671875 0.08125 0.06015625
0 0.303125 0.73984375 0.07734375 0.08984375
1 0.34296875 0.81171875 0.059375 0.05546875
1 0.3515625 0.87890625 0.05859375 0.08828125
0 0.3 0.8734375 0.06171875 0.10546875
0 0.3859375 0.96015625 0.05546875 0.0796875
1 0.33125 0.946875 0.0609375 0.08046875
0 0.28359375 0.96796875 0.0484375 0.0640625
0 0.21953125 0.89453125 0.05546875 0.084375
0 0.16328125 0.89609375 0.0515625 0.10390625
0 0.1421875 0.8140625 0.06015625 0.1015625
0 0.209375 0.7828125 0.06171875 0.09375
1 0.24765625 0.809375 0.05546875 0.08984375