0 0.05625 0.0546875 0.0765625 0.07890625
1 0.1 0.0359375 0.06328125 0.071875
0 0.15234375 0.03359375 0.0703125 0.0671875
0 0.228125 0.0125 0.09453125 0.025
0 0.2125 0.0640625 0.046875 0.0765625
1 0.265625 0.0671875 0.07734375 0.06953125
1 0.17265625 0.1125 0.05859375 0.08359375
1 0.1296875 0.14921875 0.05859375 0.08984375
0 0.034375 0.0921875 0.06875 0.075
0 0.04375 0.1578125 0.084375 0.06328125
0 0.10859375 0.21953125 0.08515625 0.06484375
1 0.05703125 0.234375 0.071875 0.10234375
0 0.2046875 0.2171875 0.0765625 0.07109375
1 0.28125 0.16015625 0.090625 0.07265625
0 0.3453125 0.09375 0.07578125 0.06640625
0 0.32109375 0.025 0.0796875 0.05
0 0.4 0.05859375 0.0765625 0.08203125
1 0.39375 0.0140625 0.07578125 0.028125
0 0.46875 0.08515625 0.06640625 0.11328125
0 0.53828125 0.08984375 0.090625 0.08984375
0 0.53515625 0.01875 0.0734375 0.03671875
0 0.59921875 0.04140625 0.07109375 0.075
1 0.671875 0.02734375 0.053125 0.0546875
0 0.715625 0.05078125 0.05 0.1015625
0 0.76328125 0.0421875 0.0640625 0.0734375
1 0.82890625 0.02109375 0.0734375 0.0421875
1 0.89375 0.0375 0.06796875 0.07421875
1 0.94453125 0.03125 0.06328125 0.0625
1 0.80859375 0.0703125 0.0796875 0.0640625
0 0.88125 0.10078125 0.06640625 0.0984375
0 0.66015625 0.08046875 0.06640625 0.0609375
0 0.61796875 0.12421875 0.075 0.05078125
0 0.7140625 0.134375 0.05625 0.0828125
0 0.7640625 0.13203125 0.05234375 0.10078125
1 0.825 0.153125 0.07421875 0.06484375
0 0.971875 0.15078125 0.05625 0.0875
0 0.8796875 0.203125 0.0671875 0.05859375
1 0.978125 0.2234375 0.04296875 0.0828125
1 0.9546875 0.25625 0.0625 0.06953125
0 0.81640625 0.22421875 0.06796875 0.08125
1 0.87421875 0.259375 0.08046875 0.0609375
1 0.76015625 0.215625 0.05625 0.0859375
0 0.66328125 0.17578125 0.0734375 0.0703125
0 0.709375 0.20390625 0.0578125 0.08828125
0 0.5984375 0.2046875 0.05546875 0.09609375
0 0.528125 0.1546875 0.084375 0.06796875
0 0.43125 0.1390625 0.08203125 0.06640625
0 0.359375 0.15546875 0.07578125 0.06796875
0 0.46796875 0.18671875 0.07578125 0.06015625
0 0.4078125 0.2140625 0.05546875 0.09609375
0 0.46328125 0.25 0.0828125 0.075
1 0.52890625 0.21484375 0.0796875 0.06875
0 0.55078125 0.26484375 0.08046875 0.06171875
0 0.26015625 0.22734375 0.04921875 0.08125
0 0.30546875 0.234375 0.06171875 0.09375
0 0.3546875 0.21875 0.07109375 0.103125
1 0.0703125 0.3296875 0.06484375 0.0921875
0 0.125 0.31484375 0.053125 0.109375
1 0.1765625 0.2953125 0.0546875 0.0828125
0 0.2265625 0.28359375 0.05390625 0.096875
1 0.29375 0.3125 0.0625 0.08671875
1 0.34765625 0.3046875 0.05390625 0.08671875
0 0.4078125 0.29609375 0.07890625 0.0828125
1 0.5140625 0.32109375 0.078125 0.0703125
1 0.65078125 0.24296875 0.06953125 0.06875
1 0.70234375 0.2828125 0.07109375 0.07578125
0 0.7734375 0.29453125 0.084375 0.0703125
0 0.84921875 0.31484375 0.08125 0.06328125
1 0.91640625 0.35078125 0.0609375 0.09453125
1 0.96953125 0.34921875 0.059375 0.0984375
1 0.62421875 0.28828125 0.07578125 0.08125
1 0.67578125 0.346875 0.06484375 0.08984375
0 0.59140625 0.334375 0.078125 0.08125
1 0.72265625 0.375 0.046875 0.08359375
0 0.77890625 0.35 0.0765625 0.05
1 0.859375 0.384375 0.06015625 0.1
0 0.9453125 0.4421875 0.0546875 0.07578125
1 0.97890625 0.42265625 0.04140625 0.078125
0 0.9078125 0.471875 0.04296875 0.09140625
1 0.97109375 0.5109375 0.0578125 0.103125
0 0.8578125 0.46875 0.06328125 0.065625
1 0.865625 0.5296875 0.07734375 0.06328125
1 0.80625 0.4328125 0.0546875 0.0890625
1 0.759375 0.428125 0.05390625 0.09765625
0 0.63203125 0.40390625 0.0765625 0.06015625
0 0.575 0.41640625 0.053125 0.11640625
0 0.6265625 0.4875 0.06796875 0.10703125
0 0.70390625 0.47265625 0.07890625 0.08125
0 0.453125 0.3671875 0.0640625 0.0828125
0 0.4703125 0.34609375 0.05390625 0.071875
1 0.525 0.38828125 0.059375 0.07890625
1 0.37421875 0.38203125 0.0796875 0.075
1 0.30390625 0.396875 0.0734375 0.06953125
0 0.2296875 0.3640625 0.090625 0.08515625
0 0.16484375 0.38046875 0.04921875 0.103125
0 0.11640625 0.40625 0.08046875 0.07578125
1 0.05546875 0.484375 0.06953125 0.09921875
0 0.15 0.48046875 0.06328125 0.09375
0 0.2171875 0.45 0.07421875 0.07265625
0 0.28515625 0.46171875 0.0671875 0.10078125
0 0.35390625 0.446875 0.08125 0.0703125
0 0.4203125 0.44921875 0.0578125 0.09296875
1 0.475 0.45625 0.05703125 0.0859375
1 0.52421875 0.45703125 0.05625 0.08359375
1 0.56484375 0.50703125 0.05546875 0.09609375
0 0.64921875 0.54921875 0.0640625 0.07265625
1 0.75 0.51484375 0.0609375 0.0796875
1 0.80078125 0.521875 0.0734375 0.08828125
1 0.97265625 0.61015625 0.0546875 0.0953125
0 0.925 0.60859375 0.04921875 0.08359375
1 0.97265625 0.6984375 0.0546875 0.0875
1 0.92578125 0.69140625 0.06171875 0.09765625
1 0.95 0.75859375 0.06484375 0.08046875
0 0.9765625 0.81953125 0.046875 0.1078125
1 0.9296875 0.88046875 0.05703125 0.09375
1 0.91796875 0.80390625 0.05859375 0.059375
0 0.86875 0.8265625 0.05625 0.103125
1 0.88046875 0.95234375 0.05859375 0.09375
1 0.815625 0.96953125 0.06875 0.0609375
1 0.76484375 0.978125 0.0609375 0.04375
1 0.75859375 0.92421875 0.06875 0.075
0 0.80234375 0.8234375 0.0703125 0.078125
0 0.8265625 0.59765625 0.0578125 0.09453125
0 0.87421875 0.63515625 0.05703125 0.08046875
1 0.84453125 0.71640625 0.0625 0.09453125
0 0.78046875 0.6109375 0.0515625 0.08125
0 0.80078125 0.6765625 0.07421875 0.0609375
0 0.778125 0.7609375 0.0640625 0.07421875
0 0.73671875 0.6140625 0.05 0.08671875
0 0.75390625 0.70625 0.0515625 0.09296875
1 0.6984375 0.56484375 0.05546875 0.09296875
1 0.70078125 0.659375 0.06015625 0.11015625
0 0.646875 0.6109375 0.06171875 0.05859375
0 0.678125 0.73828125 0.0578125 0.10390625
1 0.72109375 0.7875 0.053125 0.10859375
0 0.734375 0.8828125 0.07734375 0.0515625
1 0.66953125 0.87734375 0.06328125 0.084375
0 0.690625 0.94921875 0.059375 0.09453125
0 0.59921875 0.92109375 0.0546875 0.078125
1 0.62734375 0.69375 0.06328125 0.09921875
1 0.61953125 0.76953125 0.0890625 0.0703125
0 0.6109375 0.8359375 0.0734375 0.0640625
0 0.575 0.58046875 0.0796875 0.07421875
0 0.5734375 0.65078125 0.08203125 0.0734375
1 0.5421875 0.725 0.08671875 0.078125
1 0.525 0.7921875 0.075 0.0703125
1 0.534375 0.86796875 0.0734375 0.090625
1 0.5609375 0.9609375 0.06015625 0.078125
0 0.47421875 0.88046875 0.05625 0.09765625
1 0.51796875 0.5421875 0.06875 0.078125
1 0.45390625 0.53515625 0.065625 0.0765625
1 0.50546875 0.5984375 0.06796875 0.08984375
0 0.4546875 0.609375 0.065625 0.0796875
0 0.49375 0.6734375 0.05625 0.08125
0 0.4515625 0.71875 0.06875 0.08359375
0 0.46015625 0.79140625 0.0671875 0.08515625
1 0.42109375 0.8671875 0.05703125 0.103125
0 0.43046875 0.9671875 0.0484375 0.065625
0 0.38515625 0.503125 0.078125 0.06875
0 0.3859375 0.565625 0.07578125 0.0671875
1 0.31875 0.53046875 0.07578125 0.0796875
1 0.2515625 0.5140625 0.05625 0.08046875
1 0.19140625 0.52578125 0.0640625 0.0765625
1 0.1046875 0.55625 0.075 0.09609375
0 0.1390625 0.64921875 0.0625 0.103125
1 0.19765625 0.596875 0.08125 0.08671875
1 0.28125 0.5890625 0.08671875 0.08125
0 0.3515625 0.6375 0.06796875 0.09765625
0 0.41171875 0.65 0.05234375 0.09453125
0 0.29375 0.65546875 0.0828125 0.06328125
1 0.2140625 0.71875 0.08359375 0.06953125
0 0.28125 0.7296875 0.0765625 0.06953125
0 0.365625 0.7140625 0.07265625 0.07109375
0 0.40078125 0.7765625 0.059375 0.0703125
1 0.33671875 0.76640625 0.06875 0.07109375
0 0.36953125 0.84765625 0.06328125 0.09765625
0 0.31328125 0.840625 0.05859375 0.1015625
1 0.2578125 0.7890625 0.0734375 0.07109375
1 0.18984375 0.82890625 0.0765625 0.07734375
0 0.18984375 0.89921875 0.09765625 0.0796875
0 0.25234375 0.86953125 0.05859375 0.10078125
1 0.3640625 0.9796875 0.08125 0.040625
0 0.296875 0.93984375 0.0625 0.09140625
0 0.21953125 0.971875 0.0671875 0.05625