1 0.0625 0.08515625 0.0765625 0.1
1 0.13359375 0.09375 0.09453125 0.10234375
1 0.22421875 0.11875 0.08671875 0.084375
1 0.07578125 0.20625 0.06328125 0.08515625
1 0.0796875 0.3 0.08203125 0.0890625
1 0.046875 0.39375 0.08203125 0.078125
1 0.1171875 0.4015625 0.0578125 0.10703125
1 0.15546875 0.46953125 0.0796875 0.11171875
1 0.1578125 0.3515625 0.06328125 0.10078125
1 0.14453125 0.2625 0.07265625 0.096875
1 0.2046875 0.2609375 0.06875 0.10625
1 0.215625 0.35 0.065625 0.10546875
1 0.240625 0.21328125 0.06484375 0.10546875
1 0.17109375 0.1828125 0.0671875 0.07734375
1 0.24921875 0.06328125 0.0734375 0.0765625
1 0.325 0.13515625 0.0578125 0.06015625
1 0.32734375 0.06953125 0.0828125 0.08203125
1 0.28046875 0.1703125 0.06171875 0.1046875
1 0.33984375 0.29765625 0.08671875 0.09375
1 0.325 0.2234375 0.08125 0.08984375
1 0.38046875 0.18125 0.0921875 0.09765625
1 0.3828125 0.09296875 0.05859375 0.10390625
1 0.234375 0.54375 0.07578125 0.103125
1 0.25703125 0.453125 0.0765625 0.08046875
1 0.28359375 0.38828125 0.0625 0.11015625
1 0.34375 0.41875 0.08046875 0.11484375
1 0.31015625 0.5125 0.07109375 0.10703125
1 0.371875 0.53671875 0.06875 0.10859375
1 0.2796875 0.61015625 0.07421875 0.10859375
1 0.2390625 0.7171875 0.06015625 0.11328125
1 0.30234375 0.76953125 0.09375 0.0875
1 0.30859375 0.6921875 0.06015625 0.10625
1 0.34375 0.6296875 0.071875 0.0921875
1 0.36484375 0.71875 0.07109375 0.11015625
1 0.43203125 0.67890625 0.07109375 0.07265625
1 0.409375 0.62578125 0.0609375 0.08984375
1 0.378125 0.81171875 0.059375 0.115625
1 0.353125 0.9078125 0.0578125 0.09609375
1 0.39453125 0.9515625 0.0640625 0.096875
1 0.44765625 0.94765625 0.0609375 0.10078125
1 0.41640625 0.871875 0.07578125 0.059375
1 0.4421875 0.803125 0.075 0.0765625
1 0.4859375 0.865625 0.05546875 0.1
1 0.46875 0.7421875 0.084375 0.065625
1 0.5203125 0.8 0.07734375 0.1
1 0.53984375 0.87265625 0.05625 0.09140625
1 0.603125 0.953125 0.065625 0.09375
1 0.60234375 0.8578125 0.065625 0.11640625
1 0.5828125 0.78359375 0.07109375 0.07890625
1 0.41484375 0.1375 0.05390625 0.07578125
1 0.45546875 0.07578125 0.0765625 0.06953125
1 0.46171875 0.33984375 0.06796875 0.10390625
1 0.4578125 0.26953125 0.0796875 0.071875
1 0.46015625 0.2046875 0.071875 0.071875
1 0.39609375 0.32890625 0.08359375 0.06875
1 0.41796875 0.42265625 0.08984375 0.0796875
1 0.44453125 0.478125 0.07734375 0.06328125
1 0.5078125 0.3921875 0.0671875 0.1109375
1 0.521875 0.49375 0.08359375 0.08125
1 0.46796875 0.5515625 0.0859375 0.07265625
1 0.48671875 0.64296875 0.06015625 0.09609375
1 0.546875 0.64765625 0.07578125 0.08203125
1 0.53125 0.584375 0.05234375 0.0875
1 0.58125 0.58125 0.05703125 0.10234375
1 0.5359375 0.72265625 0.06171875 0.07890625
1 0.60390625 0.71328125 0.08046875 0.0703125
1 0.61640625 0.64375 0.065625 0.1
1 0.63125 0.55625 0.06640625 0.109375
1 0.57734375 0.45859375 0.0578125 0.1125
1 0.5625 0.33125 0.06015625 0.103125
1 0.534375 0.25546875 0.07890625 0.06875
1 0.5359375 0.19765625 0.078125 0.0875
1 0.48984375 0.13828125 0.06015625 0.08671875
1 0.5390625 0.12265625 0.06640625 0.08671875
1 0.52109375 0.06171875 0.06171875 0.10078125
1 0.6078125 0.10390625 0.06953125 0.0765625
1 0.58515625 0.04609375 0.05625 0.08046875
1 0.65546875 0.040625 0.0578125 0.08125
1 0.6265625 0.15625 0.0515625 0.0765625
1 0.61015625 0.24609375 0.0625 0.08984375
1 0.6484375 0.20703125 0.06015625 0.103125
1 0.6296875 0.43984375 0.06328125 0.09765625
1 0.67421875 0.3359375 0.06796875 0.0859375
1 0.6921875 0.4171875 0.08984375 0.078125
1 0.66875 0.49453125 0.0875 0.0765625
1 0.6953125 0.67109375 0.07109375 0.096875
1 0.684375 0.60078125 0.08515625 0.08046875
1 0.7015625 0.54921875 0.09765625 0.08203125
1 0.646875 0.7828125 0.084375 0.08828125
1 0.709375 0.7546875 0.08984375 0.08984375
1 0.6953125 0.9453125 0.08203125 0.08984375
1 0.70859375 0.878125 0.07421875 0.0796875
1 0.725 0.821875 0.07109375 0.0578125
1 0.6578125 0.86484375 0.0546875 0.0859375
1 0.7578125 0.94453125 0.075 0.08671875
1 0.7890625 0.8484375 0.05859375 0.0921875
1 0.76796875 0.76484375 0.065625 0.08203125
1 0.75546875 0.684375 0.0546875 0.08359375
1 0.765625 0.60625 0.0640625 0.096875
1 0.75625 0.51953125 0.07578125 0.09765625
1 0.76953125 0.421875 0.06171875 0.06796875
1 0.83203125 0.90703125 0.05703125 0.10390625
1 0.890625 0.85234375 0.06171875 0.08671875
1 0.95234375 0.83125 0.05390625 0.09609375
1 0.98359375 0.7984375 0.03203125 0.0859375
1 0.82890625 0.79140625 0.07265625 0.08515625
1 0.80703125 0.715625 0.06640625 0.078125
1 0.89921875 0.71640625 0.07421875 0.0828125
1 0.80859375 0.646875 0.059375 0.08046875
1 0.8546875 0.634375 0.071875 0.08515625
1 0.915625 0.6265625 0.04375 0.0953125
1 0.81640625 0.54140625 0.06484375 0.10546875
1 0.79921875 0.465625 0.06015625 0.0953125
1 0.68046875 0.11953125 0.075 0.07265625
1 0.69453125 0.25 0.06484375 0.08359375
1 0.7125 0.1734375 0.07578125 0.08203125
1 0.77578125 0.1296875 0.05546875 0.1046875
1 0.71640625 0.075 0.071875 0.08359375
1 0.796875 0.0515625 0.0515625 0.0921875
1 0.7390625 0.30234375 0.06875 0.1015625
1 0.7609375 0.21328125 0.07421875 0.084375
1 0.7921875 0.33984375 0.06015625 0.08203125
1 0.79296875 0.26015625 0.06640625 0.06171875
0 0.84609375 0.2984375 0.06875 0.0734375
1 0.846875 0.225 0.07109375 0.08671875
1 0.82421875 0.1125 0.07109375 0.08359375
1 0.86640625 0.07578125 0.0765625 0.07265625
1 0.89765625 0.16875 0.0625 0.09453125
1 0.9 0.253125 0.06171875 0.08984375
1 0.9 0.36171875 0.07265625 0.0890625
1 0.9359375 0.315625 0.078125 0.075
1 0.96484375 0.24765625 0.0546875 0.08984375
1 0.859375 0.46328125 0.0734375 0.115625
1 0.83828125 0.39453125 0.071875 0.0953125
1 0.92109375 0.45859375 0.06171875 0.0921875
1 0.96640625 0.4109375 0.06015625 0.0984375
1 0.96484375 0.5953125 0.06171875 0.10546875
1 0.9640625 0.5078125 0.071875 0.084375
1 0.95 0.13671875 0.065625 0.08671875