0 0.97578125 0.90859375 0.0484375 0.0734375
0 0.95546875 0.8359375 0.0671875 0.0828125
0 0.925 0.91796875 0.065625 0.0875
0 0.88046875 0.8328125 0.065625 0.0640625
0 0.86640625 0.93515625 0.065625 0.0828125
0 0.89921875 0.9796875 0.0765625 0.040625
0 0.97265625 0.98359375 0.053125 0.0328125
0 0.78203125 0.96875 0.0875 0.0546875
0 0.7796875 0.9046875 0.1 0.059375
0 0.815625 0.8546875 0.103125 0.059375
0 0.80625 0.7890625 0.071875 0.0796875
0 0.90625 0.7921875 0.071875 0.0578125
0 0.95625 0.75546875 0.071875 0.0828125
0 0.91953125 0.715625 0.071875 0.0671875
1 0.8515625 0.74609375 0.08125 0.0578125
1 0.8765625 0.68515625 0.0703125 0.0703125
0 0.9375 0.64375 0.075 0.078125
0 0.909375 0.6015625 0.075 0.071875
0 0.840625 0.63125 0.0734375 0.0609375
0 0.80234375 0.66640625 0.0765625 0.078125
0 0.75078125 0.8125 0.0671875 0.0765625
0 0.7390625 0.7453125 0.09375 0.053125
0 0.74609375 0.6859375 0.0734375 0.0765625
1 0.68359375 0.97578125 0.096875 0.0484375
1 0.70703125 0.940625 0.090625 0.053125
1 0.70390625 0.871875 0.065625 0.0984375
0 0.63515625 0.8984375 0.071875 0.0546875
0 0.66171875 0.84921875 0.065625 0.078125
1 0.68671875 0.78359375 0.0625 0.078125
0 0.678125 0.71171875 0.071875 0.0703125
0 0.58515625 0.95 0.08125 0.0578125
0 0.56875 0.884375 0.06875 0.0671875
0 0.58203125 0.82265625 0.0921875 0.05625
0 0.6171875 0.76875 0.0765625 0.075
0 0.565625 0.7421875 0.071875 0.0765625
0 0.60390625 0.69453125 0.084375 0.0625
0 0.6859375 0.6546875 0.075 0.075
1 0.81484375 0.5859375 0.06875 0.071875
1 0.75703125 0.61875 0.059375 0.05625
0 0.78125 0.56171875 0.0875 0.05625
0 0.778125 0.51953125 0.084375 0.040625
0 0.88984375 0.571875 0.0875 0.065625
0 0.9734375 0.5828125 0.053125 0.05625
0 0.9328125 0.53203125 0.078125 0.05625
0 0.87109375 0.51484375 0.0703125 0.0828125
0 0.93671875 0.4875 0.059375 0.0578125
0 0.91484375 0.43671875 0.09375 0.0703125
0 0.690625 0.59453125 0.090625 0.0515625
0 0.70234375 0.55078125 0.0953125 0.05625
0 0.69921875 0.49921875 0.084375 0.0546875
1 0.82421875 0.4796875 0.0703125 0.053125
0 0.95859375 0.3578125 0.065625 0.075
0 0.97421875 0.2953125 0.0515625 0.06875
0 0.8921875 0.33671875 0.0734375 0.06875
0 0.925 0.303125 0.053125 0.0625
1 0.86953125 0.28046875 0.0875 0.059375
0 0.91953125 0.2265625 0.0640625 0.08125
1 0.9578125 0.18515625 0.06875 0.071875
0 0.91640625 0.11796875 0.065625 0.059375
1 0.8703125 0.09609375 0.0796875 0.0625
0 0.98125 0.1 0.0375 0.0625
0 0.92890625 0.046875 0.06875 0.084375
0 0.859375 0.2 0.05625 0.078125
0 0.8046875 0.16015625 0.075 0.075
0 0.8140625 0.23203125 0.071875 0.078125
0 0.8171875 0.34921875 0.0875 0.059375
1 0.7953125 0.29609375 0.0625 0.0671875
0 0.871875 0.3953125 0.0625 0.075
0 0.825 0.41484375 0.059375 0.084375
1 0.76640625 0.40859375 0.08125 0.075
1 0.74453125 0.3609375 0.0625 0.06875
1 0.76328125 0.46953125 0.084375 0.0640625
0 0.7109375 0.44296875 0.05 0.065625
0 0.6859375 0.340625 0.0625 0.071875
0 0.66015625 0.3890625 0.078125 0.0671875
0 0.7328125 0.29140625 0.071875 0.08125
0 0.7296875 0.22109375 0.065625 0.0765625
0 0.75625 0.17734375 0.071875 0.0703125
0 0.74140625 0.1171875 0.0875 0.053125
0 0.75703125 0.0640625 0.10625 0.05
0 0.765625 0.02421875 0.096875 0.0484375
1 0.69375 0.0234375 0.0625 0.046875
0 0.67734375 0.08125 0.0734375 0.0703125
0 0.68671875 0.14140625 0.08125 0.06875
1 0.67421875 0.2 0.06875 0.059375
0 0.66328125 0.28125 0.075 0.071875
0 0.63125 0.23671875 0.1015625 0.05625
0 0.6 0.184375 0.08125 0.065625
0 0.58984375 0.1171875 0.09375 0.065625
0 0.62578125 0.02734375 0.0765625 0.0546875
0 0.571875 0.04375 0.0671875 0.084375
0 0.628125 0.446875 0.08125 0.053125
0 0.5859375 0.390625 0.08125 0.0640625
1 0.590625 0.34375 0.084375 0.0515625
0 0.58828125 0.2859375 0.084375 0.0671875
0 0.62734375 0.5359375 0.0640625 0.078125
0 0.57109375 0.47265625 0.0625 0.090625
0 0.60078125 0.5921875 0.084375 0.04375
1 0.56953125 0.5453125 0.0671875 0.065625
0 0.6390625 0.640625 0.06875 0.078125
0 0.56640625 0.6421875 0.075 0.0640625
1 0.534375 0.60078125 0.065625 0.071875
1 0.49375 0.55546875 0.1 0.059375
0 0.51796875 0.69453125 0.096875 0.0515625
1 0.50546875 0.74921875 0.08125 0.0546875
0 0.51171875 0.80703125 0.06875 0.06875
0 0.521875 0.87109375 0.06875 0.0640625
0 0.51484375 0.94296875 0.065625 0.078125
0 0.44375 0.9390625 0.071875 0.0640625
0 0.45703125 0.86875 0.0625 0.08125
0 0.45078125 0.79453125 0.065625 0.078125
0 0.45390625 0.72421875 0.08125 0.06875
0 0.48125 0.64765625 0.096875 0.0609375
0 0.4171875 0.6828125 0.059375 0.06875
0 0.4546875 0.61328125 0.1 0.0609375
0 0.37421875 0.96640625 0.09375 0.0640625
0 0.371875 0.89609375 0.09375 0.053125
0 0.39765625 0.85078125 0.1125 0.059375
1 0.390625 0.78515625 0.06875 0.071875
0 0.3546875 0.73046875 0.1015625 0.059375
0 0.325 0.7859375 0.09375 0.0625
0 0.29921875 0.84765625 0.1 0.0703125
0 0.240625 0.93984375 0.0984375 0.059375
0 0.21875 0.8859375 0.0984375 0.0578125
1 0.16015625 0.9015625 0.075 0.06875
0 0.23828125 0.828125 0.0765625 0.0796875
0 0.19375 0.790625 0.0796875 0.075
0 0.11953125 0.7890625 0.078125 0.0765625
0 0.040625 0.77734375 0.078125 0.06875
0 0.0953125 0.7234375 0.0875 0.06875
0 0.02578125 0.72109375 0.0515625 0.0734375
1 0.04453125 0.66171875 0.075 0.06875
0 0.259375 0.74296875 0.071875 0.0609375
0 0.3734375 0.65625 0.071875 0.078125
1 0.41015625 0.5796875 0.075 0.08125
0 0.28671875 0.66796875 0.078125 0.071875
0 0.32578125 0.60546875 0.084375 0.0546875
1 0.22109375 0.70234375 0.071875 0.059375
0 0.1671875 0.6984375 0.0671875 0.075
0 0.24296875 0.63359375 0.06875 0.08125
1 0.28515625 0.56484375 0.0734375 0.0640625
0 0.3609375 0.5515625 0.0640625 0.075
1 0.178125 0.6328125 0.0890625 0.0578125
1 0.1109375 0.64921875 0.065625 0.0875
0 0.2125 0.578125 0.08125 0.071875
0 0.1375 0.58046875 0.090625 0.05625
0 0.07890625 0.58828125 0.053125 0.0921875
0 0.02109375 0.60078125 0.040625 0.075
1 0.0234375 0.52734375 0.046875 0.065625
0 0.315625 0.50546875 0.08125 0.075
1 0.2390625 0.51875 0.090625 0.0625
0 0.1328125 0.525 0.065625 0.071875
1 0.0765625 0.50390625 0.0640625 0.075
0 0.4515625 0.521875 0.071875 0.0625
0 0.5125 0.49296875 0.06875 0.0734375
0 0.528125 0.425 0.08125 0.065625
0 0.459375 0.45 0.0625 0.075
0 0.40625 0.5015625 0.0734375 0.059375
0 0.4015625 0.44140625 0.0625 0.078125
0 0.46875 0.38203125 0.09375 0.05
0 0.34296875 0.434375 0.065625 0.078125
0 0.265625 0.46484375 0.078125 0.0578125
0 0.26875 0.41953125 0.1125 0.053125
1 0.3875 0.38203125 0.084375 0.0546875
0 0.515625 0.35390625 0.084375 0.059375
0 0.51875 0.29921875 0.078125 0.059375
0 0.5359375 0.23671875 0.0671875 0.071875
0 0.540625 0.171875 0.05625 0.06875
1 0.5390625 0.09609375 0.05 0.0609375
1 0.47578125 0.03359375 0.071875 0.0671875
0 0.41328125 0.01328125 0.09375 0.0265625
0 0.48984375 0.1390625 0.090625 0.0625
0 0.48125 0.0875 0.09375 0.06875
0 0.46953125 0.23046875 0.096875 0.0625
0 0.4703125 0.18984375 0.0828125 0.040625
0 0.48359375 0.2765625 0.065625 0.06875
0 0.4328125 0.33359375 0.075 0.0734375
0 0.41875 0.28203125 0.0859375 0.053125
0 0.36640625 0.32421875 0.084375 0.0625
0 0.39375 0.23125 0.078125 0.06875
0 0.4046875 0.17890625 0.0765625 0.046875
1 0.41171875 0.13515625 0.090625 0.053125
0 0.40234375 0.0796875 0.096875 0.05625
1 0.35625 0.04453125 0.090625 0.05625
0 0.303125 0.01796875 0.08125 0.0359375
0 0.2484375 0.04453125 0.078125 0.059375
0 0.328125 0.11953125 0.071875 0.0734375
0 0.275 0.1234375 0.071875 0.08125
0 0.33359375 0.171875 0.09375 0.053125
0 0.3375 0.2234375 0.084375 0.0625
0 0.33125 0.27265625 0.103125 0.053125
0 0.29609375 0.31796875 0.0609375 0.071875
0 0.31796875 0.37109375 0.065625 0.065625
0 0.24375 0.359375 0.103125 0.0640625
0 0.18203125 0.45390625 0.0609375 0.075
0 0.20546875 0.39140625 0.059375 0.06875
0 0.13125 0.44453125 0.065625 0.0828125
0 0.1484375 0.3765625 0.090625 0.059375
0 0.05703125 0.434375 0.0921875 0.078125
0 0.075 0.359375 0.065625 0.0765625
1 0.25078125 0.29140625 0.0625 0.0734375
1 0.20078125 0.3015625 0.059375 0.0734375
0 0.14140625 0.31640625 0.0640625 0.0828125
1 0.090625 0.29296875 0.0796875 0.0625
0 0.021875 0.39375 0.04375 0.059375
0 0.02734375 0.3390625 0.053125 0.059375
0 0.27421875 0.2171875 0.0671875 0.08125
1 0.21484375 0.23203125 0.075 0.078125
0 0.20390625 0.1796875 0.078125 0.0515625
1 0.13515625 0.23671875 0.08125 0.0609375
0 0.0390625 0.25625 0.078125 0.05625
0 0.06640625 0.20234375 0.084375 0.0609375
0 0.1265625 0.16796875 0.090625 0.08125
1 0.0359375 0.13671875 0.071875 0.0578125
1 0.03671875 0.0765625 0.0734375 0.0671875
0 0.10859375 0.11328125 0.0875 0.059375
0 0.19453125 0.08984375 0.1 0.053125
0 0.14453125 0.05390625 0.06875 0.05625
0 0.975 0.45546875 0.0484375 0.0796875
1 0.97421875 0.51953125 0.0515625 0.0453125
1 0.9765625 0.0515625 0.046875 0.0640625
1 0.98203125 0.23984375 0.0359375 0.0609375
1 0.57421875 0.98203125 0.084375 0.0359375