1 0.06171875 0.91171875 0.1109375 0.053125
1 0.040625 0.86015625 0.08125 0.05625
0 0.06875 0.80546875 0.0765625 0.0734375
0 0.02265625 0.76796875 0.0453125 0.0703125
1 0.07421875 0.73515625 0.090625 0.0734375
0 0.02890625 0.6953125 0.0578125 0.071875
0 0.0328125 0.634375 0.065625 0.075
0 0.06328125 0.59375 0.084375 0.0609375
0 0.0265625 0.54375 0.053125 0.0796875
0 0.034375 0.475 0.06875 0.05625
0 0.02578125 0.41640625 0.0515625 0.0765625
1 0.03515625 0.353125 0.0703125 0.075
1 0.03671875 0.28671875 0.071875 0.071875
0 0.0171875 0.2515625 0.034375 0.053125
0 0.0265625 0.1671875 0.053125 0.071875
1 0.03828125 0.11171875 0.075 0.053125
0 0.04921875 0.06640625 0.0984375 0.05625
1 0.05546875 0.0234375 0.1109375 0.046875
0 0.0640625 0.22109375 0.06875 0.0859375
1 0.09921875 0.1609375 0.0953125 0.0625
1 0.1125 0.10859375 0.0875 0.059375
0 0.13984375 0.03046875 0.0859375 0.0609375
1 0.2 0.09296875 0.084375 0.065625
0 0.17734375 0.13984375 0.09375 0.0484375
0 0.1421875 0.21015625 0.090625 0.06875
1 0.115625 0.27890625 0.090625 0.0734375
0 0.10078125 0.33046875 0.0875 0.05
0 0.090625 0.38125 0.0953125 0.059375
0 0.08203125 0.43203125 0.08125 0.0546875
0 0.08125 0.4890625 0.0984375 0.071875
0 0.096875 0.534375 0.096875 0.0640625
0 0.09296875 0.6625 0.075 0.0875
0 0.128125 0.59921875 0.06875 0.0765625
0 0.16015625 0.6828125 0.084375 0.0625
1 0.1359375 0.765625 0.071875 0.0765625
1 0.10859375 0.84765625 0.071875 0.0890625
1 0.16015625 0.89453125 0.096875 0.0578125
0 0.17421875 0.803125 0.08125 0.084375
0 0.20546875 0.71015625 0.0921875 0.0578125
0 0.2078125 0.7546875 0.09375 0.0453125
1 0.18828125 0.6171875 0.084375 0.078125
0 0.17265625 0.54453125 0.0578125 0.0796875
0 0.14921875 0.46328125 0.0625 0.0875
0 0.16328125 0.4 0.084375 0.059375
1 0.178125 0.33359375 0.075 0.078125
1 0.1921875 0.26171875 0.06875 0.071875
1 0.20546875 0.19609375 0.059375 0.0765625
0 0.23671875 0.04140625 0.06875 0.0671875
0 0.28671875 0.07734375 0.115625 0.04375
0 0.30234375 0.0375 0.0875 0.059375
0 0.26328125 0.13359375 0.071875 0.075
0 0.24765625 0.2359375 0.075 0.05625
1 0.37890625 0.0828125 0.09375 0.075
1 0.30625 0.19609375 0.096875 0.0578125
1 0.32734375 0.1484375 0.075 0.071875
0 0.3203125 0.26640625 0.078125 0.078125
1 0.24921875 0.3078125 0.075 0.078125
0 0.2328125 0.3828125 0.071875 0.06875
1 0.2921875 0.34609375 0.08125 0.05625
0 0.25625 0.4375 0.0859375 0.053125
0 0.19765625 0.478125 0.059375 0.071875
0 0.2203125 0.5421875 0.05625 0.08125
0 0.2734375 0.484375 0.1078125 0.046875
0 0.31171875 0.403125 0.103125 0.0671875
0 0.33359375 0.45234375 0.0875 0.04375
1 0.36640625 0.365625 0.05625 0.071875
1 0.37109375 0.29765625 0.0625 0.075
1 0.38125 0.225 0.06875 0.08125
0 0.2734375 0.5484375 0.0625 0.08125
0 0.27109375 0.6375 0.075 0.0953125
1 0.23828125 0.81171875 0.0609375 0.08125
0 0.29453125 0.9046875 0.0921875 0.0609375
1 0.2984375 0.84140625 0.08125 0.0734375
1 0.35703125 0.9359375 0.0828125 0.05625
1 0.35625 0.8765625 0.0875 0.06875
0 0.31484375 0.76640625 0.09375 0.0625
0 0.2921875 0.70859375 0.0625 0.075
0 0.33828125 0.6515625 0.071875 0.0640625
0 0.34765625 0.584375 0.065625 0.075
1 0.340625 0.503125 0.0625 0.065625
1 0.35703125 0.7046875 0.0765625 0.075
1 0.396875 0.77265625 0.071875 0.0890625
1 0.43203125 0.93671875 0.0734375 0.075
0 0.44375 0.86796875 0.0921875 0.05625
0 0.50859375 0.95703125 0.096875 0.05625
1 0.509375 0.89921875 0.0921875 0.065625
0 0.46953125 0.8 0.078125 0.08125
0 0.4203125 0.69921875 0.078125 0.065625
1 0.471875 0.72578125 0.0875 0.071875
1 0.43046875 0.6421875 0.0890625 0.0671875
0 0.39921875 0.603125 0.059375 0.08125
0 0.41328125 0.52109375 0.078125 0.0828125
0 0.38828125 0.45703125 0.059375 0.0796875
0 0.43203125 0.40078125 0.09375 0.05
0 0.45546875 0.45078125 0.0625 0.0546875
0 0.4828125 0.503125 0.0828125 0.071875
1 0.459375 0.58125 0.090625 0.0625
0 0.48671875 0.65546875 0.0796875 0.075
0 0.5765625 0.9875 0.08125 0.025
0 0.59296875 0.9421875 0.0828125 0.065625
1 0.59375 0.884375 0.09375 0.065625
0 0.5578125 0.8265625 0.090625 0.0578125
1 0.546875 0.7765625 0.0984375 0.053125
0 0.55390625 0.73046875 0.090625 0.053125
0 0.54296875 0.6765625 0.0859375 0.078125
0 0.5328125 0.6046875 0.0734375 0.078125
1 0.528125 0.54375 0.0953125 0.0546875
0 0.50234375 0.434375 0.0625 0.0765625
1 0.42890625 0.33359375 0.059375 0.078125
0 0.4359375 0.2640625 0.084375 0.065625
1 0.434375 0.20859375 0.0625 0.059375
1 0.45703125 0.16328125 0.0875 0.0484375
1 0.46328125 0.09296875 0.084375 0.06875
1 0.48671875 0.0453125 0.075 0.071875
1 0.5265625 0.13125 0.0703125 0.078125
1 0.55390625 0.0421875 0.071875 0.06875
0 0.6 0.1046875 0.084375 0.0609375
0 0.62265625 0.06796875 0.0875 0.059375
0 0.69375 0.04921875 0.059375 0.0796875
1 0.58984375 0.01796875 0.0984375 0.0359375
0 0.49375 0.1984375 0.06875 0.071875
0 0.5578125 0.1984375 0.06875 0.084375
0 0.5171875 0.24765625 0.08125 0.0375
1 0.60234375 0.16171875 0.078125 0.05625
0 0.63203125 0.209375 0.090625 0.065625
0 0.67734375 0.146875 0.05625 0.075
0 0.7265625 0.11796875 0.071875 0.071875
1 0.49140625 0.359375 0.078125 0.0546875
0 0.5 0.30078125 0.065625 0.0703125
0 0.54609375 0.38046875 0.096875 0.0578125
0 0.56484375 0.3125 0.075 0.0859375
1 0.60703125 0.25390625 0.090625 0.05
0 0.6453125 0.29921875 0.078125 0.065625
1 0.62109375 0.3609375 0.0609375 0.078125
1 0.55390625 0.478125 0.078125 0.08125
1 0.6 0.43515625 0.06875 0.0828125
0 0.59921875 0.58125 0.0765625 0.071875
0 0.61640625 0.51015625 0.078125 0.08125
0 0.61015625 0.66796875 0.06875 0.0859375
0 0.62890625 0.73203125 0.078125 0.0625
1 0.653125 0.78359375 0.0984375 0.0546875
1 0.6453125 0.8359375 0.0875 0.0578125
1 0.70234375 0.86953125 0.0875 0.0671875
0 0.775 0.98515625 0.084375 0.0296875
0 0.72734375 0.8046875 0.05625 0.06875
0 0.7375 0.73671875 0.06875 0.078125
0 0.6921875 0.6828125 0.071875 0.0546875
1 0.659375 0.61484375 0.071875 0.075
1 0.6765625 0.55625 0.1 0.0484375
0 0.93828125 0.96953125 0.1203125 0.0609375
1 0.8375 0.84140625 0.096875 0.053125
0 0.78828125 0.79375 0.0828125 0.065625
0 0.90234375 0.7734375 0.084375 0.078125
1 0.896875 0.696875 0.071875 0.075
0 0.80078125 0.7078125 0.075 0.084375
1 0.7421875 0.653125 0.090625 0.065625
0 0.71953125 0.5953125 0.071875 0.06875
0 0.7828125 0.61171875 0.065625 0.071875
1 0.83125 0.6375 0.075 0.08125
0 0.83828125 0.57109375 0.096875 0.053125
0 0.915625 0.59765625 0.084375 0.0640625
0 0.96875 0.628125 0.0625 0.0921875
0 0.97109375 0.553125 0.0578125 0.05625
0 0.76640625 0.534375 0.071875 0.06875
1 0.68671875 0.4984375 0.075 0.06875
0 0.65546875 0.43125 0.071875 0.0765625
0 0.690625 0.36484375 0.08125 0.071875
0 0.7203125 0.46640625 0.090625 0.053125
1 0.73125 0.41484375 0.0953125 0.06875
0 0.80859375 0.49765625 0.078125 0.071875
1 0.790625 0.440625 0.0796875 0.04375
1 0.878125 0.50859375 0.065625 0.09375
0 0.9546875 0.48828125 0.090625 0.065625
0 0.96484375 0.43203125 0.0703125 0.046875
1 0.88671875 0.4328125 0.103125 0.0609375
0 0.8296875 0.396875 0.0984375 0.053125
0 0.9171875 0.3765625 0.09375 0.0578125
0 0.7734375 0.36484375 0.1 0.0484375
0 0.84921875 0.34140625 0.071875 0.075
0 0.73203125 0.28984375 0.0609375 0.078125
1 0.78515625 0.3109375 0.06875 0.0734375
1 0.95234375 0.30859375 0.0625 0.078125
0 0.9 0.28125 0.0765625 0.06875
0 0.8359375 0.275 0.0625 0.071875
1 0.76328125 0.23984375 0.065625 0.0765625
1 0.7171875 0.20234375 0.08125 0.0671875
1 0.78359375 0.17109375 0.0765625 0.065625
0 0.8390625 0.21640625 0.096875 0.0609375
0 0.94765625 0.23125 0.078125 0.08125
1 0.9390625 0.1640625 0.078125 0.06875
1 0.86953125 0.17734375 0.0953125 0.06875
1 0.79375 0.121875 0.0796875 0.06875
0 0.8640625 0.11171875 0.09375 0.06875
0 0.8421875 0.05390625 0.096875 0.059375
1 0.928125 0.05703125 0.084375 0.05625
0 0.8875 0.01484375 0.078125 0.0296875