1 0.13515625 0.8515625 0.096875 0.0765625
1 0.0609375 0.86796875 0.1015625 0.06875
1 0.10859375 0.78359375 0.0953125 0.0734375
0 0.10546875 0.72421875 0.115625 0.078125
1 0.19140625 0.79921875 0.0875 0.0703125
1 0.290625 0.81796875 0.090625 0.1125
1 0.4171875 0.86875 0.1 0.08125
0 0.57734375 0.90234375 0.0921875 0.0609375
1 0.67734375 0.90703125 0.0828125 0.0921875
1 0.5046875 0.82890625 0.103125 0.06875
1 0.4609375 0.7875 0.1140625 0.0625
1 0.3734375 0.8140625 0.09375 0.065625
1 0.23828125 0.75703125 0.096875 0.0578125
1 0.184375 0.7171875 0.084375 0.075
1 0.15625 0.66953125 0.0859375 0.075
1 0.07890625 0.675 0.0890625 0.0796875
0 0.17578125 0.5875 0.0859375 0.0953125
1 0.10859375 0.59140625 0.0796875 0.084375
1 0.0546875 0.60390625 0.090625 0.09375
1 0.27734375 0.665625 0.0875 0.0765625
1 0.2171875 0.6453125 0.0765625 0.071875
1 0.43515625 0.73671875 0.0921875 0.06875
1 0.390625 0.70859375 0.096875 0.0609375
1 0.3171875 0.71171875 0.090625 0.084375
1 0.3453125 0.76640625 0.09375 0.0734375
1 0.53515625 0.75 0.078125 0.0875
1 0.5015625 0.69375 0.084375 0.0578125
1 0.40703125 0.65390625 0.084375 0.05625
1 0.509375 0.58125 0.1 0.08125
1 0.4359375 0.57734375 0.075 0.0875
1 0.3734375 0.5921875 0.09375 0.0796875
1 0.275 0.58671875 0.096875 0.08125
1 0.31796875 0.53828125 0.0765625 0.0765625
1 0.25078125 0.5140625 0.109375 0.065625
1 0.26953125 0.46171875 0.1125 0.065625
1 0.15 0.52265625 0.1 0.0625
1 0.04765625 0.525 0.09375 0.059375
1 0.10703125 0.4703125 0.11875 0.065625
1 0.1765625 0.4453125 0.08125 0.084375
1 0.1140625 0.3890625 0.0734375 0.075
1 0.05859375 0.3921875 0.078125 0.09375
1 0.2375 0.39375 0.090625 0.065625
1 0.16796875 0.35625 0.1 0.075
1 0.4640625 0.46484375 0.103125 0.059375
1 0.38515625 0.43203125 0.0828125 0.0796875
1 0.31875 0.4109375 0.078125 0.084375
1 0.46640625 0.5203125 0.09375 0.0578125
1 0.38515625 0.50859375 0.078125 0.0859375
1 0.3125 0.29375 0.0875 0.0828125
1 0.2421875 0.3125 0.078125 0.084375
1 0.15625 0.2875 0.1125 0.0625
1 0.07890625 0.3109375 0.090625 0.075
1 0.17265625 0.2296875 0.103125 0.0671875
1 0.08203125 0.2328125 0.06875 0.0875
1 0.2546875 0.2453125 0.096875 0.078125
1 0.37109375 0.35546875 0.1046875 0.059375
1 0.41015625 0.30625 0.103125 0.08125
1 0.6125 0.65859375 0.10625 0.075
1 0.553125 0.62890625 0.0734375 0.08125
1 0.48828125 0.64140625 0.0734375 0.08125
1 0.621875 0.7265625 0.0796875 0.0875
1 0.703125 0.8328125 0.0953125 0.06875
1 0.771875 0.78203125 0.0984375 0.0703125
1 0.81328125 0.82890625 0.084375 0.08125
1 0.8859375 0.79609375 0.103125 0.0734375
1 0.71640625 0.74453125 0.0953125 0.06875
1 0.8296875 0.72578125 0.09375 0.065625
1 0.78671875 0.69140625 0.096875 0.0671875
1 0.684375 0.684375 0.09375 0.0609375
1 0.66015625 0.63046875 0.075 0.0625
1 0.70625 0.5890625 0.10625 0.065625
0 0.628125 0.578125 0.0875 0.0734375
0 0.81875 0.61875 0.090625 0.08125
1 0.74765625 0.63671875 0.0875 0.078125
1 0.8734375 0.6640625 0.103125 0.06875
1 0.94609375 0.7265625 0.1078125 0.075
1 0.94140625 0.640625 0.0984375 0.065625
1 0.91171875 0.57890625 0.1078125 0.065625
1 0.871875 0.53125 0.11875 0.0578125
1 0.82734375 0.478125 0.09375 0.078125
1 0.71171875 0.47578125 0.109375 0.05625
1 0.77109375 0.5625 0.103125 0.0765625
1 0.6875 0.53515625 0.103125 0.05625
1 0.61328125 0.5125 0.0890625 0.075
1 0.5609375 0.53125 0.0859375 0.075
1 0.490625 0.41875 0.1078125 0.071875
1 0.621875 0.4453125 0.08125 0.0734375
1 0.5609375 0.45390625 0.0796875 0.075
1 0.65078125 0.38125 0.10625 0.065625
1 0.571875 0.3875 0.1109375 0.0734375
1 0.49140625 0.34921875 0.096875 0.071875
1 0.56640625 0.31796875 0.090625 0.075
1 0.72734375 0.428125 0.090625 0.0875
1 0.7953125 0.390625 0.090625 0.0875
1 0.8859375 0.434375 0.1046875 0.075
1 0.92265625 0.378125 0.0875 0.078125
1 0.9 0.3171875 0.109375 0.06875
1 0.80078125 0.3125 0.090625 0.0703125
1 0.740625 0.33359375 0.090625 0.0796875
1 0.653125 0.31015625 0.090625 0.06875
1 0.62734375 0.25234375 0.1046875 0.0796875
1 0.5453125 0.2359375 0.1 0.0765625
1 0.45546875 0.25390625 0.109375 0.0625
1 0.33984375 0.2296875 0.1078125 0.075
1 0.26328125 0.1828125 0.1046875 0.065625
1 0.16171875 0.175 0.1109375 0.059375
1 0.075 0.1515625 0.078125 0.084375
1 0.4296875 0.13203125 0.10625 0.06875
1 0.34140625 0.1328125 0.08125 0.0875
1 0.2703125 0.1234375 0.090625 0.078125
1 0.19609375 0.12265625 0.0875 0.078125
1 0.13359375 0.10859375 0.09375 0.0859375
1 0.4765625 0.1921875 0.115625 0.06875
1 0.3953125 0.1796875 0.1125 0.0609375
1 0.47890625 0.10546875 0.10625 0.065625
1 0.44375 0.0453125 0.103125 0.08125
1 0.3734375 0.065625 0.090625 0.0875
1 0.3109375 0.05390625 0.109375 0.0859375
1 0.2265625 0.0609375 0.09375 0.075
1 0.13125 0.03828125 0.115625 0.0703125
1 0.04296875 0.0375 0.0859375 0.0625
1 0.6296875 0.1171875 0.084375 0.0875
1 0.5640625 0.11640625 0.078125 0.06875
1 0.5921875 0.17890625 0.1 0.0625
1 0.753125 0.203125 0.1 0.06875
1 0.67734375 0.17734375 0.08125 0.0828125
1 0.70390625 0.234375 0.121875 0.0609375
1 0.79140625 0.2515625 0.1 0.053125
1 0.740625 0.12109375 0.078125 0.084375
1 0.6046875 0.06328125 0.10625 0.0625
1 0.8859375 0.13828125 0.096875 0.0703125
1 0.815625 0.15078125 0.075 0.075
1 0.9046875 0.25390625 0.1 0.0546875
1 0.9109375 0.2 0.0921875 0.075
1 0.8359375 0.20390625 0.0875 0.0703125
1 0.84140625 0.0796875 0.096875 0.075
1 0.88828125 0.03203125 0.1 0.0640625
1 0.9453125 0.48046875 0.109375 0.0734375