1 0.09765625 0.715625 0.1125 0.075
1 0.16640625 0.765625 0.09375 0.05625
1 0.253125 0.77890625 0.0875 0.075
0 0.34453125 0.82421875 0.0875 0.0828125
1 0.184375 0.7078125 0.103125 0.06875
1 0.29296875 0.728125 0.1109375 0.0640625
1 0.23828125 0.678125 0.1 0.075
1 0.15546875 0.6546875 0.1296875 0.0734375
1 0.03828125 0.56796875 0.075 0.1
1 0.103125 0.5140625 0.096875 0.0609375
1 0.253125 0.615625 0.084375 0.05625
1 0.2046875 0.5796875 0.0953125 0.06875
1 0.13359375 0.58984375 0.0875 0.0640625
1 0.42265625 0.6578125 0.103125 0.08125
1 0.35703125 0.67578125 0.0890625 0.075
1 0.446875 0.715625 0.0921875 0.075
1 0.39140625 0.5921875 0.1015625 0.0625
1 0.3421875 0.55078125 0.08125 0.065625
1 0.43671875 0.52578125 0.096875 0.0953125
1 0.48515625 0.62421875 0.1 0.071875
1 0.58515625 0.790625 0.1109375 0.078125
1 0.71484375 0.8234375 0.084375 0.0984375
1 0.68984375 0.6953125 0.084375 0.0921875
1 0.62109375 0.65546875 0.096875 0.06875
1 0.59765625 0.60234375 0.10625 0.0625
1 0.51484375 0.58359375 0.1109375 0.06875
1 0.5609375 0.54453125 0.128125 0.065625
1 0.59921875 0.503125 0.1 0.0609375
1 0.309375 0.496875 0.0875 0.0765625
1 0.39609375 0.46484375 0.1078125 0.059375
1 0.3171875 0.43125 0.1 0.0515625
1 0.25625 0.47734375 0.090625 0.071875
1 0.1921875 0.5140625 0.0921875 0.078125
1 0.21015625 0.44453125 0.0875 0.065625
1 0.1265625 0.4625 0.109375 0.05625
1 0.05 0.48828125 0.1 0.075
1 0.1328125 0.415625 0.084375 0.06875
1 0.0734375 0.3875 0.103125 0.084375
1 0.18359375 0.38515625 0.0828125 0.065625
1 0.121875 0.33046875 0.125 0.0625
1 0.20390625 0.3359375 0.0796875 0.084375
1 0.28984375 0.37421875 0.0921875 0.0828125
1 0.3984375 0.40703125 0.1125 0.05625
1 0.51875 0.4109375 0.0890625 0.0859375
1 0.52890625 0.4890625 0.090625 0.078125
1 0.6125 0.43671875 0.084375 0.06875
1 0.7140625 0.6 0.1 0.0671875
1 0.7171875 0.5390625 0.103125 0.059375
1 0.89140625 0.66875 0.10625 0.0703125
1 0.9578125 0.621875 0.06875 0.0734375
1 0.90625 0.59140625 0.09375 0.08125
1 0.83671875 0.56484375 0.109375 0.0703125
1 0.77265625 0.503125 0.1125 0.06875
1 0.790625 0.43984375 0.10625 0.06875
1 0.71171875 0.45234375 0.09375 0.075
1 0.915625 0.51640625 0.084375 0.078125
1 0.85546875 0.50078125 0.078125 0.0875
1 0.89375 0.434375 0.1078125 0.075
1 0.67265625 0.40078125 0.075 0.06875
1 0.84609375 0.36953125 0.090625 0.084375
1 0.78359375 0.3578125 0.09375 0.0828125
1 0.7046875 0.3640625 0.096875 0.08125
1 0.59765625 0.353125 0.090625 0.084375
1 0.525 0.33828125 0.090625 0.078125
1 0.4578125 0.3484375 0.096875 0.084375
1 0.37578125 0.346875 0.09375 0.075
1 0.415625 0.29140625 0.103125 0.06875
1 0.5046875 0.27734375 0.103125 0.0765625
1 0.33125 0.31015625 0.078125 0.090625
1 0.259375 0.309375 0.090625 0.0703125
1 0.64609375 0.30703125 0.1 0.06875
1 0.46015625 0.2359375 0.103125 0.0703125
1 0.37109375 0.2453125 0.0921875 0.08125
1 0.2921875 0.25390625 0.10625 0.08125
1 0.21015625 0.26796875 0.090625 0.090625
1 0.14296875 0.26640625 0.1078125 0.0796875
1 0.05234375 0.26015625 0.1 0.071875
1 0.10859375 0.21640625 0.10625 0.0625
1 0.39609375 0.17734375 0.0953125 0.071875
1 0.321875 0.18984375 0.078125 0.0875
1 0.265625 0.171875 0.0953125 0.1046875
1 0.209375 0.1984375 0.0875 0.078125
1 0.3609375 0.1109375 0.0875 0.08125
1 0.27578125 0.11484375 0.1125 0.0671875
1 0.20859375 0.13828125 0.1 0.06875
1 0.1375 0.15625 0.0890625 0.0828125
1 0.05625 0.15078125 0.10625 0.0625
1 0.0734375 0.096875 0.103125 0.065625
1 0.2359375 0.07421875 0.1125 0.071875
1 0.15546875 0.09453125 0.0921875 0.0625
1 0.16953125 0.04453125 0.1 0.06875
1 0.4796875 0.04765625 0.0953125 0.0734375
1 0.39609375 0.05 0.0890625 0.078125
1 0.3203125 0.03984375 0.090625 0.0796875
1 0.24375 0.02890625 0.109375 0.0578125
1 0.521875 0.1421875 0.1125 0.0734375
1 0.434375 0.121875 0.08125 0.0875
1 0.48515625 0.18671875 0.103125 0.075
1 0.63984375 0.24453125 0.1015625 0.0796875
1 0.56875 0.2203125 0.0875 0.1
1 0.6625 0.196875 0.0953125 0.071875
1 0.60859375 0.15625 0.1 0.0734375
1 0.54765625 0.090625 0.1125 0.05
1 0.71015625 0.0515625 0.115625 0.0625
1 0.6203125 0.03125 0.090625 0.0625
1 0.56015625 0.0484375 0.11875 0.0578125
1 0.7828125 0.13046875 0.1203125 0.071875
1 0.68984375 0.1140625 0.096875 0.071875
1 0.62734375 0.09375 0.084375 0.0875
1 0.81015625 0.196875 0.090625 0.08125
1 0.734375 0.171875 0.0921875 0.078125
1 0.86796875 0.315625 0.1046875 0.071875
1 0.79453125 0.278125 0.1140625 0.0625
1 0.7421875 0.3046875 0.1046875 0.0703125
1 0.9234375 0.365625 0.078125 0.0734375
1 0.965625 0.4671875 0.06875 0.065625
1 0.9578125 0.33125 0.084375 0.0765625
1 0.9546875 0.26015625 0.090625 0.065625
1 0.94375 0.2046875 0.1 0.05
1 0.87734375 0.25 0.0859375 0.084375
1 0.87890625 0.17265625 0.0875 0.0875
1 0.9609375 0.153125 0.078125 0.08125
1 0.90703125 0.1171875 0.0796875 0.071875
1 0.853125 0.1 0.103125 0.078125
1 0.7953125 0.07109375 0.090625 0.08125
1 0.92578125 0.0609375 0.1015625 0.065625
1 0.88515625 0.028125 0.090625 0.05625