1 0.0453125 0.028125 0.059375 0.05625
0 0.08671875 0.0453125 0.06640625 0.07421875
0 0.0828125 0.109375 0.09765625 0.06796875
0 0.12578125 0.0171875 0.05 0.034375
0 0.15 0.07109375 0.05390625 0.08671875
1 0.2 0.06484375 0.05703125 0.0859375
0 0.26875 0.06953125 0.05546875 0.0984375
0 0.1890625 0.14921875 0.0875 0.08125
0 0.2578125 0.1609375 0.0515625 0.09765625
0 0.30234375 0.20703125 0.07421875 0.0984375
0 0.23671875 0.2265625 0.06953125 0.09296875
0 0.1484375 0.2140625 0.0703125 0.06328125
0 0.08671875 0.18359375 0.06875 0.08828125
0 0.02578125 0.20625 0.0515625 0.08203125
0 0.0859375 0.27734375 0.08828125 0.071875
0 0.2 0.27890625 0.08046875 0.08359375
0 0.1390625 0.328125 0.07265625 0.09765625
0 0.18828125 0.36328125 0.07109375 0.05390625
0 0.25390625 0.30390625 0.0671875 0.09296875
1 0.34609375 0.2859375 0.07578125 0.08046875
1 0.315625 0.340625 0.06796875 0.07578125
0 0.334375 0.09609375 0.0578125 0.09453125
0 0.35078125 0.03984375 0.059375 0.0796875
0 0.4046875 0.09609375 0.0796875 0.071875
0 0.44921875 0.03359375 0.0640625 0.0671875
0 0.48125 0.0953125 0.075 0.0796875
0 0.53046875 0.0359375 0.08125 0.06796875
1 0.38046875 0.16875 0.07265625 0.07421875
1 0.44296875 0.15859375 0.0671875 0.07421875
0 0.490625 0.16953125 0.05703125 0.0859375
0 0.553125 0.0890625 0.075 0.059375
0 0.553125 0.1546875 0.0734375 0.06484375
0 0.4078125 0.23828125 0.09140625 0.0671875
1 0.48125 0.2609375 0.046875 0.08984375
0 0.52890625 0.24375 0.06171875 0.103125
0 0.58984375 0.20078125 0.07421875 0.08046875
0 0.6140625 0.12734375 0.05625 0.09453125
0 0.63046875 0.046875 0.09453125 0.06953125
0 0.603125 0.021875 0.06953125 0.04296875
0 0.7046875 0.03203125 0.075 0.0640625
0 0.74765625 0.06640625 0.053125 0.09296875
0 0.68984375 0.0875 0.06640625 0.08203125
0 0.83515625 0.0796875 0.07578125 0.0640625
1 0.8140625 0.021875 0.06875 0.04375
1 0.86875 0.0265625 0.04609375 0.053125
0 0.92578125 0.05859375 0.065625 0.09140625
0 0.971875 0.03984375 0.05546875 0.0796875
0 0.96875 0.11328125 0.0625 0.0890625
0 0.803125 0.14921875 0.05859375 0.09296875
1 0.85859375 0.14296875 0.0734375 0.1046875
1 0.9109375 0.15625 0.07109375 0.08359375
1 0.93671875 0.23671875 0.06328125 0.0921875
0 0.8703125 0.22890625 0.06796875 0.096875
0 0.8984375 0.30859375 0.05625 0.109375
0 0.96171875 0.334375 0.07578125 0.08203125
1 0.80078125 0.22265625 0.07265625 0.07265625
0 0.67421875 0.1609375 0.071875 0.06875
1 0.74609375 0.15 0.065625 0.0984375
0 0.70703125 0.221875 0.08984375 0.0609375
1 0.77109375 0.2609375 0.0640625 0.06328125
1 0.83359375 0.2953125 0.0734375 0.08125
1 0.771875 0.3125 0.07890625 0.0625
0 0.70859375 0.28515625 0.06796875 0.06171875
0 0.64140625 0.25234375 0.0546875 0.08515625
0 0.646875 0.31640625 0.0859375 0.06875
0 0.59296875 0.2953125 0.0625 0.059375
0 0.709375 0.35234375 0.084375 0.06875
1 0.01953125 0.3171875 0.0390625 0.08828125
0 0.05390625 0.35703125 0.0578125 0.1078125
0 0.11015625 0.403125 0.0640625 0.0890625
1 0.178125 0.4296875 0.0765625 0.06484375
1 0.2484375 0.39453125 0.05390625 0.096875
1 0.30078125 0.4015625 0.0609375 0.10625
0 0.371875 0.3609375 0.0609375 0.0953125
0 0.4328125 0.36953125 0.06796875 0.0609375
0 0.50234375 0.33828125 0.0625 0.09453125
0 0.559375 0.340625 0.05546875 0.09296875
0 0.01875 0.4171875 0.03671875 0.0890625
0 0.065625 0.4390625 0.05625 0.10234375
0 0.06328125 0.52421875 0.07890625 0.08046875
0 0.015625 0.4921875 0.03046875 0.0828125
0 0.1390625 0.49140625 0.0671875 0.0734375
0 0.215625 0.478125 0.07109375 0.08984375
0 0.278125 0.478125 0.075 0.0703125
0 0.34453125 0.453125 0.05234375 0.084375
0 0.415625 0.42265625 0.0921875 0.07109375
0 0.48203125 0.43125 0.05390625 0.09375
0 0.534375 0.41171875 0.05078125 0.10546875
0 0.5765625 0.42421875 0.04296875 0.1015625
0 0.384375 0.49375 0.0515625 0.08671875
0 0.4515625 0.5109375 0.0765625 0.08828125
0 0.53046875 0.49609375 0.07890625 0.06953125
0 0.10625 0.59609375 0.0515625 0.08671875
0 0.0421875 0.62421875 0.084375 0.075
0 0.1703125 0.559375 0.06171875 0.08828125
0 0.22265625 0.56875 0.05703125 0.07734375
0 0.25546875 0.52890625 0.06953125 0.053125
0 0.32109375 0.5375 0.059375 0.09765625
0 0.3578125 0.56171875 0.0546875 0.078125
0 0.39375 0.56328125 0.05703125 0.08515625
0 0.49375 0.578125 0.0546875 0.10390625
0 0.43984375 0.60859375 0.0640625 0.103125
0 0.259375 0.60703125 0.06875 0.0734375
0 0.31640625 0.61328125 0.05 0.0765625
0 0.37578125 0.63828125 0.071875 0.0921875
1 0.2171875 0.64140625 0.06015625 0.09609375
0 0.275 0.6703125 0.06640625 0.0984375
0 0.16328125 0.6421875 0.06484375 0.08984375
0 0.1046875 0.6671875 0.0703125 0.059375
0 0.04609375 0.69296875 0.08125 0.0828125
0 0.14140625 0.7265625 0.0640625 0.08359375
1 0.225 0.71328125 0.0625 0.06796875
0 0.20390625 0.75859375 0.0640625 0.09140625
0 0.34296875 0.69609375 0.0828125 0.05703125
0 0.4296875 0.30625 0.0796875 0.06953125
0 0.63046875 0.3828125 0.0703125 0.06875
0 0.6984375 0.415625 0.07890625 0.071875
0 0.771875 0.38046875 0.07109375 0.065625
1 0.83828125 0.371875 0.06171875 0.0921875
1 0.90390625 0.403125 0.084375 0.0640625
1 0.98125 0.39140625 0.0375 0.0703125
0 0.9640625 0.45703125 0.07109375 0.0609375
1 0.91484375 0.484375 0.0640625 0.071875
0 0.86953125 0.49453125 0.05859375 0.090625
1 0.8203125 0.43671875 0.0484375 0.08359375
1 0.76015625 0.45625 0.078125 0.06484375
0 0.690625 0.48515625 0.07265625 0.06640625
0 0.6453125 0.440625 0.06640625 0.0546875
0 0.6109375 0.49375 0.078125 0.06640625
0 0.6453125 0.5390625 0.07421875 0.0625
0 0.70234375 0.55234375 0.05625 0.0953125
0 0.7734375 0.52890625 0.0875 0.071875
1 0.83359375 0.525 0.05234375 0.08671875
1 0.8921875 0.58203125 0.0515625 0.1109375
1 0.94453125 0.54140625 0.06796875 0.0921875
1 0.984375 0.54296875 0.03125 0.096875
1 0.94765625 0.6046875 0.07734375 0.06953125
0 0.8375 0.6109375 0.0734375 0.084375
1 0.76484375 0.61640625 0.08046875 0.06796875
1 0.5609375 0.55 0.07109375 0.06640625
0 0.5921875 0.58203125 0.06796875 0.07109375
0 0.65390625 0.6140625 0.05078125 0.1125
0 0.696875 0.634375 0.0640625 0.078125
1 0.5390625 0.628125 0.05390625 0.084375
1 0.5765625 0.66015625 0.0484375 0.08828125
0 0.62265625 0.67265625 0.05390625 0.09453125
0 0.484375 0.67265625 0.0734375 0.0578125
0 0.4203125 0.69296875 0.065625 0.0640625
1 0.72734375 0.69140625 0.04765625 0.0984375
0 0.8078125 0.678125 0.06171875 0.08046875
0 0.8796875 0.68046875 0.08984375 0.06171875
1 0.93515625 0.71796875 0.059375 0.0984375
1 0.86640625 0.74765625 0.07734375 0.0765625
0 0.76640625 0.75 0.06796875 0.06484375
1 0.0296875 0.75859375 0.059375 0.0921875
0 0.1015625 0.83125 0.0546875 0.0890625
0 0.1421875 0.93125 0.04765625 0.09453125
1 0.1515625 0.7984375 0.07578125 0.07734375
1 0.22578125 0.85390625 0.0625 0.0890625
0 0.26484375 0.78671875 0.05078125 0.08359375
0 0.3109375 0.76640625 0.059375 0.09765625
1 0.28984375 0.8515625 0.0640625 0.08203125
0 0.25390625 0.925 0.08828125 0.05390625
1 0.3265625 0.92890625 0.053125 0.09765625
0 0.38671875 0.7515625 0.084375 0.06796875
0 0.35546875 0.840625 0.05703125 0.08828125
0 0.39765625 0.90078125 0.05625 0.08984375
0 0.41875 0.82265625 0.07890625 0.0765625
0 0.46328125 0.72734375 0.06484375 0.0578125
0 0.49921875 0.7734375 0.06640625 0.05625
0 0.53046875 0.71015625 0.0546875 0.08203125
1 0.55546875 0.759375 0.059375 0.0890625
0 0.446875 0.9546875 0.04609375 0.0890625
0 0.4703125 0.86875 0.05703125 0.0859375
0 0.52734375 0.83828125 0.05703125 0.078125
1 0.4875 0.91484375 0.0515625 0.078125
1 0.5359375 0.90546875 0.0546875 0.08125
1 0.5 0.96953125 0.059375 0.0609375
1 0.5640625 0.96875 0.06875 0.0625
0 0.60703125 0.7390625 0.05 0.07890625
0 0.6640625 0.73046875 0.0640625 0.07578125
0 0.59453125 0.8203125 0.05703125 0.08203125
1 0.6515625 0.815625 0.07265625 0.08984375
1 0.5828125 0.9015625 0.04375 0.08984375
1 0.62734375 0.9015625 0.05 0.07734375
1 0.62890625 0.96328125 0.06796875 0.0734375
0 0.70703125 0.87734375 0.07734375 0.065625
0 0.71015625 0.93984375 0.059375 0.084375
1 0.70546875 0.7640625 0.06171875 0.084375
1 0.78125 0.83046875 0.05703125 0.09296875
1 0.79609375 0.91953125 0.0734375 0.09296875
0 0.8265625 0.8 0.0625 0.09296875
0 0.85859375 0.8578125 0.071875 0.07578125
0 0.93203125 0.82421875 0.053125 0.090625
0 0.97890625 0.7765625 0.0421875 0.09296875
1 0.96953125 0.96015625 0.06015625 0.07890625