0 0.0546875 0.94375 0.078125 0.0765625
1 0.0359375 0.9 0.071875 0.0640625
0 0.03359375 0.84765625 0.0671875 0.0703125
0 0.0125 0.771875 0.025 0.09375
0 0.0640625 0.7875 0.0765625 0.046875
1 0.0671875 0.734375 0.06875 0.078125
1 0.1125 0.82734375 0.084375 0.059375
1 0.14921875 0.8703125 0.090625 0.059375
0 0.0921875 0.965625 0.075 0.06875
0 0.1578125 0.95625 0.0625 0.084375
0 0.21953125 0.89140625 0.065625 0.084375
1 0.234375 0.94296875 0.103125 0.071875
0 0.2171875 0.7953125 0.071875 0.0765625
1 0.16015625 0.71875 0.071875 0.090625
0 0.09375 0.6546875 0.065625 0.075
0 0.025 0.67890625 0.05 0.0796875
0 0.05859375 0.6 0.08125 0.0765625
1 0.0140625 0.60625 0.028125 0.0765625
0 0.08515625 0.53125 0.1125 0.065625
0 0.08984375 0.46171875 0.090625 0.090625
0 0.01875 0.46484375 0.0375 0.0734375
0 0.04140625 0.40078125 0.075 0.071875
1 0.02734375 0.328125 0.0546875 0.053125
0 0.05078125 0.284375 0.1015625 0.05
0 0.0421875 0.23671875 0.0734375 0.0640625
1 0.02109375 0.17109375 0.0421875 0.0734375
1 0.0375 0.10625 0.075 0.06875
1 0.03125 0.05546875 0.0625 0.0625
1 0.0703125 0.19140625 0.0640625 0.0796875
0 0.10078125 0.11875 0.0984375 0.065625
0 0.08046875 0.33984375 0.0609375 0.065625
0 0.12421875 0.38203125 0.05 0.075
0 0.134375 0.2859375 0.0828125 0.05625
0 0.13203125 0.2359375 0.1 0.053125
1 0.153125 0.175 0.065625 0.075
0 0.15078125 0.028125 0.0875 0.05625
0 0.203125 0.1203125 0.059375 0.0671875
1 0.2234375 0.021875 0.0828125 0.04375
1 0.25625 0.0453125 0.06875 0.0625
0 0.22421875 0.18359375 0.08125 0.06875
1 0.259375 0.12578125 0.0609375 0.08125
1 0.215625 0.23984375 0.0859375 0.05625
0 0.17578125 0.33671875 0.0703125 0.0734375
0 0.20390625 0.290625 0.0875 0.0578125
0 0.2046875 0.4015625 0.096875 0.05625
0 0.1546875 0.471875 0.06875 0.084375
0 0.1390625 0.56875 0.065625 0.0828125
0 0.15546875 0.640625 0.06875 0.0765625
0 0.18671875 0.53203125 0.059375 0.075
0 0.2140625 0.5921875 0.096875 0.05625
0 0.25 0.53671875 0.075 0.0828125
1 0.21484375 0.47109375 0.06875 0.0796875
0 0.26484375 0.44921875 0.0625 0.08125
0 0.22734375 0.73984375 0.08125 0.05
0 0.234375 0.69453125 0.09375 0.0625
0 0.21875 0.6453125 0.103125 0.071875
1 0.3296875 0.9296875 0.0921875 0.065625
0 0.31484375 0.875 0.109375 0.053125
1 0.2953125 0.8234375 0.0828125 0.0546875
0 0.28359375 0.7734375 0.096875 0.0546875
1 0.3125 0.70625 0.0875 0.0625
1 0.3046875 0.65234375 0.0875 0.053125
0 0.29609375 0.5921875 0.0828125 0.078125
1 0.32109375 0.4859375 0.0703125 0.078125
1 0.24296875 0.34921875 0.06875 0.06875
1 0.2828125 0.29765625 0.075 0.071875
0 0.29453125 0.2265625 0.0703125 0.084375
0 0.31484375 0.15078125 0.0625 0.08125
1 0.35078125 0.08359375 0.09375 0.0609375
1 0.34921875 0.03046875 0.0984375 0.059375
1 0.28828125 0.37578125 0.08125 0.075
1 0.346875 0.32421875 0.090625 0.065625
0 0.334375 0.40859375 0.08125 0.078125
1 0.375 0.27734375 0.084375 0.046875
0 0.35 0.22109375 0.05 0.0765625
1 0.384375 0.140625 0.1 0.059375
0 0.4421875 0.0546875 0.075 0.0546875
1 0.42265625 0.02109375 0.078125 0.040625
0 0.471875 0.0921875 0.090625 0.04375
1 0.5109375 0.02890625 0.103125 0.0578125
0 0.46875 0.1421875 0.065625 0.0625
1 0.5296875 0.134375 0.0625 0.078125
1 0.4328125 0.19375 0.0890625 0.0546875
1 0.428125 0.240625 0.096875 0.053125
0 0.40390625 0.36796875 0.059375 0.0765625
0 0.41640625 0.425 0.115625 0.053125
0 0.4875 0.3734375 0.10625 0.06875
0 0.47265625 0.29609375 0.08125 0.078125
0 0.3671875 0.546875 0.0828125 0.0640625
0 0.34609375 0.5296875 0.071875 0.053125
1 0.38828125 0.475 0.078125 0.059375
1 0.38203125 0.62578125 0.075 0.0796875
1 0.396875 0.69609375 0.06875 0.0734375
0 0.3640625 0.7703125 0.084375 0.090625
0 0.38046875 0.83515625 0.103125 0.05
0 0.40625 0.88359375 0.075 0.08125
1 0.484375 0.94453125 0.1 0.06875
0 0.48046875 0.85 0.09375 0.0625
0 0.45 0.7828125 0.071875 0.075
0 0.46171875 0.71484375 0.1 0.0671875
0 0.446875 0.64609375 0.0703125 0.08125
0 0.44921875 0.5796875 0.09375 0.0578125
1 0.45625 0.525 0.0859375 0.05625
1 0.45703125 0.47578125 0.084375 0.05625
1 0.50703125 0.43515625 0.096875 0.05625
0 0.54921875 0.35078125 0.071875 0.0640625
1 0.51484375 0.25 0.0796875 0.0609375
1 0.521875 0.19921875 0.0875 0.0734375
1 0.61015625 0.02734375 0.0953125 0.0546875
0 0.60859375 0.075 0.084375 0.05
1 0.6984375 0.02734375 0.0875 0.0546875
1 0.69140625 0.07421875 0.096875 0.0625
1 0.75859375 0.05 0.08125 0.065625
0 0.81953125 0.0234375 0.1078125 0.046875
1 0.88046875 0.0703125 0.09375 0.05625
1 0.80390625 0.08203125 0.059375 0.059375
0 0.8265625 0.13125 0.103125 0.05625
1 0.95234375 0.11953125 0.09375 0.059375
1 0.96953125 0.184375 0.0609375 0.06875
1 0.978125 0.23515625 0.04375 0.0609375
1 0.92421875 0.24140625 0.075 0.06875
0 0.8234375 0.19765625 0.078125 0.0703125
0 0.59765625 0.1734375 0.09375 0.0578125
0 0.63515625 0.12578125 0.08125 0.05625
1 0.71640625 0.15546875 0.09375 0.0625
0 0.6109375 0.21953125 0.08125 0.0515625
0 0.6765625 0.19921875 0.0609375 0.075
0 0.7609375 0.221875 0.075 0.0640625
0 0.6140625 0.26328125 0.0875 0.05
0 0.70625 0.24609375 0.09375 0.0515625
1 0.56484375 0.3015625 0.09375 0.05625
1 0.659375 0.29921875 0.109375 0.059375
0 0.6109375 0.353125 0.059375 0.0625
0 0.73828125 0.321875 0.103125 0.0578125
1 0.7875 0.27890625 0.109375 0.053125
0 0.8828125 0.265625 0.0515625 0.078125
1 0.87734375 0.33046875 0.084375 0.0625
0 0.94921875 0.309375 0.09375 0.059375
0 0.92109375 0.40078125 0.078125 0.0546875
1 0.69375 0.37265625 0.1 0.0625
1 0.76953125 0.38046875 0.0703125 0.0890625
0 0.8359375 0.3890625 0.0640625 0.0734375
0 0.58046875 0.425 0.075 0.0796875
0 0.65078125 0.4265625 0.0734375 0.08125
1 0.725 0.4578125 0.078125 0.0875
1 0.7921875 0.475 0.0703125 0.075
1 0.86796875 0.465625 0.090625 0.0734375
1 0.9609375 0.4390625 0.078125 0.059375
0 0.88046875 0.52578125 0.096875 0.05625
1 0.5421875 0.48203125 0.078125 0.06875
1 0.53515625 0.54609375 0.0765625 0.065625
1 0.5984375 0.49453125 0.090625 0.06875
0 0.609375 0.5453125 0.0796875 0.065625
0 0.6734375 0.50625 0.08125 0.05625
0 0.71875 0.5484375 0.084375 0.06875
0 0.79140625 0.53984375 0.084375 0.0671875
1 0.8671875 0.57890625 0.103125 0.05625
0 0.9671875 0.56953125 0.065625 0.0484375
0 0.503125 0.61484375 0.06875 0.078125
0 0.565625 0.6140625 0.0671875 0.075
1 0.53046875 0.68125 0.0796875 0.075
1 0.5140625 0.7484375 0.08125 0.05625
1 0.52578125 0.80859375 0.0765625 0.0640625
1 0.55625 0.8953125 0.096875 0.075
0 0.64921875 0.8609375 0.103125 0.0625
1 0.596875 0.80234375 0.0875 0.08125
1 0.5890625 0.71875 0.08125 0.0875
0 0.6375 0.6484375 0.096875 0.06875
0 0.65 0.58828125 0.09375 0.053125
0 0.65546875 0.70625 0.0625 0.0828125
1 0.71875 0.7859375 0.06875 0.0828125
0 0.7296875 0.71875 0.06875 0.0765625
0 0.7140625 0.634375 0.071875 0.071875
0 0.7765625 0.59921875 0.0703125 0.059375
1 0.76640625 0.66328125 0.071875 0.06875
0 0.84765625 0.63046875 0.096875 0.0625
0 0.840625 0.68671875 0.1015625 0.059375
1 0.7890625 0.7421875 0.071875 0.0734375
1 0.82890625 0.81015625 0.078125 0.0765625
0 0.89921875 0.81015625 0.0796875 0.0984375
0 0.86953125 0.74765625 0.1 0.059375
1 0.9796875 0.6359375 0.040625 0.08125
0 0.93984375 0.703125 0.090625 0.0625
0 0.971875 0.78046875 0.05625 0.0671875