1 0.284375 0.09765625 0.07421875 0.11328125
1 0.234375 0.16640625 0.05625 0.09375
1 0.22109375 0.253125 0.075 0.08828125
0 0.17578125 0.34453125 0.0828125 0.0875
1 0.2921875 0.184375 0.06796875 0.103125
1 0.271875 0.29296875 0.0640625 0.1109375
1 0.321875 0.23828125 0.07578125 0.1
1 0.3453125 0.15546875 0.0734375 0.1296875
1 0.43203125 0.03828125 0.1 0.07578125
1 0.4859375 0.103125 0.0609375 0.09765625
1 0.384375 0.253125 0.05546875 0.084375
1 0.4203125 0.2046875 0.06953125 0.0953125
1 0.41015625 0.13359375 0.06328125 0.08671875
1 0.3421875 0.42265625 0.08125 0.10390625
1 0.32421875 0.35703125 0.075 0.0890625
1 0.284375 0.446875 0.07578125 0.0921875
1 0.4078125 0.39140625 0.0625 0.1015625
1 0.44921875 0.3421875 0.06484375 0.08203125
1 0.47421875 0.43671875 0.0953125 0.09765625
1 0.37578125 0.48515625 0.07109375 0.09921875
1 0.209375 0.58515625 0.07890625 0.1109375
1 0.1765625 0.71484375 0.0984375 0.08359375
1 0.3046875 0.68984375 0.0921875 0.08515625
1 0.34453125 0.62109375 0.06953125 0.096875
1 0.39765625 0.59765625 0.0625 0.10703125
1 0.41640625 0.51484375 0.06796875 0.1109375
1 0.45546875 0.5609375 0.06640625 0.128125
1 0.496875 0.59921875 0.0609375 0.10078125
1 0.503125 0.309375 0.0765625 0.08828125
1 0.53515625 0.39609375 0.05859375 0.1078125
1 0.56875 0.3171875 0.0515625 0.10078125
1 0.52265625 0.25625 0.07109375 0.08984375
1 0.4859375 0.1921875 0.078125 0.0921875
1 0.55546875 0.21015625 0.065625 0.08671875
1 0.5375 0.1265625 0.05703125 0.10859375
1 0.51171875 0.05 0.075 0.1
1 0.584375 0.1328125 0.06953125 0.08515625
1 0.6125 0.0734375 0.084375 0.103125
1 0.61484375 0.18359375 0.06484375 0.0828125
1 0.66953125 0.121875 0.06171875 0.12578125
1 0.6640625 0.20390625 0.08515625 0.0796875
1 0.62578125 0.28984375 0.0828125 0.0921875
1 0.59296875 0.3984375 0.05546875 0.11328125
1 0.5890625 0.51875 0.0859375 0.0890625
1 0.5109375 0.52890625 0.07890625 0.08984375
1 0.56328125 0.6125 0.06875 0.08359375
1 0.4 0.7140625 0.0671875 0.1
1 0.4609375 0.7171875 0.05859375 0.10390625
1 0.33125 0.89140625 0.0703125 0.10546875
1 0.378125 0.9578125 0.0734375 0.06875
1 0.40859375 0.90625 0.08203125 0.09296875
1 0.43515625 0.83671875 0.0703125 0.11015625
1 0.496875 0.77265625 0.06953125 0.11328125
1 0.56015625 0.790625 0.06796875 0.10703125
1 0.54765625 0.71171875 0.07421875 0.09296875
1 0.48359375 0.915625 0.07734375 0.08515625
1 0.49921875 0.85546875 0.0875 0.07734375
1 0.565625 0.89375 0.075 0.1078125
1 0.59921875 0.67265625 0.06796875 0.07421875
1 0.63046875 0.84609375 0.084375 0.090625
1 0.6421875 0.78359375 0.0828125 0.09296875
1 0.6359375 0.7046875 0.08125 0.09765625
1 0.646875 0.59765625 0.08515625 0.08984375
1 0.66171875 0.525 0.078125 0.09140625
1 0.6515625 0.4578125 0.08515625 0.09765625
1 0.653125 0.37578125 0.075 0.09375
1 0.70859375 0.415625 0.06796875 0.10234375
1 0.72265625 0.5046875 0.0765625 0.10390625
1 0.68984375 0.33125 0.090625 0.07734375
1 0.690625 0.259375 0.0703125 0.090625
1 0.69296875 0.64609375 0.06875 0.09921875
1 0.7640625 0.46015625 0.0703125 0.10234375
1 0.7546875 0.37109375 0.08046875 0.0921875
1 0.74609375 0.2921875 0.08046875 0.10625
1 0.73203125 0.21015625 0.090625 0.08984375
1 0.73359375 0.14296875 0.0796875 0.1078125
1 0.73984375 0.05234375 0.07265625 0.10078125
1 0.78359375 0.10859375 0.06171875 0.10546875
1 0.82265625 0.39609375 0.071875 0.0953125
1 0.81015625 0.321875 0.0875 0.078125
1 0.828125 0.265625 0.1046875 0.0953125
1 0.8015625 0.209375 0.07890625 0.0875
1 0.8890625 0.3609375 0.08125 0.08671875
1 0.88515625 0.27578125 0.0671875 0.11328125
1 0.86171875 0.20859375 0.06796875 0.09921875
1 0.84375 0.1375 0.0828125 0.0890625
1 0.84921875 0.05625 0.06171875 0.10546875
1 0.903125 0.0734375 0.06484375 0.103125
1 0.92578125 0.2359375 0.071875 0.11171875
1 0.90546875 0.15546875 0.06171875 0.0921875
1 0.95546875 0.16953125 0.06796875 0.10078125
1 0.95234375 0.4796875 0.0734375 0.0953125
1 0.95 0.39609375 0.07890625 0.0890625
1 0.96015625 0.3203125 0.0796875 0.090625
1 0.97109375 0.24375 0.0578125 0.109375
1 0.8578125 0.521875 0.0734375 0.11171875
1 0.878125 0.434375 0.08671875 0.08046875
1 0.81328125 0.48515625 0.075 0.10390625
1 0.75546875 0.63984375 0.0796875 0.1015625
1 0.7796875 0.56875 0.10078125 0.0875
1 0.803125 0.6625 0.07109375 0.0953125
1 0.84375 0.60859375 0.0734375 0.10078125
1 0.909375 0.54765625 0.05 0.11328125
1 0.9484375 0.71015625 0.06171875 0.11640625
1 0.96875 0.6203125 0.0625 0.08984375
1 0.9515625 0.56015625 0.0578125 0.11953125
1 0.86953125 0.7828125 0.071875 0.1203125
1 0.8859375 0.68984375 0.071875 0.09765625
1 0.90625 0.62734375 0.08828125 0.084375
1 0.803125 0.81015625 0.08125 0.08984375
1 0.828125 0.734375 0.07890625 0.0921875
1 0.684375 0.86796875 0.071875 0.1046875
1 0.721875 0.79453125 0.0625 0.1140625
1 0.6953125 0.7421875 0.0703125 0.1046875
1 0.634375 0.9234375 0.0734375 0.078125
1 0.5328125 0.965625 0.06640625 0.06796875
1 0.66875 0.9578125 0.0765625 0.08359375
1 0.73984375 0.9546875 0.06640625 0.090625
1 0.7953125 0.94375 0.05 0.1
1 0.75 0.87734375 0.084375 0.0859375
1 0.82734375 0.87890625 0.08671875 0.08828125
1 0.846875 0.9609375 0.08125 0.078125
1 0.8828125 0.90703125 0.07265625 0.0796875
1 0.9 0.853125 0.07734375 0.103125
1 0.92890625 0.7953125 0.08125 0.09140625
1 0.9390625 0.92578125 0.06640625 0.1015625
1 0.971875 0.88515625 0.05546875 0.09140625