1 0.92265625 0.025 0.084375 0.046875
1 0.97734375 0.15390625 0.0453125 0.0484375
0 0.90546875 0.1625 0.096875 0.0625
0 0.95625 0.20234375 0.0453125 0.071875
1 0.9515625 0.26640625 0.090625 0.0609375
1 0.90078125 0.22890625 0.075 0.071875
0 0.91328125 0.31796875 0.0875 0.075
0 0.93984375 0.38203125 0.071875 0.078125
1 0.9625 0.46171875 0.071875 0.0859375
1 0.96875 0.528125 0.0625 0.08125
0 0.91171875 0.50859375 0.05625 0.0765625
1 0.89921875 0.440625 0.075 0.0625
0 0.934375 0.58125 0.065625 0.08125
1 0.9796875 0.6203125 0.040625 0.065625
0 0.9625 0.678125 0.075 0.065625
0 0.9375 0.753125 0.078125 0.075
1 0.97265625 0.8109375 0.053125 0.0859375
1 0.95546875 0.8890625 0.0875 0.0625
0 0.89375 0.828125 0.078125 0.05625
0 0.8453125 0.78359375 0.084375 0.0578125
0 0.8265625 0.734375 0.084375 0.0546875
0 0.903125 0.63203125 0.078125 0.0484375
1 0.89453125 0.67734375 0.103125 0.053125
0 0.865625 0.5765625 0.0890625 0.0625
1 0.840625 0.64375 0.084375 0.075
0 0.76953125 0.625 0.096875 0.059375
1 0.8484375 0.4953125 0.0640625 0.1
0 0.80703125 0.47421875 0.071875 0.078125
0 0.87421875 0.375 0.06875 0.078125
0 0.8140625 0.41796875 0.096875 0.05625
0 0.80546875 0.3671875 0.071875 0.053125
0 0.84140625 0.2984375 0.08125 0.071875
0 0.840625 0.21015625 0.0625 0.0765625
0 0.8078125 0.14765625 0.096875 0.05625
1 0.7640625 0.20078125 0.090625 0.053125
0 0.7796875 0.2578125 0.1 0.053125
0 0.73125 0.15234375 0.08125 0.05
1 0.7171875 0.0828125 0.078125 0.078125
0 0.69375 0.02734375 0.096875 0.053125
1 0.653125 0.05859375 0.1 0.05625
1 0.65625 0.1203125 0.071875 0.06875
0 0.66953125 0.184375 0.0625 0.078125
0 0.68828125 0.259375 0.0921875 0.059375
0 0.775 0.32265625 0.065625 0.08125
1 0.7171875 0.3265625 0.06875 0.08125
0 0.7171875 0.403125 0.09375 0.0734375
0 0.7375 0.44296875 0.0875 0.0640625
0 0.73046875 0.5 0.084375 0.065625
1 0.7515625 0.54375 0.0734375 0.0828125
0 0.6859375 0.55703125 0.0765625 0.05625
0 0.6625 0.609375 0.08125 0.05625
1 0.7 0.67421875 0.096875 0.059375
0 0.76796875 0.70625 0.071875 0.078125
1 0.74609375 0.77890625 0.071875 0.075
1 0.75703125 0.84296875 0.09375 0.05625
1 0.81484375 0.86875 0.0875 0.059375
1 0.7953125 0.928125 0.11875 0.0546875
1 0.78828125 0.96796875 0.090625 0.0546875
0 0.68828125 0.90234375 0.10625 0.0734375
0 0.63984375 0.87109375 0.1 0.0578125
0 0.58125 0.91875 0.109375 0.0484375
0 0.671875 0.7375 0.08125 0.075
0 0.678125 0.79765625 0.0859375 0.0671875
0 0.62890625 0.81875 0.06875 0.065625
1 0.5390625 0.85703125 0.0875 0.0625
0 0.58984375 0.759375 0.084375 0.071875
0 0.61328125 0.69921875 0.096875 0.053125
0 0.61640625 0.6390625 0.0671875 0.078125
0 0.56015625 0.64609375 0.075 0.0765625
1 0.6078125 0.571875 0.096875 0.065625
0 0.62734375 0.521875 0.096875 0.0453125
0 0.65546875 0.48046875 0.0875 0.06875
0 0.62578125 0.4296875 0.0921875 0.053125
0 0.6578125 0.36328125 0.065625 0.06875
1 0.625 0.30703125 0.09375 0.053125
0 0.59921875 0.365625 0.075 0.078125
1 0.603125 0.246875 0.09375 0.071875
1 0.60859375 0.1765625 0.059375 0.0875
0 0.58125 0.1046875 0.071875 0.078125
1 0.5546875 0.03515625 0.0875 0.065625
1 0.53046875 0.2359375 0.065625 0.078125
1 0.53203125 0.30859375 0.09375 0.05625
1 0.48046875 0.06796875 0.096875 0.0546875
1 0.47421875 0.12421875 0.0875 0.0609375
0 0.48828125 0.16640625 0.09375 0.053125
0 0.45625 0.21796875 0.09375 0.059375
0 0.46640625 0.271875 0.08125 0.0640625
0 0.55625 0.41875 0.05625 0.071875
0 0.515625 0.3921875 0.059375 0.0578125
1 0.575 0.4828125 0.0921875 0.065625
0 0.509375 0.475 0.059375 0.071875
0 0.534375 0.54765625 0.071875 0.084375
0 0.49921875 0.6234375 0.06875 0.0671875
0 0.5203125 0.70546875 0.0578125 0.075
0 0.50390625 0.8 0.059375 0.065625
0 0.43984375 0.784375 0.065625 0.0875
1 0.4421875 0.72265625 0.096875 0.0578125
0 0.4171875 0.6671875 0.1203125 0.0515625
1 0.46015625 0.58515625 0.071875 0.075
0 0.440625 0.36328125 0.075 0.084375
0 0.46171875 0.4328125 0.06875 0.06875
0 0.43125 0.5 0.090625 0.065625
0 0.41953125 0.55859375 0.06875 0.065625
1 0.38125 0.61640625 0.090625 0.05
1 0.3578125 0.71484375 0.08125 0.0625
1 0.3703125 0.7671875 0.06875 0.075
0 0.378125 0.83515625 0.0828125 0.065625
0 0.44375 0.91640625 0.08125 0.0609375
0 0.375 0.925 0.0734375 0.075
1 0.53203125 0.984375 0.1 0.03125
1 0.453125 0.97890625 0.0625 0.0421875
1 0.38828125 0.97890625 0.065625 0.0421875
0 0.3125 0.9765625 0.0921875 0.046875
1 0.30078125 0.93359375 0.0984375 0.05625
0 0.30234375 0.8875 0.0859375 0.0453125
1 0.19609375 0.9734375 0.0703125 0.053125
1 0.209375 0.9203125 0.0875 0.065625
1 0.14453125 0.884375 0.084375 0.078125
0 0.21796875 0.8625 0.08125 0.05625
0 0.23515625 0.80859375 0.084375 0.0828125
0 0.2890625 0.7671875 0.103125 0.040625
0 0.32109375 0.66171875 0.065625 0.075
0 0.2640625 0.7 0.06875 0.0640625
0 0.21015625 0.734375 0.09375 0.0625
1 0.10234375 0.809375 0.0875 0.0578125
0 0.10546875 0.74765625 0.075 0.06875
1 0.14140625 0.690625 0.096875 0.0625
1 0.05703125 0.72109375 0.0625 0.0765625
1 0.02109375 0.7375 0.0421875 0.075
1 0.05078125 0.728125 0.009375 0.0140625
1 0.02890625 0.80234375 0.05625 0.0515625
0 0.03828125 0.66328125 0.075 0.0703125
0 0.1453125 0.60625 0.0984375 0.053125
0 0.084375 0.63203125 0.0828125 0.0703125
0 0.3046875 0.603125 0.0859375 0.05
0 0.346875 0.57734375 0.08125 0.0375
0 0.37109375 0.53203125 0.0671875 0.0625
0 0.28671875 0.55546875 0.10625 0.05
0 0.2296875 0.596875 0.0484375 0.06875
0 0.31796875 0.50546875 0.09375 0.065625
1 0.2015625 0.54375 0.075 0.0765625
0 0.13203125 0.5390625 0.065625 0.0875
0 0.10078125 0.56015625 0.059375 0.0796875
0 0.0640625 0.51328125 0.06875 0.0765625
1 0.1375 0.4796875 0.090625 0.05625
0 0.28203125 0.44296875 0.090625 0.0625
0 0.22265625 0.45859375 0.06875 0.059375
0 0.4015625 0.44375 0.071875 0.0875
1 0.38984375 0.32265625 0.0796875 0.05625
1 0.34453125 0.36796875 0.0875 0.059375
1 0.3875 0.26328125 0.075 0.08125
1 0.409375 0.19453125 0.0859375 0.053125
0 0.39375 0.11953125 0.0625 0.078125
1 0.37890625 0.03125 0.0859375 0.059375
0 0.3296875 0.18984375 0.0890625 0.046875
1 0.271875 0.23203125 0.08125 0.08125
1 0.32578125 0.296875 0.065625 0.075
0 0.2703125 0.3671875 0.0890625 0.065625
1 0.20390625 0.4109375 0.1078125 0.05625
0 0.20625 0.34765625 0.084375 0.0625
1 0.2328125 0.1703125 0.1 0.0578125
1 0.1625 0.2109375 0.103125 0.0578125
1 0.1125 0.175 0.1015625 0.053125
1 0.15859375 0.278125 0.1 0.0796875
1 0.05390625 0.27265625 0.103125 0.059375
1 0.11015625 0.3375 0.1109375 0.06875
0 0.09296875 0.425 0.09375 0.0703125
1 0.0359375 0.44296875 0.071875 0.071875
0 0.01953125 0.3765625 0.0390625 0.065625
1 0.03203125 0.6 0.0625 0.0640625