1 0.90703125 0.89921875 0.1125 0.090625
1 0.90546875 0.82109375 0.1 0.096875
1 0.7984375 0.79140625 0.1375 0.0796875
1 0.68203125 0.81640625 0.121875 0.10625
1 0.58203125 0.80078125 0.11875 0.08125
1 0.57890625 0.740625 0.1359375 0.08125
1 0.70390625 0.746875 0.06875 0.084375
1 0.78359375 0.7375 0.128125 0.0609375
1 0.89375 0.74765625 0.1046875 0.0609375
1 0.95546875 0.77890625 0.0890625 0.0875
1 0.95 0.69765625 0.1 0.059375
1 0.7484375 0.68515625 0.0796875 0.090625
1 0.82265625 0.67890625 0.090625 0.0828125
1 0.87109375 0.703125 0.071875 0.078125
1 0.8921875 0.6390625 0.0796875 0.0828125
1 0.9578125 0.6359375 0.084375 0.08125
1 0.83515625 0.584375 0.090625 0.0859375
1 0.90859375 0.58828125 0.078125 0.0765625
1 0.646875 0.6859375 0.115625 0.08125
1 0.55078125 0.6734375 0.103125 0.0859375
1 0.68203125 0.6296875 0.10625 0.084375
1 0.76953125 0.6140625 0.103125 0.08125
1 0.70625 0.56953125 0.078125 0.08125
1 0.628125 0.54609375 0.1140625 0.06875
1 0.5265625 0.6109375 0.090625 0.090625
1 0.59765625 0.590625 0.090625 0.08125
1 0.4671875 0.74765625 0.11875 0.0609375
1 0.31015625 0.71796875 0.09375 0.0921875
1 0.3828125 0.70625 0.090625 0.09375
1 0.23125 0.7609375 0.125 0.090625
1 0.153125 0.6984375 0.1 0.065625
1 0.22109375 0.66875 0.0953125 0.05625
1 0.4625 0.678125 0.0828125 0.078125
1 0.3375 0.64296875 0.084375 0.0859375
1 0.35234375 0.57734375 0.1 0.09375
1 0.446875 0.6 0.08125 0.06875
1 0.43359375 0.5421875 0.0953125 0.0703125
1 0.5140625 0.54140625 0.1 0.0671875
1 0.32109375 0.51328125 0.090625 0.0546875
1 0.3328125 0.4625 0.1 0.071875
1 0.4078125 0.46796875 0.08125 0.09375
1 0.4703125 0.484375 0.09375 0.046875
1 0.565625 0.475 0.115625 0.0625
1 0.66875 0.4875 0.1 0.0875
1 0.746875 0.5109375 0.0921875 0.078125
1 0.8171875 0.53359375 0.0953125 0.065625
1 0.896875 0.5328125 0.10625 0.0625
1 0.83671875 0.4796875 0.096875 0.0671875
1 0.9046875 0.478125 0.09375 0.0703125
1 0.94921875 0.44296875 0.1015625 0.0828125
1 0.88515625 0.38359375 0.1 0.075
1 0.9328125 0.33828125 0.103125 0.08125
1 0.83984375 0.33828125 0.0875 0.084375
1 0.78984375 0.38984375 0.09375 0.0625
1 0.6671875 0.38203125 0.078125 0.06875
1 0.47421875 0.4375 0.0984375 0.059375
1 0.5484375 0.3984375 0.06875 0.0953125
1 0.75703125 0.34375 0.09375 0.0515625
1 0.7796875 0.2921875 0.1375 0.0546875
1 0.8625 0.2625 0.0859375 0.0671875
1 0.9140625 0.240625 0.075 0.090625
1 0.94921875 0.16796875 0.096875 0.0875
1 0.934375 0.06171875 0.0734375 0.0859375
1 0.8890625 0.14765625 0.0734375 0.065625
1 0.72890625 0.25703125 0.075 0.059375
1 0.7859375 0.23359375 0.0890625 0.084375
1 0.85 0.2015625 0.1 0.0640625
1 0.69140625 0.31484375 0.0875 0.065625
1 0.7828125 0.16640625 0.1015625 0.06875
1 0.83671875 0.11484375 0.1 0.075
1 0.81328125 0.05390625 0.1 0.08125
1 0.7484375 0.11015625 0.109375 0.065625
1 0.64453125 0.24296875 0.078125 0.0609375
1 0.6984375 0.1953125 0.084375 0.065625
1 0.3640625 0.403125 0.090625 0.08125
1 0.4359375 0.37890625 0.0734375 0.096875
1 0.496875 0.35703125 0.0828125 0.0921875
1 0.5625 0.340625 0.0859375 0.08125
1 0.60859375 0.30625 0.084375 0.08125
1 0.5875 0.1578125 0.090625 0.065625
1 0.6625 0.134375 0.090625 0.075
1 0.5390625 0.2296875 0.078125 0.0890625
1 0.60859375 0.21328125 0.096875 0.0703125
1 0.50546875 0.09921875 0.1 0.0765625
1 0.58203125 0.0921875 0.084375 0.075
1 0.68046875 0.053125 0.078125 0.090625
1 0.7375 0.05 0.075 0.06875
1 0.525 0.0484375 0.10625 0.075
1 0.60234375 0.021875 0.096875 0.04375
1 0.25078125 0.35625 0.071875 0.096875
1 0.315625 0.35625 0.084375 0.0859375
1 0.38046875 0.3421875 0.090625 0.0875
1 0.14296875 0.596875 0.1125 0.0578125
1 0.2296875 0.55859375 0.090625 0.0796875
1 0.15234375 0.64140625 0.103125 0.0578125
1 0.090625 0.56796875 0.075 0.0625
1 0.16328125 0.5265625 0.0875 0.0625
1 0.24140625 0.4828125 0.0875 0.071875
1 0.2640625 0.42421875 0.084375 0.08125
1 0.203125 0.403125 0.08125 0.065625
1 0.09453125 0.496875 0.1 0.065625
1 0.1796875 0.45703125 0.059375 0.075
1 0.0375 0.47578125 0.075 0.0734375
1 0.071875 0.40703125 0.08125 0.078125
1 0.07578125 0.36328125 0.096875 0.071875
1 0.13828125 0.37734375 0.0875 0.071875
1 0.1921875 0.3296875 0.0859375 0.075
1 0.06875 0.29453125 0.090625 0.090625
1 0.13359375 0.3109375 0.096875 0.0625
1 0.20546875 0.26875 0.096875 0.071875
1 0.28515625 0.2828125 0.103125 0.0625
1 0.3484375 0.25859375 0.096875 0.084375
1 0.428125 0.290625 0.10625 0.075
1 0.49609375 0.29453125 0.071875 0.075
1 0.50078125 0.1703125 0.096875 0.078125
1 0.4296875 0.21328125 0.084375 0.06875
1 0.41796875 0.13359375 0.103125 0.0765625
1 0.36875 0.17890625 0.078125 0.0875
1 0.2859375 0.16875 0.096875 0.075
1 0.2609375 0.2171875 0.078125 0.0734375
1 0.1640625 0.20546875 0.0875 0.090625
1 0.10703125 0.240625 0.075 0.0875
1 0.203125 0.1515625 0.09375 0.078125
1 0.13359375 0.090625 0.1015625 0.09375
1 0.05546875 0.11328125 0.1109375 0.0953125
1 0.0609375 0.04609375 0.1 0.075
1 0.2125 0.03515625 0.0875 0.0703125
1 0.2671875 0.0953125 0.096875 0.0765625
1 0.35234375 0.08984375 0.0734375 0.065625
1 0.3 0.0453125 0.084375 0.071875