1 0.0962171046875 0.128431371875 0.11225328906250001 0.134803921875 0.1287006578125 0.134313725 0.1578947375 0.128431371875 0.162828946875 0.12401960781250002 0.173108553125 0.09950980468750001 0.173108553125 0.0877450984375 0.1665296046875 0.0759803921875 0.1484375 0.0647058828125 0.1278782890625 0.058333332812500006 0.11101973750000001 0.0588235296875 0.094161184375 0.0661764703125 0.084703946875 0.0740196078125 0.0805921046875 0.0857843140625 0.0805921046875 0.10245097968750001 0.0830592109375 0.113725490625 0.0859375 0.119117646875 0.0962171046875 0.128431371875
1 0.21957236875000002 0.0877450984375 0.23108552656249998 0.088725490625 0.2462993421875 0.08235294062500001 0.2553453953125 0.0705882359375 0.2598684203125 0.05588235312499999 0.2619243421875 0.0357843140625 0.2602796046875 0.025 0.2553453953125 0.011274509375 0.2462993421875 0.0009803921875 0.219983553125 0 0.21546052656249998 0.0024509796875 0.2080592109375 0.0122549015625 0.202713815625 0.0245098046875 0.2010690796875 0.0333333328125 0.1977796046875 0.06323529375 0.2047697375 0.0779411765625 0.21011513124999998 0.0838235296875 0.21957236875000002 0.0877450984375
1 0.1377467109375 0.19460784375 0.1615953953125 0.19460784375 0.1755756578125 0.190196078125 0.186266446875 0.1818627453125 0.1924342109375 0.1647058828125 0.1924342109375 0.1475490203125 0.1899671046875 0.13676470624999998 0.1829769734375 0.13039215625 0.1665296046875 0.1254901953125 0.140213815625 0.1254901953125 0.1217105265625 0.13039215625 0.1130756578125 0.1372549015625 0.10896381562499999 0.15098039218749998 0.10855263125 0.1647058828125 0.1130756578125 0.17941176406249998 0.1217105265625 0.188725490625 0.1377467109375 0.19460784375
1 0.024671053125000002 0.359313725 0.0411184203125 0.35490196093750004 0.046875 0.35 0.05633223750000001 0.33676470625 0.06414473750000001 0.317647059375 0.0682565796875 0.292647059375 0.0666118421875 0.2799019609375 0.061677631249999997 0.2681372546875 0.05304276249999999 0.261274509375 0.0431743421875 0.259313725 0.031661184375 0.2602941171875 0.018914473437500003 0.265686275 0.006990131250000001 0.28039215624999997 0.0016447375 0.2921568625 0.001233553125 0.3279411765625 0.0041118421875 0.34068627500000004 0.0106907890625 0.35147058750000004 0.024671053125000002 0.359313725
1 0.1603618421875 0.2686274515625 0.1755756578125 0.2794117640625 0.1895559203125 0.284803921875 0.2014802625 0.2838235296875 0.2092927625 0.2779411765625 0.2208059203125 0.265196078125 0.2224506578125 0.2504901953125 0.2166940796875 0.22352941249999997 0.211348684375 0.21225490156250001 0.1969572375 0.198039215625 0.1780427625 0.194117646875 0.155016446875 0.1970588234375 0.1484375 0.2004901953125 0.140213815625 0.209803921875 0.1365131578125 0.221568628125 0.1365131578125 0.230882353125 0.1389802625 0.2397058828125 0.1467927625 0.2544117640625 0.1603618421875 0.2686274515625
1 0.22574013124999998 0.26176470625000003 0.23766447343750002 0.2671568625 0.2549342109375 0.271568628125 0.2693256578125 0.2666666671875 0.282483553125 0.25392156875 0.2693256578125 0.2044117640625 0.2594572375 0.184313725 0.243421053125 0.1661764703125 0.2401315796875 0.165686275 0.234375 0.1725490203125 0.2166940796875 0.1872549015625 0.21011513124999998 0.2004901953125 0.209703946875 0.2142156859375 0.2166940796875 0.24558823593749998 0.219983553125 0.25539215625 0.22574013124999998 0.26176470625000003
1 0.1352796046875 0.0666666671875 0.162828946875 0.0774509796875 0.178453946875 0.0774509796875 0.195723684375 0.06911764687500001 0.201891446875 0.0622549015625 0.20641447343750002 0.0509803921875 0.2068256578125 0.0357843140625 0.2006578953125 0.021078431249999998 0.1768092109375 0.0083333328125 0.1533717109375 0.0024509796875 0.1377467109375 0.003431371875 0.1266447375 0.0122549015625 0.1212993421875 0.0240196078125 0.1208881578125 0.039705882812499996 0.12294407968750001 0.0514705875 0.1266447375 0.0588235296875 0.1352796046875 0.0666666671875
1 0.2635690796875 0.20588235312499997 0.2676809203125 0.2078431375 0.280838815625 0.20539215624999999 0.289473684375 0.20098039218750002 0.2944078953125 0.1936274515625 0.29769736875 0.180882353125 0.2997532890625 0.1485294125 0.2997532890625 0.134313725 0.298108553125 0.126960784375 0.280838815625 0.1181372546875 0.265625 0.1166666671875 0.249588815625 0.1235294125 0.241776315625 0.13970588281250002 0.24136513124999998 0.1607843140625 0.243421053125 0.1764705875 0.2520559203125 0.1931372546875 0.2635690796875 0.20588235312499997
1 0.2845394734375 0.1088235296875 0.3026315796875 0.119117646875 0.313733553125 0.11862745156250001 0.3260690796875 0.1127450984375 0.3334703953125 0.10245097968750001 0.3334703953125 0.08823529375 0.3310032890625 0.0740196078125 0.3219572375 0.0563725484375 0.3096217109375 0.046568628125 0.2931743421875 0.041176470312500005 0.2857730265625 0.0431372546875 0.2771381578125 0.0495098046875 0.2709703953125 0.0661764703125 0.2701480265625 0.078431371875 0.27261513125 0.0921568625 0.2783717109375 0.10294117656249999 0.2845394734375 0.1088235296875
1 0.1056743421875 0.4602941171875 0.11513157968750001 0.463725490625 0.1307565796875 0.4627450984375 0.13980263125 0.457352940625 0.1463815796875 0.446568628125 0.1459703953125 0.417647059375 0.1430921046875 0.4044117640625 0.1365131578125 0.392647059375 0.1278782890625 0.3857843140625 0.11101973750000001 0.3828431375 0.0990953953125 0.38676470625000003 0.0892269734375 0.4 0.085526315625 0.41323529375 0.0859375 0.43039215625000005 0.0904605265625 0.4431372546875 0.0986842109375 0.45490196093749996 0.1056743421875 0.4602941171875
1 0.1657072375 0.45392156874999995 0.1763980265625 0.453431371875 0.1837993421875 0.4490196078125 0.1916118421875 0.440686275 0.195723684375 0.41960784375 0.196546053125 0.386274509375 0.1928453953125 0.36666666718749996 0.1842105265625 0.35539215625 0.178453946875 0.35147058750000004 0.162828946875 0.35 0.1537828953125 0.3544117640625 0.149671053125 0.35882352968750003 0.1455592109375 0.3671568625 0.1439144734375 0.37745097968749997 0.14144736875 0.43137254843750006 0.1447368421875 0.44264705937500004 0.1513157890625 0.4485294125 0.1657072375 0.45392156874999995
1 0.0575657890625 0.5313725484375 0.071546053125 0.538725490625 0.0859375 0.5401960781249999 0.0966282890625 0.5357843140624999 0.1060855265625 0.5264705875 0.1138980265625 0.5083333328124999 0.110608553125 0.4921568625 0.10197368437500001 0.4754901953125 0.09210526249999999 0.463725490625 0.0756578953125 0.45294117656250005 0.061266446875000005 0.45049019531249995 0.047697368750000003 0.453431371875 0.0357730265625 0.46421568593750007 0.031661184375 0.476960784375 0.031661184375 0.49264705937500003 0.0370065796875 0.5088235296875 0.047286184375 0.5220588234375 0.0575657890625 0.5313725484375
1 0.086348684375 0.5985294125 0.10238486875 0.6044117640625 0.11924342031249999 0.603431371875 0.1328125 0.5975490203125 0.1459703953125 0.5833333328125 0.1504934203125 0.5681372546875 0.149671053125 0.553431371875 0.1459703953125 0.5416666671875 0.1385690796875 0.5328431375 0.12582236875 0.5279411765625001 0.1040296046875 0.528431371875 0.0879934203125 0.534313725 0.0810032890625 0.542647059375 0.0752467109375 0.5588235296875 0.0740131578125 0.5745098046875 0.0756578953125 0.5838235296875001 0.078536184375 0.5897058828125 0.086348684375 0.5985294125
1 0.164473684375 0.7279411765625 0.17269736875 0.7299019609374999 0.1903782890625 0.728431371875 0.2084703953125 0.7171568625 0.2208059203125 0.7014705875 0.2249177625 0.6735294125 0.2245065796875 0.6588235296875 0.21792763124999998 0.6436274515625 0.209703946875 0.6352941171875 0.201891446875 0.63039215625 0.188733553125 0.6299019609375 0.1747532890625 0.6392156859375 0.1591282890625 0.6573529406249999 0.1525493421875 0.6700980390625 0.147203946875 0.6877450984375 0.1463815796875 0.69607843125 0.1484375 0.707352940625 0.1603618421875 0.725 0.164473684375 0.7279411765625
1 0.1990131578125 0.609313725 0.2134046046875 0.6166666671875001 0.2286184203125 0.6176470593750001 0.23766447343750002 0.615196078125 0.2442434203125 0.6088235296875 0.249588815625 0.594117646875 0.25082236875 0.559313725 0.24671052656249998 0.53823529375 0.23889802656249998 0.523039215625 0.22738486875000002 0.5166666671875 0.21546052656249998 0.5171568625 0.20230263124999998 0.5210784312500001 0.1907894734375 0.53039215625 0.1850328953125 0.5446078437499999 0.1846217109375 0.5622549015625 0.18667763125 0.5833333328125 0.1916118421875 0.5975490203125 0.1990131578125 0.609313725
1 0.233963815625 0.46421568593750007 0.2442434203125 0.46862745156249996 0.264391446875 0.4681372546875 0.2775493421875 0.463725490625 0.28824013125 0.4544117640625 0.28988486875 0.425 0.2874177625 0.4024509796875 0.28207236875 0.3857843140625 0.272203946875 0.37254902031250003 0.266036184375 0.36911764687500004 0.2557565796875 0.3671568625 0.2393092109375 0.3705882359375 0.2327302625 0.37745097968749997 0.226151315625 0.3892156859375 0.2216282890625 0.40490196093749997 0.2212171046875 0.42107843125000005 0.22327302656249998 0.43823529375000003 0.22738486875000002 0.4544117640625 0.233963815625 0.46421568593750007
1 0.187911184375 0.5274509796875 0.203125 0.5259803921875 0.21175986875000002 0.521568628125 0.2208059203125 0.5127450984374999 0.23355263124999998 0.480882353125 0.23519736875000002 0.46421568593750007 0.2323190796875 0.45392156874999995 0.2228618421875 0.44019607812499995 0.2162828953125 0.43676470624999997 0.2014802625 0.438725490625 0.186266446875 0.44607843125 0.179276315625 0.45294117656250005 0.1698190796875 0.4671568625 0.1640625 0.484313725 0.163651315625 0.49607843125000006 0.1657072375 0.5039215687499999 0.1751644734375 0.5191176468750001 0.187911184375 0.5274509796875
1 0.055098684375 0.859803921875 0.0748355265625 0.8696078437500001 0.0879934203125 0.8696078437500001 0.09991776249999999 0.8602941171875 0.10361842031249999 0.8524509796874999 0.1069078953125 0.8377450984375001 0.1069078953125 0.8205882359375 0.0995065796875 0.7950980390625 0.0966282890625 0.788725490625 0.0908717109375 0.7823529406249999 0.08429276249999999 0.7794117640625 0.0748355265625 0.778431371875 0.062911184375 0.778431371875 0.0501644734375 0.7813725484375 0.0411184203125 0.7911764703124999 0.0353618421875 0.8063725484375001 0.0353618421875 0.8220588234375 0.040296053124999995 0.8416666671874999 0.0435855265625 0.8485294124999999 0.055098684375 0.859803921875
1 0.11225328906250001 0.8333333328125001 0.1274671046875 0.83039215625 0.1455592109375 0.8171568625000001 0.1517269734375 0.8088235296875 0.1537828953125 0.7686274515625 0.1529605265625 0.7578431375 0.147203946875 0.7450980390625 0.1381578953125 0.7372549015625001 0.12582236875 0.7333333328125 0.11430921093749999 0.7372549015625001 0.1069078953125 0.7436274515625 0.0990953953125 0.7578431375 0.09292763125 0.7838235296875 0.09292763125 0.8019607843750001 0.0966282890625 0.817647059375 0.10115131562499999 0.8279411765625 0.11225328906250001 0.8333333328125001
1 0.14761513125 0.9034313718750001 0.16324013125 0.91323529375 0.1763980265625 0.91323529375 0.187911184375 0.9073529406249999 0.19613486875 0.8985294125 0.2002467109375 0.8759803921874999 0.1969572375 0.837091503125 0.1973684203125 0.8328431374999999 0.201891446875 0.8240196078125 0.2002467109375 0.8191176468749999 0.1928453953125 0.8161764703125 0.1796875 0.8171568625000001 0.1665296046875 0.8147058828124999 0.149671053125 0.8039215687500001 0.1377467109375 0.81323529375 0.1278782890625 0.830882353125 0.125 0.8416666671874999 0.12458881562499999 0.8622549015625 0.1270559203125 0.8735294124999999 0.1361019734375 0.890686275 0.14761513125 0.9034313718750001
1 0.2384868421875 0.748039215625 0.2471217109375 0.7495098046875001 0.258223684375 0.7485294125 0.2693256578125 0.7411764703125 0.2767269734375 0.7225490203125 0.274671053125 0.696568628125 0.2713815796875 0.6833333328125 0.2594572375 0.6651960781249999 0.2520559203125 0.659803921875 0.24300986875000002 0.6568627453125 0.22574013124999998 0.659803921875 0.2208059203125 0.6642156859375 0.218338815625 0.669117646875 0.2150493421875 0.688725490625 0.2171052625 0.7171568625 0.21957236875000002 0.728431371875 0.2240953953125 0.7382352937500001 0.2384868421875 0.748039215625
1 0.162828946875 0.8191176468749999 0.1743421046875 0.8215686281249999 0.1916118421875 0.8220588234375 0.204358553125 0.8166666671874999 0.2240953953125 0.8 0.2290296046875 0.7877450984375 0.22985197343750002 0.7720588234375 0.22327302656249998 0.7593137249999999 0.217516446875 0.7529411765625 0.202713815625 0.7455882359375 0.187911184375 0.746568628125 0.1702302625 0.751960784375 0.1624177625 0.7563725484375 0.15625 0.7642156859375 0.1521381578125 0.773039215625 0.14925986875 0.788725490625 0.149671053125 0.8039215687500001 0.1521381578125 0.8107843140625001 0.156661184375 0.815686275 0.162828946875 0.8191176468749999
1 0.3022203953125 0.7720588234375 0.3174342109375 0.7710784312500001 0.336348684375 0.7666666671875 0.3482730265625 0.7573529406249999 0.358141446875 0.7397058828125 0.3614309203125 0.719117646875 0.3577302625 0.709313725 0.3495065796875 0.7 0.3421052625 0.6950980390625 0.328125 0.692647059375 0.3153782890625 0.69460784375 0.289473684375 0.7063725484375001 0.2763157890625 0.72107843125 0.273026315625 0.7289215687499999 0.2717927625 0.7475490203125 0.28125 0.7627450984374999 0.2911184203125 0.7691176468750001 0.3022203953125 0.7720588234375
1 0.21546052656249998 0.873039215625 0.22985197343750002 0.873039215625 0.2471217109375 0.8651960781250001 0.2578125 0.8504901953124999 0.2619243421875 0.8357843140625001 0.2615131578125 0.8230392156249999 0.256578946875 0.8088235296875 0.25082236875 0.8029411765625 0.2397203953125 0.796568628125 0.22738486875000002 0.79607843125 0.204358553125 0.8063725484375001 0.1994243421875 0.811274509375 0.195723684375 0.8230392156249999 0.1953125 0.8490196078125001 0.1981907890625 0.8588235296875 0.203125 0.8656862750000001 0.21546052656249998 0.873039215625
1 0.2693256578125 0.9142156859374999 0.28042763125 0.9142156859374999 0.2861842109375 0.9107843140625 0.2935855265625 0.898039215625 0.298108553125 0.8720588234375001 0.3022203953125 0.859803921875 0.303453946875 0.8470588234375 0.2993421046875 0.8352941171875001 0.2911184203125 0.8279411765625 0.28207236875 0.8254901953125 0.2750822375 0.8259803921875 0.26480263125 0.8318627453125 0.258223684375 0.8475490203125 0.2532894734375 0.8754901953124999 0.2528782890625 0.8867647062499999 0.2545230265625 0.8970588234375001 0.2627467109375 0.911274509375 0.2693256578125 0.9142156859374999
1 0.3157894734375 0.9495098046875 0.328536184375 0.9495098046875 0.342516446875 0.9411764703125 0.3474506578125 0.936274509375 0.351151315625 0.9225490203125 0.3515625 0.8838235296875 0.3486842109375 0.8656862750000001 0.342516446875 0.85539215625 0.3301809203125 0.8485294124999999 0.3178453953125 0.8495098046875 0.3092105265625 0.8544117640625 0.3026315796875 0.8622549015625 0.2997532890625 0.8696078437500001 0.29605263125 0.894117646875 0.296463815625 0.925 0.3009868421875 0.9377450984375001 0.30386513125 0.9411764703125 0.3157894734375 0.9495098046875
1 0.3544407890625 0.8504901953124999 0.3622532890625 0.8446078437500001 0.3725328953125 0.832352940625 0.3770559203125 0.8200980390625 0.384046053125 0.7872549015625 0.38363486875 0.7818627453125 0.3799342109375 0.7735294125000001 0.3700657890625 0.765196078125 0.35238486875 0.765686275 0.34292763125 0.7720588234375 0.334703946875 0.7818627453125 0.326891446875 0.7970588234375 0.3240131578125 0.8102941171875001 0.3240131578125 0.826960784375 0.32730263125 0.8397058828124999 0.3408717109375 0.8529411765624999 0.3544407890625 0.8504901953124999
1 0.342516446875 0.6769607843750001 0.3556743421875 0.671568628125 0.3643092109375 0.6568627453125 0.36636513125 0.630882353125 0.3712993421875 0.6210784312500001 0.3688322375 0.6102941171875 0.3622532890625 0.6058823531249999 0.3536184203125 0.6044117640625 0.34375 0.60539215625 0.3379934203125 0.6083333328125 0.326891446875 0.6205882359375 0.3174342109375 0.6490196078125 0.3174342109375 0.659803921875 0.3227796046875 0.671568628125 0.327713815625 0.675 0.342516446875 0.6769607843750001
1 0.2750822375 0.6318627453125 0.280838815625 0.63823529375 0.290296053125 0.64460784375 0.3030427625 0.6431372546875 0.3100328953125 0.6392156859375 0.3141447375 0.6338235296875 0.319078946875 0.6210784312500001 0.319078946875 0.615196078125 0.3141447375 0.5818627453125 0.30550986875 0.559803921875 0.2935855265625 0.55392156875 0.2763157890625 0.55539215625 0.2709703953125 0.5578431375 0.265213815625 0.563725490625 0.2611019734375 0.576960784375 0.2606907890625 0.5926470593750001 0.2627467109375 0.6068627453125 0.2676809203125 0.6200980390625 0.2750822375 0.6318627453125
1 0.2927631578125 0.525 0.3145559203125 0.5294117640625 0.32894736875 0.528431371875 0.34292763125 0.521568628125 0.3486842109375 0.5107843140624999 0.3490953953125 0.5044117640625 0.3462171046875 0.49411764687500004 0.33675986875 0.4754901953125 0.32894736875 0.4661764703125 0.3178453953125 0.46127450937500003 0.3030427625 0.4602941171875 0.288651315625 0.463725490625 0.282483553125 0.46960784375 0.2750822375 0.48382352968750003 0.27425986875 0.49754902031250003 0.2763157890625 0.5073529406249999 0.2845394734375 0.51960784375 0.2927631578125 0.525
1 0.3404605265625 0.4764705875 0.34375 0.4754901953125 0.3556743421875 0.46666666718750005 0.36636513125 0.4544117640625 0.37417763125 0.43039215625000005 0.375 0.40539215625 0.366776315625 0.39509803906249996 0.3482730265625 0.3818627453125 0.34375 0.3764705875 0.3408717109375 0.3759803921875 0.3240131578125 0.40539215625 0.31949013125 0.43235294062499996 0.31949013125 0.45490196093749996 0.3248355265625 0.4681372546875 0.3310032890625 0.4735294125 0.3404605265625 0.4764705875
1 0.3396381578125 0.3794117640625 0.344983553125 0.3764705875 0.358963815625 0.35539215625 0.3634868421875 0.3431372546875 0.3626644734375 0.315686275 0.358963815625 0.3063725484375 0.3548519734375 0.30294117656249997 0.34292763125 0.3014705875 0.3310032890625 0.309313725 0.3240131578125 0.3186274515625 0.3149671046875 0.3431372546875 0.3149671046875 0.367647059375 0.3186677625 0.37254902031250003 0.329358553125 0.38088235312499996 0.3396381578125 0.3794117640625
1 0.226151315625 0.35 0.2368421046875 0.35 0.242598684375 0.34852941249999997 0.251233553125 0.3416666671875 0.2545230265625 0.32892156875 0.2532894734375 0.3166666671875 0.24547697343750002 0.284803921875 0.24136513124999998 0.276960784375 0.2286184203125 0.2720588234375 0.21546052656249998 0.2725490203125 0.209703946875 0.2794117640625 0.20230263124999998 0.2931372546875 0.2014802625 0.309803921875 0.203536184375 0.328431371875 0.211348684375 0.3436274515625 0.226151315625 0.35
1 0.2709703953125 0.3264705875 0.2907072375 0.3264705875 0.312911184375 0.319117646875 0.328536184375 0.3049019609375 0.3326480265625 0.29362745156250003 0.3256578953125 0.26617647031249997 0.3170230265625 0.2607843140625 0.2759046046875 0.257352940625 0.2627467109375 0.26323529375 0.25082236875 0.2774509796875 0.250411184375 0.2990196078125 0.2532894734375 0.31715686249999997 0.2602796046875 0.3235294125 0.2709703953125 0.3264705875
1 0.3647203953125 0.23872549062499998 0.3774671046875 0.23774509843749997 0.38363486875 0.234803921875 0.390625 0.2279411765625 0.3967927625 0.211274509375 0.398026315625 0.18823529375 0.3947368421875 0.175 0.3869243421875 0.16323529375 0.3799342109375 0.1583333328125 0.3712993421875 0.15637254843749998 0.3643092109375 0.157352940625 0.3564967109375 0.1647058828125 0.351151315625 0.175 0.3388157890625 0.21176470625000002 0.3388157890625 0.2181372546875 0.3458059203125 0.22941176406250002 0.3515625 0.23431372499999997 0.3647203953125 0.23872549062499998
1 0.321546053125 0.267647059375 0.32894736875 0.265686275 0.34457236875 0.2514705875 0.35074013125 0.2421568625 0.3499177625 0.22941176406250002 0.34375 0.2147058828125 0.3404605265625 0.2107843140625 0.3305921046875 0.20686274531249998 0.313733553125 0.20588235312499997 0.2911184203125 0.2102941171875 0.2771381578125 0.217647059375 0.273026315625 0.22598039218750002 0.2754934203125 0.253431371875 0.2828947375 0.261274509375 0.2931743421875 0.26617647031249997 0.321546053125 0.267647059375
1 0.3766447375 0.1357843140625 0.39925986875 0.13823529375000002 0.4083059203125 0.1372549015625 0.4161184203125 0.1328431375 0.421463815625 0.12598039218749998 0.4255756578125 0.1166666671875 0.42516447343749997 0.1107843140625 0.413651315625 0.08431372499999999 0.4091282890625 0.07647058749999999 0.4033717109375 0.07107843124999999 0.3939144734375 0.06911764687500001 0.3638980265625 0.07107843124999999 0.3536184203125 0.075 0.3470394734375 0.08823529375 0.3466282890625 0.10539215625000001 0.3482730265625 0.113725490625 0.3688322375 0.1318627453125 0.3766447375 0.1357843140625
1 0.313733553125 0.1833333328125 0.337171053125 0.180882353125 0.3532072375 0.1759803921875 0.3610197375 0.16960784375 0.3721217109375 0.155882353125 0.375411184375 0.1455882359375 0.376233553125 0.13676470624999998 0.374588815625 0.128431371875 0.3721217109375 0.125 0.358963815625 0.117647059375 0.3458059203125 0.1147058828125 0.32730263125 0.11519607812499999 0.3153782890625 0.119117646875 0.304276315625 0.12892156875 0.3001644734375 0.1377450984375 0.29769736875 0.15245097968750002 0.29769736875 0.167647059375 0.3001644734375 0.1745098046875 0.3046875 0.18039215625 0.313733553125 0.1833333328125
0 0.4 0.63203125 0.06484375 0.11640625
1 0.415625 0.5453125 0.06875 0.096875
1 0.42845394687500005 0.5171568625 0.43914473750000005 0.5205882359375 0.4568256578125 0.5186274515625 0.46875 0.51323529375 0.4765625 0.5049019609375 0.47738486875 0.490196078125 0.4736842109375 0.46764705937500006 0.46546052656250003 0.44362745156249994 0.4588815796875 0.43578431406249996 0.44284539531249995 0.42941176406250003 0.42845394687500005 0.4318627453125 0.4161184203125 0.44117647031249996 0.40953947343749997 0.4568627453125 0.40953947343749997 0.4774509796875 0.413651315625 0.496568628125 0.4177631578125 0.50539215625 0.42845394687500005 0.5171568625
1 0.3782894734375 0.3436274515625 0.4013157890625 0.346568628125 0.41529605312499995 0.3450980390625 0.4255756578125 0.338725490625 0.4337993421875 0.32892156875 0.43585526249999995 0.31617647031249996 0.4333881578125 0.3049019609375 0.429276315625 0.2990196078125 0.4189967109375 0.2916666671875 0.4041940796875 0.29019607812500003 0.3963815796875 0.2921568625 0.3811677625 0.30441176406250003 0.3782894734375 0.317647059375 0.3721217109375 0.3279411765625 0.3733552625 0.340196078125 0.3782894734375 0.3436274515625
1 0.45847039531249995 0.355882353125 0.46875 0.35539215625 0.47738486875 0.35049019531250003 0.4823190796875 0.3421568625 0.48519736875 0.3294117640625 0.48560855312499995 0.2921568625 0.4814967109375 0.27892156875 0.47121710468750005 0.2705882359375 0.46546052656250003 0.27107843125 0.4568256578125 0.276960784375 0.4490131578125 0.2916666671875 0.44613486875 0.31617647031249996 0.44613486875 0.332352940625 0.44860197343749997 0.3431372546875 0.45394736875 0.35392156875 0.45847039531249995 0.355882353125
1 0.4424342109375 0.4122549015625 0.47532894687500005 0.41323529375 0.4872532890625 0.40980392187500003 0.49876644687500005 0.40098039218750003 0.5041118421874999 0.3916666671875 0.5053453953125 0.37892156875 0.49917763125 0.3681372546875 0.4942434203125 0.36323529374999997 0.4823190796875 0.3578431375 0.47574013125 0.3578431375 0.43996710468750005 0.359313725 0.42639802656250003 0.36176470625 0.42023026249999995 0.3671568625 0.41735197343749997 0.3818627453125 0.41735197343749997 0.39509803906249996 0.421463815625 0.40294117656250006 0.42639802656250003 0.40735294062499994 0.4424342109375 0.4122549015625
1 0.5028782890625 0.47303921562499995 0.5193256578125001 0.475 0.531661184375 0.47205882343749994 0.537828946875 0.4661764703125 0.5427631578125001 0.4568627453125 0.5427631578125001 0.44215686249999997 0.5374177625 0.43284313750000003 0.53125 0.4254901953125 0.5176809203125 0.417647059375 0.5078125 0.415196078125 0.49300986875 0.415196078125 0.48314144687500005 0.4259803921875 0.4802631578125 0.43578431406249996 0.4802631578125 0.44558823593749997 0.48560855312499995 0.4602941171875 0.49300986875 0.4681372546875 0.5028782890625 0.47303921562499995
1 0.555921053125 0.4225490203125 0.5662006578125001 0.421568628125 0.57113486875 0.419117646875 0.5805921046875 0.4044117640625 0.586348684375 0.3916666671875 0.587171053125 0.3852941171875 0.5875822375 0.3529411765625 0.585526315625 0.3421568625 0.5797697375 0.3299019609375 0.5744243421874999 0.3240196078125 0.5666118421874999 0.32107843125 0.555921053125 0.32058823593749997 0.5439967109375 0.3254901953125 0.5407072375 0.32892156875 0.537828946875 0.3377450984375 0.5353618421874999 0.3578431375 0.5341282890625 0.3936274515625 0.53824013125 0.4068627453125 0.546875 0.4166666671875 0.555921053125 0.4225490203125
1 0.4901315796875 0.3686274515625 0.5049342109375 0.37696078437499997 0.523848684375 0.3759803921875 0.5333059203125 0.3720588234375 0.5365953953125 0.3671568625 0.539473684375 0.3568627453125 0.5411184203125 0.34460784375000003 0.5407072375 0.3279411765625 0.5361842109375 0.3024509796875 0.5275493421874999 0.286274509375 0.5176809203125 0.27647058750000003 0.5098684203125 0.2720588234375 0.5053453953125 0.271568628125 0.484786184375 0.28823529375 0.4823190796875 0.292647059375 0.48108552656250003 0.3014705875 0.48190789531249995 0.326960784375 0.47491776249999995 0.35147058750000004 0.47532894687500005 0.355882353125 0.4901315796875 0.3686274515625
1 0.4169407890625 0.27352941249999996 0.4346217109375 0.271568628125 0.45065789531249995 0.25833333281250004 0.460526315625 0.23039215624999998 0.46258223750000005 0.2029411765625 0.44654605312499995 0.17892156875 0.4416118421875 0.178431371875 0.42804276249999995 0.1985294125 0.4140625 0.22941176406250002 0.4091282890625 0.2450980390625 0.40789473750000005 0.2563725484375 0.40953947343749997 0.265196078125 0.41324013125 0.27107843125 0.4169407890625 0.27352941249999996
1 0.42886513125 0.2044117640625 0.4346217109375 0.198039215625 0.44777960468750005 0.1666666671875 0.453125 0.1411764703125 0.453125 0.12598039218749998 0.44654605312499995 0.1147058828125 0.43996710468750005 0.11176470624999998 0.429276315625 0.1107843140625 0.41529605312499995 0.12450980468749999 0.41077302656250003 0.1416666671875 0.40707236875 0.173039215625 0.40789473750000005 0.1916666671875 0.4181743421875 0.2088235296875 0.421463815625 0.2088235296875 0.42886513125 0.2044117640625
1 0.4453125 0.11176470624999998 0.4666940796875 0.10539215625000001 0.47738486875 0.0975490203125 0.4872532890625 0.07892156875 0.49054276249999995 0.06274509843750001 0.4864309203125 0.05 0.47532894687500005 0.036274509375 0.468338815625 0.0318627453125 0.4568256578125 0.0328431375 0.4416118421875 0.038235293749999996 0.4276315796875 0.0475490203125 0.41735197343749997 0.06274509843750001 0.41324013125 0.0740196078125 0.4140625 0.09117647031250001 0.42269736875 0.10588235312500001 0.43050986875 0.11127450937500001 0.4453125 0.11176470624999998
1 0.328125 0.08039215625 0.33511513125 0.08431372499999999 0.34375 0.08431372499999999 0.3655427625 0.075 0.391036184375 0.071568628125 0.399671053125 0.0642156859375 0.4025493421875 0.052941176562500004 0.40172697343749997 0.0377450984375 0.398026315625 0.026470587499999997 0.3791118421875 0.0009803921875 0.3388157890625 0.0024509796875 0.327713815625 0.0049019609375 0.3170230265625 0.0166666671875 0.304276315625 0.0357843140625 0.303453946875 0.0392156859375 0.3096217109375 0.052941176562500004 0.3182565796875 0.063725490625 0.328125 0.08039215625
1 0.4580592109375 0.20392156875 0.46546052656250003 0.20931372499999998 0.46875 0.20931372499999998 0.4880756578125 0.190686275 0.5028782890625 0.1392156859375 0.5045230265625 0.1264705875 0.49876644687500005 0.119117646875 0.48972039531249995 0.11323529375000001 0.4802631578125 0.10980392187500002 0.468338815625 0.1088235296875 0.45764802656250003 0.1142156859375 0.453536184375 0.11960784375 0.45148026249999995 0.126960784375 0.45189144687500005 0.157352940625 0.44860197343749997 0.1759803921875 0.44983552656250003 0.1892156859375 0.4580592109375 0.20392156875
1 0.516858553125 0.21274509843749997 0.522203946875 0.21274509843749997 0.532483553125 0.20833333281250002 0.545641446875 0.19558823593750002 0.5501644734375 0.1872549015625 0.5526315796875 0.1779411765625 0.5563322375 0.15245097968750002 0.5563322375 0.1377450984375 0.5526315796875 0.12401960781250002 0.5439967109375 0.1107843140625 0.5349506578125001 0.10833333281249999 0.522203946875 0.1107843140625 0.515625 0.113725490625 0.5037006578125001 0.1254901953125 0.5 0.1377450984375 0.4950657890625 0.1754901953125 0.4950657890625 0.18823529375 0.49835526249999995 0.19607843125 0.507401315625 0.2063725484375 0.516858553125 0.21274509843749997
1 0.507401315625 0.1220588234375 0.5345394734375 0.1122549015625 0.5407072375 0.1078431375 0.5485197375 0.0921568625 0.5505756578125001 0.0799019609375 0.5489309203125 0.06323529375 0.5435855265625 0.0568627453125 0.532483553125 0.0509803921875 0.5172697375 0.0514705875 0.4950657890625 0.057352940625 0.4893092109375 0.06274509843750001 0.484375 0.07892156875 0.47532894687500005 0.098039215625 0.4745065796875 0.10245097968750001 0.47779605312499995 0.107352940625 0.4962993421875 0.12058823593750001 0.507401315625 0.1220588234375
1 0.514391446875 0.27009803906249996 0.5185032890625 0.2725490203125 0.532483553125 0.2720588234375 0.5509868421874999 0.2671568625 0.5575657890625 0.26225490156250003 0.562911184375 0.2509803921875 0.5723684203125 0.215686275 0.5625 0.1995098046875 0.5567434203125 0.19558823593750002 0.5452302625 0.19460784375 0.523848684375 0.20686274531249998 0.5111019734375 0.209803921875 0.50863486875 0.21225490156250001 0.508223684375 0.21519607812500002 0.5119243421874999 0.22647058750000001 0.5115131578125001 0.26617647031249997 0.514391446875 0.27009803906249996
1 0.5740131578125001 0.30784313750000003 0.5810032890625 0.31176470625 0.5953947375 0.31323529375 0.6060855265625 0.30882352968750004 0.6147203953125 0.29362745156250003 0.6188322375 0.27647058750000003 0.618421053125 0.240686275 0.6130756578125001 0.2220588234375 0.608963815625 0.2166666671875 0.5995065796875 0.21274509843749997 0.57113486875 0.211274509375 0.56332236875 0.21519607812500002 0.5596217109375 0.23039215624999998 0.5583881578125001 0.240686275 0.5592105265625 0.2813725484375 0.56332236875 0.2955882359375 0.5740131578125001 0.30784313750000003
1 0.6459703953125 0.3759803921875 0.6583059203125 0.375 0.664473684375 0.3705882359375 0.6673519734375 0.365686275 0.6694078953125 0.3563725484375 0.673108553125 0.31715686249999997 0.6661184203125 0.2975490203125 0.6546052625 0.286274509375 0.6426809203125 0.280882353125 0.6328125 0.271568628125 0.6291118421874999 0.27450980468749997 0.6212993421874999 0.2897058828125 0.61800986875 0.30784313750000003 0.6188322375 0.33627450937500003 0.6274671046875 0.3671568625 0.6328125 0.3720588234375 0.6459703953125 0.3759803921875
1 0.6036184203125 0.486274509375 0.5982730265625 0.505882353125 0.5990953953125 0.5166666671875 0.60238486875 0.5240196078125 0.6208881578125001 0.536274509375 0.6369243421874999 0.534313725 0.6455592109375 0.53039215625 0.6615953953125 0.5078431375 0.6685855265625 0.4828431375 0.6694078953125 0.4681372546875 0.6611842109375 0.446568628125 0.6525493421874999 0.43676470624999997 0.6455592109375 0.43382352968750004 0.6192434203125 0.4495098046875 0.5921052625 0.453431371875 0.5916940796875 0.4568627453125 0.600328946875 0.46421568593750007 0.6040296046875 0.4754901953125 0.6036184203125 0.486274509375
1 0.6060855265625 0.4509803921875 0.6278782890625 0.4490196078125 0.6377467109375 0.44362745156249994 0.6517269734375 0.42941176406250003 0.6583059203125 0.39607843125 0.6578947375 0.38725490156250003 0.655016446875 0.3779411765625 0.6455592109375 0.3700980390625 0.631578946875 0.3686274515625 0.61636513125 0.37254902031250003 0.6048519734375 0.3779411765625 0.5908717109375 0.38823529375 0.5805921046875 0.4024509796875 0.5760690796875 0.41323529375 0.5752467109375 0.42107843125000005 0.578125 0.4318627453125 0.59375 0.448039215625 0.6060855265625 0.4509803921875
1 0.5719572375 0.542647059375 0.5879934203125 0.5318627453125 0.5990953953125 0.515686275 0.6064967109375 0.49509803906250005 0.60855263125 0.48480392187500004 0.6069078953125 0.46764705937500006 0.6015625 0.4588235296875 0.592516446875 0.45392156874999995 0.5805921046875 0.45147058749999996 0.569901315625 0.45490196093749996 0.5608552625 0.4607843140625 0.5435855265625 0.4774509796875 0.53824013125 0.48921568593750003 0.5353618421874999 0.5039215687499999 0.5353618421874999 0.51960784375 0.5485197375 0.5397058828125 0.5583881578125001 0.548039215625 0.5719572375 0.542647059375
1 0.56949013125 0.21274509843749997 0.608963815625 0.213725490625 0.617598684375 0.207352940625 0.6266447375 0.1911764703125 0.62582236875 0.1759803921875 0.617598684375 0.15637254843749998 0.61019736875 0.1490196078125 0.5978618421874999 0.1455882359375 0.570723684375 0.1475490203125 0.561266446875 0.1514705875 0.554276315625 0.16323529375 0.5518092109375 0.1774509796875 0.5513980265625 0.1892156859375 0.55386513125 0.196568628125 0.56167763125 0.2078431375 0.56949013125 0.21274509843749997
1 0.5653782890625 0.1166666671875 0.5879934203125 0.113725490625 0.593338815625 0.10980392187500002 0.6032072375 0.094117646875 0.6064967109375 0.0759803921875 0.6126644734375 0.05490196093750001 0.6151315796875 0.0235294125 0.6069078953125 0.015686275 0.5970394734375 0.013235293749999998 0.569078946875 0.019117646874999998 0.563733553125 0.0240196078125 0.555921053125 0.036274509375 0.5501644734375 0.05 0.5485197375 0.0607843140625 0.545641446875 0.09117647031250001 0.5489309203125 0.10637254843749999 0.555098684375 0.1122549015625 0.5653782890625 0.1166666671875
1 0.5962171046875 0.0799019609375 0.5999177625 0.0931372546875 0.6118421046875 0.1044117640625 0.61800986875 0.1078431375 0.6365131578125001 0.1078431375 0.6447368421874999 0.10539215625000001 0.6484375 0.09950980468750001 0.655838815625 0.0759803921875 0.65542763125 0.05392156875 0.657483553125 0.026960784375 0.6541940796875 0.019117646874999998 0.649671053125 0.014705882812500001 0.639391446875 0.009803921875 0.6196546046875 0.00392156875 0.608141446875 0.003431371875 0.5974506578125001 0.014705882812500001 0.5921052625 0.0235294125 0.5921052625 0.028921568749999998 0.5970394734375 0.0372549015625 0.5990953953125 0.0470588234375 0.5962171046875 0.0799019609375
1 0.6525493421874999 0.269117646875 0.6615953953125 0.26323529375 0.6673519734375 0.2544117640625 0.670641446875 0.23382352968750003 0.6780427625 0.20539215624999999 0.6768092109375 0.1911764703125 0.672286184375 0.1813725484375 0.6694078953125 0.17892156875 0.6583059203125 0.1779411765625 0.6463815796875 0.1852941171875 0.63363486875 0.190196078125 0.626233553125 0.211274509375 0.6270559203125 0.2529411765625 0.6307565796875 0.2602941171875 0.6447368421874999 0.2705882359375 0.6525493421874999 0.269117646875
1 0.694901315625 0.2990196078125 0.7072368421874999 0.29460784375000004 0.719983553125 0.2813725484375 0.726151315625 0.265196078125 0.7290296046875 0.242647059375 0.72738486875 0.2279411765625 0.719983553125 0.22009803906249997 0.6829769734375 0.2142156859375 0.671463815625 0.22598039218750002 0.6689967109375 0.2313725484375 0.663651315625 0.26176470625000003 0.663651315625 0.269117646875 0.6669407890625 0.280882353125 0.6813322375 0.2975490203125 0.694901315625 0.2990196078125
1 0.6796875 0.45049019531249995 0.6977796046875 0.45049019531249995 0.7064144734375 0.448039215625 0.7129934203125 0.44362745156249994 0.7249177625 0.43039215625000005 0.7232730265625 0.4181372546875 0.7142269734375 0.3955882359375 0.7088815796875 0.38676470625000003 0.7051809203125 0.3852941171875 0.6657072375 0.384313725 0.6587171046875 0.386274509375 0.655838815625 0.3921568625 0.6521381578125001 0.4171568625 0.6517269734375 0.43137254843750006 0.6546052625 0.4377450984375 0.66488486875 0.44607843125 0.6796875 0.45049019531249995
1 0.5958059203125 0.6289215687499999 0.6217105265625 0.61960784375 0.632401315625 0.6102941171875 0.64144736875 0.5852941171875 0.6439144734375 0.5686274515624999 0.6389802625 0.5578431375 0.6328125 0.5524509796875 0.6217105265625 0.5485294125 0.6056743421874999 0.5490196078125 0.594983553125 0.553431371875 0.578125 0.5647058828125 0.561266446875 0.58676470625 0.5497532890625 0.5936274515625 0.5493421046875 0.5970588234374999 0.5719572375 0.6259803921875 0.5810032890625 0.630882353125 0.5958059203125 0.6289215687499999
1 0.4412006578125 0.6563725484375 0.47203947343749997 0.66323529375 0.48601973750000005 0.6578431375 0.4979440796875 0.6455882359375 0.501233553125 0.6343137249999999 0.5020559203125 0.60539215625 0.507401315625 0.5936274515625 0.5020559203125 0.5911764703125 0.45189144687500005 0.5852941171875 0.43133223750000005 0.590196078125 0.4259868421875 0.59460784375 0.42269736875 0.6024509796874999 0.422286184375 0.6338235296875 0.4268092109375 0.6475490203125001 0.43092105312499995 0.6514705875 0.4412006578125 0.6563725484375
1 0.3334703953125 0.586274509375 0.3655427625 0.601960784375 0.3692434203125 0.601960784375 0.3787006578125 0.59607843125 0.3926809203125 0.582352940625 0.381578946875 0.5421568625 0.3733552625 0.523039215625 0.36800986875 0.5161764703125 0.3569078953125 0.511274509375 0.351973684375 0.511274509375 0.3248355265625 0.5279411765625001 0.321546053125 0.5313725484375 0.319901315625 0.5377450984375 0.319901315625 0.5485294125 0.3236019734375 0.5686274515624999 0.32730263125 0.578431371875 0.3334703953125 0.586274509375
1 0.3953125 0.7296875 0.0765625 0.09921875
1 0.40625 0.821875 0.06953125 0.103125
1 0.45 0.75546875 0.0546875 0.1078125
1 0.375 0.92890625 0.07109375 0.1078125
1 0.44375 0.93671875 0.07578125 0.08828125
1 0.45078125 0.878125 0.075 0.0921875
1 0.503125 0.78125 0.0578125 0.11640625
1 0.54375 0.825 0.06171875 0.1171875
1 0.50703125 0.92421875 0.08203125 0.09609375
1 0.49296875 0.69609375 0.078125 0.09375
1 0.5484375 0.715625 0.06328125 0.10390625
1 0.53828125 0.63515625 0.08125 0.096875
1 0.74140625 0.46484375 0.07421875 0.08828125
1 0.70390625 0.3421875 0.06875 0.08828125
1 0.74921875 0.384375 0.08046875 0.084375
1 0.75703125 0.3078125 0.06328125 0.10859375
1 0.7 0.1796875 0.0828125 0.08125
1 0.68359375 0.115625 0.0828125 0.08359375
1 0.7515625 0.215625 0.0765625 0.10078125
1 0.7625 0.13203125 0.0828125 0.07421875
1 0.82265625 0.3140625 0.0828125 0.09765625
1 0.80546875 0.25234375 0.0703125 0.0953125
1 0.8109375 0.17734375 0.078125 0.0890625
1 0.8640625 0.22890625 0.075 0.11328125
1 0.88671875 0.16171875 0.0734375 0.11953125
1 0.8078125 0.05390625 0.06875 0.1
1 0.74609375 0.053125 0.0828125 0.09140625
1 0.94296875 0.134375 0.07578125 0.0921875
1 0.88828125 0.05390625 0.07890625 0.08125
1 0.93671875 0.23671875 0.065625 0.09296875
1 0.89921875 0.38125 0.10078125 0.09140625
1 0.89921875 0.30234375 0.0984375 0.09140625
1 0.7984375 0.44375 0.071875 0.10234375
1 0.890625 0.4875 0.08125 0.1078125
1 0.965625 0.4453125 0.06875 0.1125
1 0.69296875 0.73828125 0.06875 0.096875
1 0.678125 0.67578125 0.07109375 0.07890625
1 0.67265625 0.6015625 0.0625 0.07109375
1 0.690625 0.54453125 0.0984375 0.06484375
1 0.5921875 0.75625 0.0984375 0.0828125
1 0.62109375 0.71328125 0.06875 0.06640625
1 0.61640625 0.65234375 0.07265625 0.084375
1 0.61171875 0.8296875 0.0859375 0.08671875
1 0.59453125 0.93125 0.084375 0.090625
1 0.6875 0.8171875 0.0921875 0.08828125
1 0.74765625 0.68125 0.0703125 0.10390625
1 0.7296875 0.61484375 0.065625 0.10859375
1 0.796875 0.6046875 0.06171875 0.09765625
1 0.76796875 0.528125 0.07734375 0.084375
1 0.8296875 0.51484375 0.0578125 0.1046875
1 0.8875 0.6640625 0.07578125 0.10546875
1 0.884375 0.57890625 0.06875 0.08515625
1 0.93515625 0.55234375 0.0609375 0.09765625
1 0.88984375 0.7765625 0.0734375 0.1109375
1 0.92578125 0.7078125 0.08515625 0.09140625
1 0.95234375 0.63359375 0.0625 0.09765625
1 0.82109375 0.72265625 0.08203125 0.08203125
1 0.82109375 0.8125 0.0734375 0.090625
1 0.78125 0.88515625 0.08203125 0.08046875
0 0.765625 0.8234375 0.06484375 0.084375
1 0.66796875 0.95625 0.0828125 0.07890625
1 0.6546875 0.90078125 0.11015625 0.08125
1 0.7484375 0.9546875 0.090625 0.090625
1 0.8109375 0.94609375 0.05390625 0.103125
1 0.91328125 0.90546875 0.07734375 0.0921875
1 0.94609375 0.96875 0.09375 0.06171875
1 0.9609375 0.89921875 0.078125 0.0828125
1 0.9546875 0.82578125 0.05 0.10546875
1 0.8984375 0.840625 0.06328125 0.07578125