1 0.928125 0.96171875 0.0875 0.065625
1 0.846875 0.896875 0.096875 0.0578125
1 0.91875 0.88828125 0.06875 0.0921875
1 0.8296875 0.81171875 0.08125 0.09375
1 0.8765625 0.84140625 0.0625 0.0671875
1 0.93359375 0.796875 0.071875 0.078125
1 0.8859375 0.7546875 0.09375 0.084375
1 0.78828125 0.7375 0.0921875 0.075
1 0.8171875 0.696875 0.09375 0.06875
1 0.89453125 0.67265625 0.0765625 0.0828125
1 0.9546875 0.74375 0.0859375 0.059375
1 0.7625 0.93828125 0.10625 0.06875
1 0.73515625 0.87109375 0.1 0.059375
1 0.64609375 0.890625 0.096875 0.06875
1 0.65234375 0.9546875 0.096875 0.059375
1 0.6578125 0.8328125 0.071875 0.059375
1 0.640625 0.78203125 0.096875 0.0671875
1 0.61015625 0.7046875 0.0921875 0.090625
1 0.659375 0.73671875 0.0765625 0.0546875
1 0.71953125 0.7625 0.059375 0.0796875
1 0.6828125 0.67890625 0.08125 0.0796875
1 0.7421875 0.6625 0.0765625 0.0875
1 0.815625 0.63828125 0.09375 0.0640625
1 0.959375 0.6234375 0.08125 0.0734375
1 0.61015625 0.63359375 0.1 0.075
1 0.671875 0.60703125 0.06875 0.0625
1 0.7390625 0.58828125 0.1 0.05625
1 0.82421875 0.56953125 0.09375 0.09375
1 0.8890625 0.59453125 0.08125 0.08125
1 0.95 0.56328125 0.096875 0.0765625
1 0.89375 0.51484375 0.1046875 0.0625
1 0.96171875 0.50859375 0.0703125 0.075
1 0.903125 0.46796875 0.125 0.0625
1 0.60078125 0.4203125 0.0953125 0.0796875
1 0.66875 0.41796875 0.0734375 0.084375
1 0.7296875 0.43671875 0.065625 0.0671875
1 0.78046875 0.40703125 0.065625 0.1
1 0.85078125 0.41796875 0.08125 0.0703125
1 0.92421875 0.41328125 0.1 0.05625
1 0.82578125 0.4875 0.084375 0.078125
1 0.8390625 0.34453125 0.0765625 0.08125
1 0.9046875 0.3640625 0.0875 0.065625
1 0.8859375 0.29140625 0.103125 0.071875
1 0.921875 0.2421875 0.0875 0.0765625
1 0.88671875 0.1859375 0.078125 0.08125
1 0.96015625 0.18828125 0.0796875 0.0640625
1 0.9515625 0.13203125 0.0828125 0.065625
1 0.9328125 0.0515625 0.078125 0.090625
1 0.8703125 0.10234375 0.1078125 0.0734375
1 0.72890625 0.33984375 0.10625 0.0671875
1 0.7984375 0.27890625 0.0859375 0.04375
1 0.6109375 0.57421875 0.125 0.0609375
1 0.659375 0.534375 0.071875 0.0671875
1 0.72421875 0.51796875 0.1 0.084375
1 0.784375 0.0390625 0.103125 0.078125
1 0.85234375 0.04375 0.06875 0.065625
1 0.79921875 0.2328125 0.096875 0.0703125
1 0.63125 0.22265625 0.10625 0.05625
1 0.59609375 0.17890625 0.075 0.090625
1 0.66953125 0.1828125 0.0953125 0.065625
1 0.73671875 0.20234375 0.06875 0.059375
1 0.80546875 0.16953125 0.09375 0.0671875
1 0.7453125 0.13671875 0.090625 0.0625
1 0.796875 0.109375 0.071875 0.078125
1 0.59375 0.0609375 0.09375 0.0578125
1 0.66640625 0.0625 0.1015625 0.075
1 0.734375 0.078125 0.0890625 0.078125
1 0.5859375 0.32109375 0.08125 0.0765625
1 0.6578125 0.29296875 0.071875 0.090625
1 0.72890625 0.28203125 0.0828125 0.078125
1 0.6578125 0.121875 0.0953125 0.06875
1 0.64296875 0.353125 0.1 0.0625
1 0.54609375 0.47578125 0.0890625 0.0671875
1 0.61171875 0.4859375 0.0921875 0.075
1 0.54375 0.5328125 0.1078125 0.078125
1 0.41640625 0.4640625 0.08125 0.0765625
1 0.49140625 0.44296875 0.071875 0.0859375
1 0.51328125 0.36953125 0.10625 0.0625
1 0.49765625 0.321875 0.1 0.0609375
1 0.54609375 0.26796875 0.11875 0.065625
1 0.42734375 0.2375 0.109375 0.075
1 0.51328125 0.20859375 0.096875 0.06875
1 0.55 0.13203125 0.1078125 0.0578125
1 0.43125 0.08125 0.1015625 0.0609375
1 0.51171875 0.08671875 0.0875 0.0609375
1 0.446875 0.28828125 0.05625 0.0765625
1 0.25703125 0.215625 0.0875 0.0671875
1 0.328125 0.18203125 0.084375 0.065625
1 0.39375 0.1546875 0.071875 0.1
1 0.46015625 0.14921875 0.0859375 0.08125
1 0.37578125 0.04296875 0.10625 0.075
1 0.2875 0.034375 0.109375 0.06875
1 0.20859375 0.0234375 0.0640625 0.046875
1 0.20546875 0.17265625 0.0890625 0.0609375
1 0.25703125 0.13359375 0.084375 0.0765625
1 0.33046875 0.11171875 0.078125 0.090625
1 0.31796875 0.24375 0.0984375 0.084375
1 0.3296875 0.3328125 0.1 0.0625
1 0.34609375 0.28515625 0.084375 0.0578125
1 0.36328125 0.39375 0.065625 0.084375
1 0.41953125 0.38203125 0.06875 0.0953125
1 0.3578125 0.5234375 0.096875 0.059375
1 0.434375 0.51875 0.103125 0.075
1 0.4046875 0.57734375 0.103125 0.071875
1 0.4296875 0.63203125 0.0875 0.075
1 0.5140625 0.59609375 0.103125 0.0734375
1 0.4765625 0.66875 0.090625 0.065625
1 0.546875 0.6609375 0.071875 0.0875
1 0.365625 0.7421875 0.1015625 0.0765625
1 0.45234375 0.72890625 0.0875 0.075
1 0.52578125 0.728125 0.090625 0.0796875
1 0.47109375 0.7765625 0.0875 0.0625
1 0.5515625 0.8078125 0.103125 0.065625
1 0.553125 0.865625 0.1125 0.0625
1 0.55 0.93125 0.1 0.084375
1 0.46015625 0.9703125 0.0890625 0.059375
1 0.471875 0.8984375 0.075 0.0875
1 0.4546875 0.84453125 0.1125 0.0796875
1 0.3875 0.878125 0.084375 0.078125
1 0.384375 0.95078125 0.0765625 0.0765625
1 0.3046875 0.9125 0.0921875 0.090625
1 0.28359375 0.9703125 0.0859375 0.0578125
1 0.19375 0.965625 0.09375 0.06875
1 0.3359375 0.84453125 0.1 0.071875
1 0.228125 0.8609375 0.0953125 0.0953125
1 0.17109375 0.92578125 0.1078125 0.071875
1 0.13046875 0.86484375 0.1015625 0.08125
1 0.07578125 0.9078125 0.0625 0.090625
1 0.134375 0.76953125 0.0703125 0.096875
1 0.1859375 0.78046875 0.071875 0.0671875
1 0.26015625 0.7796875 0.0796875 0.065625
1 0.34140625 0.7875 0.096875 0.059375
1 0.33359375 0.67578125 0.0875 0.09375
1 0.28359375 0.73671875 0.0921875 0.0765625
1 0.18984375 0.72578125 0.1 0.084375
1 0.2265625 0.67890625 0.0984375 0.0515625
1 0.2046875 0.625 0.0828125 0.06875
1 0.25390625 0.609375 0.0796875 0.0625
1 0.325 0.59296875 0.06875 0.071875
1 0.2609375 0.54921875 0.090625 0.053125
1 0.14296875 0.55078125 0.090625 0.0671875
1 0.06875 0.6984375 0.096875 0.0734375
1 0.0671875 0.6328125 0.09375 0.065625
1 0.04296875 0.58984375 0.0859375 0.0546875
1 0.0765625 0.528125 0.090625 0.065625
1 0.040625 0.48203125 0.08125 0.084375
1 0.18203125 0.50390625 0.090625 0.059375
1 0.265625 0.49453125 0.078125 0.078125
1 0.22734375 0.44375 0.103125 0.0703125
1 0.08515625 0.43046875 0.084375 0.075
1 0.14609375 0.4515625 0.09375 0.0703125
1 0.13359375 0.3796875 0.0984375 0.059375
1 0.0375 0.38359375 0.075 0.0671875
1 0.22109375 0.38828125 0.084375 0.071875
1 0.29765625 0.39609375 0.0671875 0.065625
1 0.3421875 0.4484375 0.0921875 0.0609375
1 0.2578125 0.35546875 0.075 0.078125
1 0.0921875 0.33671875 0.10625 0.05
1 0.18046875 0.33671875 0.0921875 0.065625
1 0.08828125 0.275 0.1140625 0.05625
1 0.1765625 0.259375 0.075 0.071875
1 0.2515625 0.28359375 0.09375 0.071875
1 0.12890625 0.1953125 0.075 0.065625
1 0.1140625 0.13515625 0.121875 0.0625
1 0.04453125 0.1296875 0.0890625 0.05