0 0.93984375 0.0234375 0.0875 0.046875
0 0.94765625 0.1 0.103125 0.06875
1 0.97890625 0.18203125 0.0421875 0.0734375
1 0.865625 0.0734375 0.084375 0.065625
1 0.76875 0.0515625 0.0875 0.065625
1 0.7953125 0.12421875 0.090625 0.0546875
1 0.7734375 0.16484375 0.115625 0.0578125
1 0.96796875 0.23828125 0.0640625 0.046875
1 0.9078125 0.22421875 0.090625 0.071875
0 0.83046875 0.21875 0.09375 0.075
1 0.934375 0.27578125 0.10625 0.05625
0 0.834375 0.27734375 0.10625 0.065625
0 0.971875 0.34296875 0.05625 0.0921875
0 0.89765625 0.32265625 0.0875 0.059375
1 0.90234375 0.37734375 0.121875 0.0578125
1 0.96640625 0.4296875 0.065625 0.078125
0 0.9109375 0.4359375 0.084375 0.06875
0 0.93359375 0.51015625 0.053125 0.075
0 0.978125 0.48828125 0.04375 0.05
1 0.97265625 0.5640625 0.053125 0.08125
0 0.9546875 0.63359375 0.090625 0.05625
0 0.95078125 0.7203125 0.0640625 0.0671875
1 0.92734375 0.7828125 0.0625 0.08125
0 0.92421875 0.88125 0.0796875 0.0765625
0 0.90390625 0.984375 0.103125 0.03125
1 0.909375 0.59296875 0.0984375 0.05625
1 0.88984375 0.653125 0.065625 0.075
1 0.86640625 0.69296875 0.08125 0.084375
0 0.87421875 0.75625 0.0703125 0.05625
0 0.8453125 0.79609375 0.10625 0.0453125
0 0.875 0.84765625 0.075 0.071875
0 0.825 0.91796875 0.06875 0.075
0 0.83046875 0.97109375 0.0828125 0.05625
0 0.809375 0.85234375 0.084375 0.078125
0 0.76171875 0.91484375 0.06875 0.075
1 0.7515625 0.97109375 0.078125 0.0578125
1 0.728125 0.8609375 0.0875 0.078125
0 0.67265625 0.9390625 0.084375 0.059375
0 0.809375 0.7359375 0.05625 0.084375
1 0.76171875 0.79140625 0.0671875 0.0671875
0 0.74296875 0.73125 0.0625 0.06875
0 0.81171875 0.6296875 0.103125 0.053125
0 0.7484375 0.65859375 0.075 0.0703125
1 0.8546875 0.5671875 0.090625 0.071875
1 0.85 0.5140625 0.09375 0.05
1 0.85234375 0.46640625 0.1015625 0.05625
0 0.825 0.4140625 0.1015625 0.05625
1 0.8296875 0.340625 0.06875 0.0578125
1 0.77578125 0.378125 0.0828125 0.06875
0 0.76640625 0.4609375 0.08125 0.0625
0 0.77734375 0.52109375 0.0796875 0.065625
0 0.790625 0.57109375 0.084375 0.0515625
0 0.74140625 0.2125 0.084375 0.059375
1 0.7453125 0.271875 0.1046875 0.065625
0 0.74609375 0.32578125 0.08125 0.05
0 0.69453125 0.03203125 0.0921875 0.0640625
0 0.72421875 0.11484375 0.075 0.078125
0 0.67734375 0.16640625 0.0578125 0.071875
1 0.6578125 0.0828125 0.09375 0.053125
0 0.63203125 0.12734375 0.08125 0.078125
0 0.65546875 0.27265625 0.0921875 0.059375
0 0.65390625 0.334375 0.08125 0.075
0 0.70234375 0.4078125 0.10625 0.0625
0 0.69296875 0.475 0.075 0.078125
0 0.6890625 0.546875 0.075 0.075
1 0.72109375 0.60390625 0.0921875 0.05
0 0.65703125 0.646875 0.0734375 0.075
0 0.6671875 0.7265625 0.0875 0.0515625
0 0.68984375 0.7875 0.096875 0.0625
1 0.6171875 0.88125 0.071875 0.0734375
1 0.60390625 0.96953125 0.0765625 0.0609375
1 0.6015625 0.8203125 0.1125 0.0625
1 0.52578125 0.8640625 0.09375 0.0625
1 0.546875 0.77578125 0.0875 0.065625
0 0.55234375 0.92265625 0.078125 0.0625
1 0.50546875 0.95859375 0.08125 0.06875
0 0.46953125 0.90234375 0.071875 0.06875
0 0.46171875 0.825 0.06875 0.084375
0 0.409375 0.84140625 0.0640625 0.071875
0 0.41484375 0.953125 0.065625 0.071875
0 0.3625 0.86875 0.0765625 0.0625
1 0.57578125 0.0390625 0.1109375 0.0640625
0 0.5984375 0.19609375 0.08125 0.103125
0 0.5875 0.3140625 0.0765625 0.0921875
0 0.60859375 0.39921875 0.084375 0.0578125
0 0.6390625 0.4609375 0.071875 0.075
0 0.6109375 0.521875 0.0875 0.053125
0 0.6484375 0.584375 0.06875 0.071875
0 0.60390625 0.62578125 0.0625 0.075
0 0.57109375 0.67734375 0.065625 0.08125
0 0.60703125 0.753125 0.075 0.084375
0 0.51796875 0.709375 0.0984375 0.08125
0 0.58203125 0.5703125 0.0734375 0.0578125
0 0.53671875 0.61953125 0.0828125 0.0515625
0 0.5 0.6515625 0.1 0.0453125
0 0.53046875 0.559375 0.0875 0.078125
0 0.578125 0.46328125 0.065625 0.075
0 0.52734375 0.49140625 0.071875 0.0890625
0 0.5296875 0.40703125 0.1109375 0.0640625
0 0.5328125 0.34921875 0.071875 0.0734375
0 0.528125 0.25546875 0.0984375 0.065625
0 0.54140625 0.10390625 0.06875 0.071875
0 0.48203125 0.19765625 0.09375 0.0625
0 0.5015625 0.1375 0.065625 0.075
0 0.4953125 0.0390625 0.084375 0.0640625
0 0.4703125 0.08671875 0.10625 0.0625
0 0.4296875 0.1296875 0.0875 0.0609375
0 0.4375 0.03515625 0.075 0.06875
0 0.38046875 0.075 0.10625 0.0625
0 0.36328125 0.14296875 0.0703125 0.084375
0 0.41171875 0.18046875 0.071875 0.078125
1 0.4453125 0.23828125 0.090625 0.0578125
0 0.4828125 0.2953125 0.0984375 0.06875
1 0.46171875 0.34140625 0.09375 0.053125
1 0.440625 0.3828125 0.0875 0.065625
1 0.34296875 0.01875 0.0953125 0.0375
1 0.25625 0.01171875 0.090625 0.021875
1 0.30703125 0.05078125 0.0875 0.05
1 0.3 0.09765625 0.1 0.0546875
0 0.21640625 0.05078125 0.103125 0.0625
0 0.215625 0.10625 0.084375 0.0671875
0 0.240625 0.14765625 0.08125 0.0828125
1 0.30390625 0.16484375 0.075 0.0875
0 0.35859375 0.21640625 0.08125 0.0734375
0 0.40625 0.290625 0.0625 0.084375
0 0.359375 0.31171875 0.06875 0.075
0 0.46484375 0.4453125 0.090625 0.0546875
0 0.45625 0.503125 0.0875 0.059375
0 0.45703125 0.5609375 0.090625 0.06875
1 0.453125 0.61484375 0.09375 0.0625
0 0.43671875 0.6921875 0.084375 0.0546875
1 0.46171875 0.73984375 0.0875 0.053125
0 0.409375 0.7859375 0.09375 0.065625
0 0.38203125 0.73671875 0.075 0.059375
0 0.34765625 0.80234375 0.0609375 0.071875
1 0.375 0.384375 0.065625 0.0921875
0 0.38515625 0.4609375 0.075 0.08125
1 0.37734375 0.50625 0.096875 0.0625
0 0.38515625 0.5734375 0.0828125 0.065625
0 0.39296875 0.6421875 0.0796875 0.0734375
0 0.35078125 0.6984375 0.0890625 0.0625
0 0.33515625 0.64375 0.06875 0.078125
1 0.31796875 0.2671875 0.0859375 0.05625
1 0.2796875 0.2328125 0.09375 0.059375
0 0.21171875 0.2125 0.078125 0.0703125
0 0.15 0.2359375 0.078125 0.05625
0 0.23203125 0.27578125 0.115625 0.065625
1 0.28046875 0.32734375 0.09375 0.0546875
1 0.3171875 0.384375 0.065625 0.08125
1 0.3140625 0.4515625 0.0828125 0.0578125
1 0.25546875 0.4734375 0.09375 0.05
1 0.24609375 0.37109375 0.103125 0.05
0 0.240625 0.41484375 0.0859375 0.0625
0 0.15234375 0.29765625 0.0875 0.065625
1 0.1515625 0.359375 0.0875 0.065625
1 0.09453125 0.34609375 0.08125 0.075
0 0.08671875 0.26875 0.075 0.075
1 0.02578125 0.303125 0.05 0.059375
1 0.03046875 0.378125 0.0609375 0.05625
1 0.03046875 0.42890625 0.059375 0.059375
0 0.0921875 0.42109375 0.09375 0.065625
0 0.17265625 0.45546875 0.09375 0.0609375
1 0.18203125 0.50625 0.0875 0.059375
0 0.30625 0.53046875 0.08125 0.0625
0 0.23203125 0.5328125 0.059375 0.084375
1 0.30546875 0.58515625 0.1 0.05
0 0.22109375 0.58671875 0.08125 0.05625
0 0.11328125 0.4984375 0.08125 0.05625
0 0.0421875 0.48828125 0.084375 0.06875
0 0.02890625 0.55390625 0.05625 0.0796875
0 0.0828125 0.55859375 0.0734375 0.075
1 0.15078125 0.57265625 0.065625 0.08125
0 0.5140625 0.81328125 0.059375 0.071875
1 0.29765625 0.6765625 0.0953125 0.05625
0 0.26171875 0.63203125 0.1 0.0625
1 0.1734375 0.6296875 0.0890625 0.059375
1 0.21484375 0.66953125 0.09375 0.059375
1 0.2625 0.71875 0.1 0.046875
1 0.28828125 0.7625 0.075 0.0578125
1 0.30234375 0.821875 0.071875 0.06875
0 0.3046875 0.88125 0.096875 0.053125
1 0.3171875 0.93046875 0.0890625 0.04375
1 0.31484375 0.971875 0.1015625 0.04375
1 0.23828125 0.91875 0.0796875 0.0640625
0 0.20625 0.97109375 0.075 0.0578125
0 0.2171875 0.8203125 0.09375 0.059375
0 0.20703125 0.85703125 0.096875 0.05625
1 0.14921875 0.89765625 0.0578125 0.065625
1 0.0921875 0.9703125 0.0765625 0.059375
1 0.034375 0.97578125 0.06875 0.0484375
1 0.0390625 0.92734375 0.078125 0.053125
1 0.09296875 0.90703125 0.06875 0.0765625
1 0.06796875 0.85390625 0.103125 0.0625
1 0.02734375 0.81875 0.053125 0.0625
1 0.209375 0.7640625 0.084375 0.065625
1 0.140625 0.78359375 0.084375 0.059375
0 0.08984375 0.803125 0.084375 0.0515625
0 0.17109375 0.70703125 0.10625 0.065625
1 0.1109375 0.72109375 0.08125 0.075
0 0.04296875 0.7625 0.0859375 0.059375
1 0.0234375 0.721875 0.046875 0.05625
1 0.04375 0.66171875 0.0875 0.0578125
0 0.06640625 0.6171875 0.096875 0.0546875