1 0.07734375 0.025 0.084375 0.046875
1 0.02265625 0.15390625 0.0453125 0.0484375
0 0.09453125 0.1625 0.096875 0.0625
0 0.04375 0.20234375 0.0453125 0.071875
1 0.0484375 0.26640625 0.090625 0.0609375
1 0.09921875 0.22890625 0.075 0.071875
0 0.08671875 0.31796875 0.0875 0.075
0 0.06015625 0.38203125 0.071875 0.078125
1 0.0375 0.46171875 0.071875 0.0859375
1 0.03125 0.528125 0.0625 0.08125
0 0.08828125 0.50859375 0.05625 0.0765625
1 0.10078125 0.440625 0.075 0.0625
0 0.065625 0.58125 0.065625 0.08125
1 0.0203125 0.6203125 0.040625 0.065625
0 0.0375 0.678125 0.075 0.065625
0 0.0625 0.753125 0.078125 0.075
1 0.02734375 0.8109375 0.053125 0.0859375
1 0.04453125 0.8890625 0.0875 0.0625
0 0.10625 0.828125 0.078125 0.05625
0 0.1546875 0.78359375 0.084375 0.0578125
0 0.1734375 0.734375 0.084375 0.0546875
0 0.096875 0.63203125 0.078125 0.0484375
1 0.10546875 0.67734375 0.103125 0.053125
0 0.134375 0.5765625 0.0890625 0.0625
1 0.159375 0.64375 0.084375 0.075
0 0.23046875 0.625 0.096875 0.059375
1 0.1515625 0.4953125 0.0640625 0.1
0 0.19296875 0.47421875 0.071875 0.078125
0 0.12578125 0.375 0.06875 0.078125
0 0.1859375 0.41796875 0.096875 0.05625
0 0.19453125 0.3671875 0.071875 0.053125
0 0.15859375 0.2984375 0.08125 0.071875
0 0.159375 0.21015625 0.0625 0.0765625
0 0.1921875 0.14765625 0.096875 0.05625
1 0.2359375 0.20078125 0.090625 0.053125
0 0.2203125 0.2578125 0.1 0.053125
0 0.26875 0.15234375 0.08125 0.05
1 0.2828125 0.0828125 0.078125 0.078125
0 0.30625 0.02734375 0.096875 0.053125
1 0.346875 0.05859375 0.1 0.05625
1 0.34375 0.1203125 0.071875 0.06875
0 0.33046875 0.184375 0.0625 0.078125
0 0.31171875 0.259375 0.0921875 0.059375
0 0.225 0.32265625 0.065625 0.08125
1 0.2828125 0.3265625 0.06875 0.08125
0 0.2828125 0.403125 0.09375 0.0734375
0 0.2625 0.44296875 0.0875 0.0640625
0 0.26953125 0.5 0.084375 0.065625
1 0.2484375 0.54375 0.0734375 0.0828125
0 0.3140625 0.55703125 0.0765625 0.05625
0 0.3375 0.609375 0.08125 0.05625
1 0.3 0.67421875 0.096875 0.059375
0 0.23203125 0.70625 0.071875 0.078125
1 0.25390625 0.77890625 0.071875 0.075
1 0.24296875 0.84296875 0.09375 0.05625
1 0.18515625 0.86875 0.0875 0.059375
1 0.2046875 0.928125 0.11875 0.0546875
1 0.21171875 0.96796875 0.090625 0.0546875
0 0.31171875 0.90234375 0.10625 0.0734375
0 0.36015625 0.87109375 0.1 0.0578125
0 0.41875 0.91875 0.109375 0.0484375
0 0.328125 0.7375 0.08125 0.075
0 0.321875 0.79765625 0.0859375 0.0671875
0 0.37109375 0.81875 0.06875 0.065625
1 0.4609375 0.85703125 0.0875 0.0625
0 0.41015625 0.759375 0.084375 0.071875
0 0.38671875 0.69921875 0.096875 0.053125
0 0.38359375 0.6390625 0.0671875 0.078125
0 0.43984375 0.64609375 0.075 0.0765625
1 0.3921875 0.571875 0.096875 0.065625
0 0.37265625 0.521875 0.096875 0.0453125
0 0.34453125 0.48046875 0.0875 0.06875
0 0.37421875 0.4296875 0.0921875 0.053125
0 0.3421875 0.36328125 0.065625 0.06875
1 0.375 0.30703125 0.09375 0.053125
0 0.40078125 0.365625 0.075 0.078125
1 0.396875 0.246875 0.09375 0.071875
1 0.39140625 0.1765625 0.059375 0.0875
0 0.41875 0.1046875 0.071875 0.078125
1 0.4453125 0.03515625 0.0875 0.065625
1 0.46953125 0.2359375 0.065625 0.078125
1 0.46796875 0.30859375 0.09375 0.05625
1 0.51953125 0.06796875 0.096875 0.0546875
1 0.52578125 0.12421875 0.0875 0.0609375
0 0.51171875 0.16640625 0.09375 0.053125
0 0.54375 0.21796875 0.09375 0.059375
0 0.53359375 0.271875 0.08125 0.0640625
0 0.44375 0.41875 0.05625 0.071875
0 0.484375 0.3921875 0.059375 0.0578125
1 0.425 0.4828125 0.0921875 0.065625
0 0.490625 0.475 0.059375 0.071875
0 0.465625 0.54765625 0.071875 0.084375
0 0.50078125 0.6234375 0.06875 0.0671875
0 0.4796875 0.70546875 0.0578125 0.075
0 0.49609375 0.8 0.059375 0.065625
0 0.56015625 0.784375 0.065625 0.0875
1 0.5578125 0.72265625 0.096875 0.0578125
0 0.5828125 0.6671875 0.1203125 0.0515625
1 0.53984375 0.58515625 0.071875 0.075
0 0.559375 0.36328125 0.075 0.084375
0 0.53828125 0.4328125 0.06875 0.06875
0 0.56875 0.5 0.090625 0.065625
0 0.58046875 0.55859375 0.06875 0.065625
1 0.61875 0.61640625 0.090625 0.05
1 0.6421875 0.71484375 0.08125 0.0625
1 0.6296875 0.7671875 0.06875 0.075
0 0.621875 0.83515625 0.0828125 0.065625
0 0.55625 0.91640625 0.08125 0.0609375
0 0.625 0.925 0.0734375 0.075
1 0.46796875 0.984375 0.1 0.03125
1 0.546875 0.97890625 0.0625 0.0421875
1 0.61171875 0.97890625 0.065625 0.0421875
0 0.6875 0.9765625 0.0921875 0.046875
1 0.69921875 0.93359375 0.0984375 0.05625
0 0.69765625 0.8875 0.0859375 0.0453125
1 0.80390625 0.9734375 0.0703125 0.053125
1 0.790625 0.9203125 0.0875 0.065625
1 0.85546875 0.884375 0.084375 0.078125
0 0.78203125 0.8625 0.08125 0.05625
0 0.76484375 0.80859375 0.084375 0.0828125
0 0.7109375 0.7671875 0.103125 0.040625
0 0.67890625 0.66171875 0.065625 0.075
0 0.7359375 0.7 0.06875 0.0640625
0 0.78984375 0.734375 0.09375 0.0625
1 0.89765625 0.809375 0.0875 0.0578125
0 0.89453125 0.74765625 0.075 0.06875
1 0.85859375 0.690625 0.096875 0.0625
1 0.94296875 0.72109375 0.0625 0.0765625
1 0.97890625 0.7375 0.0421875 0.075
1 0.94921875 0.728125 0.009375 0.0140625
1 0.97109375 0.80234375 0.05625 0.0515625
0 0.96171875 0.66328125 0.075 0.0703125
0 0.8546875 0.60625 0.0984375 0.053125
0 0.915625 0.63203125 0.0828125 0.0703125
0 0.6953125 0.603125 0.0859375 0.05
0 0.653125 0.57734375 0.08125 0.0375
0 0.62890625 0.53203125 0.0671875 0.0625
0 0.71328125 0.55546875 0.10625 0.05
0 0.7703125 0.596875 0.0484375 0.06875
0 0.68203125 0.50546875 0.09375 0.065625
1 0.7984375 0.54375 0.075 0.0765625
0 0.86796875 0.5390625 0.065625 0.0875
0 0.89921875 0.56015625 0.059375 0.0796875
0 0.9359375 0.51328125 0.06875 0.0765625
1 0.8625 0.4796875 0.090625 0.05625
0 0.71796875 0.44296875 0.090625 0.0625
0 0.77734375 0.45859375 0.06875 0.059375
0 0.5984375 0.44375 0.071875 0.0875
1 0.61015625 0.32265625 0.0796875 0.05625
1 0.65546875 0.36796875 0.0875 0.059375
1 0.6125 0.26328125 0.075 0.08125
1 0.590625 0.19453125 0.0859375 0.053125
0 0.60625 0.11953125 0.0625 0.078125
1 0.62109375 0.03125 0.0859375 0.059375
0 0.6703125 0.18984375 0.0890625 0.046875
1 0.728125 0.23203125 0.08125 0.08125
1 0.67421875 0.296875 0.065625 0.075
0 0.7296875 0.3671875 0.0890625 0.065625
1 0.79609375 0.4109375 0.1078125 0.05625
0 0.79375 0.34765625 0.084375 0.0625
1 0.7671875 0.1703125 0.1 0.0578125
1 0.8375 0.2109375 0.103125 0.0578125
1 0.8875 0.175 0.1015625 0.053125
1 0.84140625 0.278125 0.1 0.0796875
1 0.94609375 0.27265625 0.103125 0.059375
1 0.88984375 0.3375 0.1109375 0.06875
0 0.90703125 0.425 0.09375 0.0703125
1 0.9640625 0.44296875 0.071875 0.071875
0 0.98046875 0.3765625 0.0390625 0.065625
1 0.96796875 0.6 0.0625 0.0640625