0 0.97109375 0.01875 0.0578125 0.0375
1 0.89140625 0.0265625 0.1 0.053125
1 0.9625 0.125 0.075 0.065625
1 0.96796875 0.19375 0.0625 0.075
1 0.97421875 0.28125 0.0515625 0.084375
0 0.8609375 0.13046875 0.084375 0.075
0 0.90234375 0.20390625 0.071875 0.08125
0 0.9140625 0.275 0.0953125 0.0625
0 0.9296875 0.33359375 0.0984375 0.0640625
1 0.98125 0.3625 0.0375 0.078125
1 0.8328125 0.184375 0.08125 0.05625
0 0.8390625 0.2453125 0.065625 0.084375
0 0.85625 0.3109375 0.0875 0.059375
1 0.9234375 0.38671875 0.0953125 0.046875
1 0.853125 0.35859375 0.08125 0.053125
0 0.84765625 0.41796875 0.0921875 0.0796875
1 0.9609375 0.425 0.0546875 0.059375
1 0.9015625 0.45234375 0.0734375 0.0765625
0 0.78125 0.12265625 0.090625 0.0765625
0 0.76484375 0.1765625 0.0765625 0.06875
0 0.76640625 0.23828125 0.103125 0.05625
1 0.778125 0.3046875 0.0625 0.0765625
0 0.78515625 0.375 0.0828125 0.0765625
0 0.759375 0.434375 0.103125 0.05625
0 0.83203125 0.47890625 0.09375 0.0640625
1 0.96015625 0.490625 0.078125 0.05625
1 0.965625 0.55 0.06875 0.0640625
1 0.9015625 0.53515625 0.071875 0.090625
1 0.95234375 0.62109375 0.071875 0.0859375
1 0.98046875 0.69765625 0.0390625 0.078125
0 0.8859375 0.621875 0.06875 0.075
0 0.93515625 0.7734375 0.06875 0.071875
0 0.928125 0.87109375 0.059375 0.08125
0 0.92734375 0.97578125 0.096875 0.0484375
0 0.86796875 0.9359375 0.096875 0.05625
0 0.87578125 0.8234375 0.06875 0.0765625
0 0.88515625 0.75234375 0.0734375 0.0625
1 0.8515625 0.71796875 0.06875 0.06875
1 0.81875 0.671875 0.096875 0.0609375
0 0.8359375 0.56015625 0.0875 0.0796875
1 0.76328125 0.63671875 0.1140625 0.0671875
0 0.81015625 0.771875 0.0875 0.078125
0 0.77265625 0.80546875 0.053125 0.065625
1 0.7921875 0.8609375 0.0921875 0.0609375
1 0.78671875 0.9125 0.0875 0.05
1 0.79140625 0.96015625 0.103125 0.05
1 0.72109375 0.0296875 0.1 0.0578125
0 0.7125 0.09609375 0.06875 0.0875
0 0.70546875 0.1765625 0.0625 0.078125
0 0.72109375 0.27578125 0.090625 0.0640625
0 0.7078125 0.359375 0.075 0.1109375
1 0.7546875 0.4875 0.078125 0.065625
0 0.796875 0.5296875 0.0640625 0.053125
0 0.7515625 0.5875 0.096875 0.065625
0 0.70546875 0.53515625 0.0953125 0.059375
0 0.671875 0.59765625 0.053125 0.0625
0 0.73203125 0.69921875 0.1046875 0.065625
1 0.70078125 0.76015625 0.0828125 0.059375
1 0.71875 0.8203125 0.06875 0.0765625
0 0.68671875 0.87734375 0.06875 0.078125
1 0.665625 0.9765625 0.09375 0.046875
1 0.65234375 0.9328125 0.071875 0.06875
1 0.61328125 0.890625 0.09375 0.0703125
1 0.64453125 0.8015625 0.0984375 0.0625
1 0.65 0.1046875 0.0765625 0.0828125
0 0.6375 0.20546875 0.0703125 0.071875
0 0.63671875 0.2859375 0.0984375 0.071875
0 0.64453125 0.33359375 0.0828125 0.05
1 0.63828125 0.4109375 0.1046875 0.05625
1 0.6796875 0.4703125 0.071875 0.078125
0 0.6203125 0.53671875 0.071875 0.08125
0 0.6015625 0.61953125 0.06875 0.084375
1 0.6625 0.65546875 0.103125 0.05
1 0.621875 0.6984375 0.1015625 0.05
1 0.603125 0.75 0.0859375 0.0625
0 0.58828125 0.8375 0.065625 0.078125
1 0.5625 0.96953125 0.075 0.0609375
0 0.59765625 0.021875 0.0875 0.04375
0 0.5859375 0.078125 0.0734375 0.06875
1 0.58671875 0.13984375 0.0828125 0.0578125
0 0.55234375 0.1953125 0.090625 0.0640625
0 0.575 0.25625 0.1078125 0.0671875
0 0.5625 0.3265625 0.06875 0.075
0 0.53359375 0.40234375 0.0953125 0.0578125
0 0.58359375 0.4546875 0.06875 0.0875
0 0.57109375 0.55234375 0.0484375 0.0703125
1 0.528125 0.640625 0.071875 0.084375
0 0.53125 0.7171875 0.071875 0.071875
0 0.51875 0.7828125 0.090625 0.0625
0 0.52421875 0.83359375 0.0890625 0.06875
0 0.5296875 0.89140625 0.0890625 0.05
1 0.5 0.9421875 0.096875 0.053125
0 0.4875 0.98359375 0.0875 0.0328125
1 0.44765625 0.8890625 0.08125 0.06875
0 0.41328125 0.96015625 0.0765625 0.0796875
0 0.4609375 0.83203125 0.0671875 0.06875
0 0.46328125 0.73515625 0.0703125 0.08125
1 0.4265625 0.7796875 0.0859375 0.0625
0 0.4609375 0.6578125 0.065625 0.071875
0 0.51875 0.56796875 0.078125 0.075
0 0.39296875 0.828125 0.08125 0.046875
0 0.38671875 0.86796875 0.0875 0.04375
1 0.36484375 0.91484375 0.0953125 0.053125
1 0.3421875 0.96015625 0.0828125 0.0546875
0 0.38671875 0.73203125 0.084375 0.06875
1 0.35078125 0.79375 0.06875 0.059375
0 0.315625 0.859375 0.0625 0.08125
1 0.26953125 0.934375 0.103125 0.0578125
0 0.25625 0.88515625 0.08125 0.05625
1 0.215625 0.96640625 0.096875 0.0671875
1 0.18515625 0.9 0.0796875 0.0703125
0 0.271875 0.78515625 0.1 0.059375
1 0.159375 0.82578125 0.10625 0.065625
1 0.06953125 0.76171875 0.06875 0.084375
1 0.1734375 0.7671875 0.0875 0.0640625
0 0.30078125 0.725 0.0734375 0.06875
0 0.234375 0.7296875 0.0796875 0.05625
0 0.4046875 0.63359375 0.0703125 0.071875
1 0.33515625 0.66875 0.08125 0.06875
0 0.275 0.66796875 0.065625 0.06875
0 0.20234375 0.66953125 0.09375 0.06875
1 0.1515625 0.70234375 0.090625 0.0734375
1 0.121875 0.6484375 0.075 0.0578125
1 0.02734375 0.68984375 0.0546875 0.065625
1 0.05 0.63984375 0.0796875 0.0765625
1 0.09921875 0.60625 0.08125 0.05
0 0.18984375 0.6046875 0.103125 0.0640625
0 0.29921875 0.6140625 0.1125 0.05625
0 0.4328125 0.57421875 0.1171875 0.0625
1 0.5296875 0.49609375 0.08125 0.0828125
0 0.465625 0.51171875 0.06875 0.084375
1 0.37109375 0.53046875 0.0921875 0.05625
1 0.2921875 0.55546875 0.078125 0.059375
0 0.1765625 0.55546875 0.090625 0.0578125
1 0.11171875 0.55078125 0.078125 0.065625
0 0.02578125 0.546875 0.0515625 0.065625
0 0.303125 0.48515625 0.0703125 0.090625
1 0.23125 0.51640625 0.071875 0.059375
0 0.19609375 0.45859375 0.06875 0.075
1 0.16484375 0.49296875 0.071875 0.078125
1 0.10625 0.48671875 0.075 0.0828125
0 0.0484375 0.5 0.0625 0.065625
0 0.40078125 0.46328125 0.1 0.053125
0 0.478125 0.44609375 0.084375 0.0625
1 0.44140625 0.4015625 0.0609375 0.059375
0 0.35546875 0.42578125 0.109375 0.053125
0 0.49609375 0.35390625 0.078125 0.071875
0 0.49453125 0.2796875 0.084375 0.071875
0 0.44140625 0.328125 0.071875 0.1
0 0.37890625 0.3171875 0.084375 0.078125
1 0.38046875 0.3796875 0.0765625 0.053125
0 0.29765625 0.38515625 0.103125 0.065625
1 0.22265625 0.3828125 0.096875 0.071875
1 0.14765625 0.4015625 0.065625 0.078125
1 0.08671875 0.4140625 0.0734375 0.065625
0 0.03515625 0.43125 0.06875 0.0625
1 0.06953125 0.3546875 0.1 0.0578125
1 0.17265625 0.340625 0.0921875 0.05625
1 0.10703125 0.30390625 0.084375 0.05625
1 0.02265625 0.290625 0.04375 0.0703125
1 0.065625 0.2625 0.06875 0.071875
1 0.3015625 0.33515625 0.0859375 0.053125
1 0.3171875 0.27734375 0.0875 0.06875
0 0.23984375 0.30078125 0.0953125 0.08125
1 0.48046875 0.2171875 0.084375 0.0640625
1 0.42265625 0.25 0.0640625 0.08125
0 0.3625 0.23828125 0.0671875 0.084375
1 0.51640625 0.0421875 0.0953125 0.0546875
1 0.51640625 0.1015625 0.08125 0.0796875
1 0.47109375 0.15234375 0.084375 0.06875
1 0.44921875 0.0828125 0.0703125 0.08125
0 0.428125 0.01875 0.103125 0.0375
0 0.3765625 0.06796875 0.0859375 0.06875
0 0.4203125 0.1875 0.0625 0.0625
0 0.378125 0.1609375 0.08125 0.075
0 0.28515625 0.19453125 0.096875 0.05
0 0.24765625 0.23203125 0.084375 0.065625
0 0.17578125 0.24140625 0.0609375 0.0828125
0 0.203125 0.13828125 0.084375 0.05625
1 0.146875 0.17578125 0.0796875 0.071875
0 0.30546875 0.11796875 0.06875 0.08125
0 0.296875 0.0484375 0.0921875 0.0640625
0 0.22890625 0.07578125 0.0859375 0.0546875
1 0.23359375 0.028125 0.075 0.0546875
1 0.16640625 0.03046875 0.075 0.0609375
1 0.1484375 0.10859375 0.1 0.0796875
1 0.065625 0.14375 0.0890625 0.05
1 0.071875 0.196875 0.075 0.06875
1 0.01640625 0.215625 0.0328125 0.065625