1 0.1109375 0.91484375 0.096875 0.103125
1 0.04375 0.94375 0.0875 0.06875
1 0.03515625 0.8734375 0.0703125 0.090625
1 0.19453125 0.8953125 0.0953125 0.09375
1 0.14921875 0.81015625 0.10625 0.090625
1 0.06640625 0.7859375 0.090625 0.0921875
1 0.09609375 0.73203125 0.090625 0.071875
1 0.034375 0.7125 0.06875 0.0953125
1 0.04765625 0.634375 0.09375 0.103125
1 0.2328125 0.709375 0.065625 0.0875
1 0.16953125 0.7140625 0.0875 0.075
1 0.1234375 0.67421875 0.0921875 0.0640625
1 0.125 0.60703125 0.1015625 0.0953125
1 0.07890625 0.54921875 0.075 0.071875
1 0.1984375 0.6484375 0.0796875 0.0859375
1 0.2328125 0.596875 0.0890625 0.071875
1 0.1671875 0.56796875 0.0765625 0.084375
1 0.35703125 0.74609375 0.08125 0.0796875
1 0.2953125 0.74921875 0.0828125 0.078125
1 0.36484375 0.67578125 0.0921875 0.065625
1 0.29609375 0.65 0.090625 0.0875
1 0.40546875 0.80703125 0.1046875 0.078125
1 0.32421875 0.809375 0.084375 0.0953125
1 0.3921875 0.91171875 0.096875 0.08125
1 0.503125 0.89765625 0.109375 0.08125
1 0.4453125 0.85859375 0.090625 0.0578125
1 0.52890625 0.8375 0.0859375 0.0609375
1 0.4875 0.803125 0.0921875 0.0625
1 0.5796875 0.959375 0.09375 0.059375
1 0.659375 0.94765625 0.0890625 0.065625
1 0.59296875 0.909375 0.096875 0.06875
1 0.621875 0.8515625 0.0953125 0.0875
1 0.69609375 0.89375 0.09375 0.075
1 0.7640625 0.8609375 0.0828125 0.0796875
1 0.87890625 0.9265625 0.09375 0.078125
0 0.803125 0.9234375 0.0875 0.090625
1 0.87265625 0.85859375 0.1 0.071875
1 0.83125 0.80234375 0.1 0.0921875
1 0.73984375 0.79140625 0.09375 0.065625
1 0.82734375 0.71640625 0.09375 0.0625
1 0.7515625 0.7203125 0.075 0.0921875
1 0.6984375 0.74609375 0.071875 0.0796875
1 0.56015625 0.76953125 0.0859375 0.075
1 0.4734375 0.7421875 0.09375 0.078125
1 0.425 0.71640625 0.084375 0.0734375
1 0.5578125 0.71015625 0.08125 0.0609375
1 0.509375 0.67421875 0.075 0.071875
1 0.44375 0.66015625 0.1 0.0546875
0 0.621875 0.66484375 0.0984375 0.05625
1 0.5640625 0.62578125 0.08125 0.078125
1 0.51328125 0.6015625 0.075 0.0953125
1 0.459375 0.58984375 0.084375 0.084375
1 0.40234375 0.5625 0.075 0.084375
1 0.3453125 0.575 0.078125 0.08125
1 0.25234375 0.5296875 0.103125 0.059375
1 0.1703125 0.503125 0.0890625 0.0609375
1 0.1125 0.46796875 0.084375 0.075
1 0.06015625 0.45859375 0.078125 0.0796875
1 0.1796875 0.4234375 0.0875 0.075
1 0.11171875 0.40078125 0.0890625 0.075
1 0.03671875 0.38984375 0.0734375 0.0765625
1 0.23671875 0.47109375 0.10625 0.0671875
0 0.23828125 0.3875 0.103125 0.0734375
1 0.5359375 0.54375 0.090625 0.0765625
1 0.45859375 0.51796875 0.090625 0.075
1 0.390625 0.50078125 0.096875 0.08125
1 0.31875 0.48125 0.084375 0.0796875
1 0.64296875 0.58359375 0.0796875 0.084375
1 0.6109375 0.5171875 0.109375 0.078125
0 0.54140625 0.471875 0.1 0.0796875
1 0.46953125 0.45 0.078125 0.0765625
1 0.390625 0.446875 0.084375 0.071875
0 0.425 0.37734375 0.0875 0.08125
1 0.31796875 0.3671875 0.103125 0.0671875
1 0.25234375 0.31953125 0.078125 0.084375
1 0.15234375 0.353125 0.0828125 0.0765625
1 0.06640625 0.33984375 0.0859375 0.059375
1 0.096875 0.290625 0.1078125 0.065625
1 0.18359375 0.303125 0.084375 0.0625
1 0.15234375 0.24375 0.1046875 0.065625
1 0.06171875 0.24765625 0.10625 0.065625
1 0.0859375 0.19921875 0.1015625 0.0625
1 0.46640625 0.3109375 0.125 0.0734375
1 0.36640625 0.31171875 0.08125 0.0875
1 0.31171875 0.2875 0.08125 0.075
1 0.25078125 0.2515625 0.0828125 0.071875
1 0.425 0.21875 0.109375 0.08125
0 0.36015625 0.22734375 0.1015625 0.0625
1 0.378125 0.1765625 0.0984375 0.078125
1 0.30390625 0.190625 0.0875 0.0828125
1 0.23046875 0.18203125 0.096875 0.0859375
1 0.15703125 0.1703125 0.1 0.0859375
1 0.1890625 0.09921875 0.103125 0.078125
1 0.109375 0.1109375 0.1109375 0.06875
1 0.60625 0.44453125 0.090625 0.065625
1 0.53203125 0.4171875 0.115625 0.0375
1 0.65390625 0.3921875 0.109375 0.065625
1 0.57421875 0.34921875 0.0859375 0.078125
1 0.76171875 0.49453125 0.0953125 0.059375
1 0.69375 0.45703125 0.090625 0.059375
1 0.78125 0.6015625 0.115625 0.0609375
1 0.7234375 0.56171875 0.0828125 0.078125
1 0.778125 0.6578125 0.1171875 0.059375
1 0.69765625 0.628125 0.084375 0.06875
1 0.89453125 0.75859375 0.0859375 0.0953125
1 0.88671875 0.6765625 0.115625 0.065625
1 0.9234375 0.621875 0.065625 0.0859375
1 0.85703125 0.6125 0.090625 0.071875
1 0.89453125 0.5609375 0.115625 0.065625
1 0.815625 0.5515625 0.071875 0.084375
1 0.97109375 0.59296875 0.0578125 0.0921875
1 0.85390625 0.50390625 0.103125 0.06875
1 0.9390625 0.5125 0.1 0.065625
1 0.88671875 0.45 0.0890625 0.078125
1 0.8125 0.44375 0.075 0.078125
1 0.9625 0.459375 0.075 0.071875
1 0.84609375 0.37734375 0.103125 0.071875
1 0.734375 0.40546875 0.0765625 0.075
1 0.77265625 0.353125 0.0875 0.0875
1 0.70234375 0.34453125 0.096875 0.071875
1 0.63203125 0.3046875 0.115625 0.071875
1 0.565625 0.2671875 0.0984375 0.0828125
1 0.5 0.2359375 0.0875 0.075
1 0.33984375 0.12890625 0.10625 0.075
1 0.30546875 0.0703125 0.0875 0.0828125
1 0.46328125 0.08515625 0.103125 0.0671875
1 0.39296875 0.05859375 0.1125 0.0734375
1 0.46953125 0.13984375 0.096875 0.0625
1 0.46796875 0.0359375 0.125 0.071875
1 0.54921875 0.10078125 0.1046875 0.065625
1 0.7390625 0.29453125 0.10625 0.05625
1 0.68984375 0.23984375 0.10625 0.06875
1 0.6109375 0.20546875 0.10625 0.0671875
1 0.55859375 0.171875 0.08125 0.08125
1 0.83125 0.3015625 0.0828125 0.0703125
1 0.7859375 0.24296875 0.1203125 0.065625
1 0.83671875 0.2 0.1234375 0.0703125
1 0.77421875 0.14375 0.115625 0.065625
1 0.671875 0.1765625 0.0953125 0.0703125
1 0.64140625 0.12109375 0.1 0.06875
1 0.715625 0.0921875 0.103125 0.071875
1 0.62421875 0.059375 0.078125 0.071875
1 0.82265625 0.1 0.09375 0.075
1 0.80703125 0.03671875 0.109375 0.0625
1 0.9078125 0.3265625 0.075 0.090625
1 0.9359375 0.40078125 0.084375 0.0796875
1 0.95 0.25625 0.1 0.071875
1 0.921875 0.18515625 0.071875 0.0671875
1 0.93671875 0.1171875 0.0953125 0.0875