1 0.03125 0.96484375 0.059375 0.0703125
0 0.053125 0.82578125 0.1 0.05
0 0.08828125 0.77578125 0.109375 0.05625
0 0.07109375 0.8875 0.09375 0.0609375
1 0.06015625 0.72265625 0.096875 0.05625
1 0.02734375 0.65859375 0.0546875 0.0703125
0 0.01953125 0.6015625 0.0375 0.0484375
0 0.10703125 0.640625 0.075 0.0828125
0 0.14375 0.7203125 0.0625 0.075
0 0.1328125 0.83984375 0.0734375 0.096875
1 0.20546875 0.88984375 0.0875 0.0578125
1 0.21640625 0.8015625 0.1 0.053125
1 0.26875 0.85546875 0.08125 0.065625
1 0.28828125 0.93046875 0.06875 0.0890625
1 0.18359375 0.6703125 0.078125 0.08125
0 0.2453125 0.7078125 0.1 0.0640625
0 0.2625 0.76015625 0.084375 0.053125
0 0.3234375 0.815625 0.071875 0.0765625
1 0.39609375 0.8765625 0.1125 0.059375
1 0.06640625 0.5796875 0.0796875 0.0515625
1 0.084375 0.5265625 0.096875 0.0625
1 0.0640625 0.4734375 0.059375 0.0609375
0 0.14453125 0.5625 0.0875 0.0859375
0 0.18671875 0.59609375 0.084375 0.071875
0 0.24140625 0.6296875 0.1046875 0.0703125
0 0.13046875 0.48203125 0.078125 0.059375
1 0.0375 0.41953125 0.075 0.0734375
0 0.12890625 0.421875 0.109375 0.05625
0 0.1859375 0.4421875 0.078125 0.06875
0 0.21484375 0.49296875 0.0921875 0.0515625
0 0.24609375 0.5421875 0.0890625 0.053125
0 0.29921875 0.59921875 0.05625 0.065625
0 0.3140625 0.66484375 0.071875 0.08125
0 0.34140625 0.7390625 0.103125 0.071875
0 0.38828125 0.8 0.0921875 0.065625
0 0.42578125 0.76484375 0.06875 0.0640625
0 0.43671875 0.70625 0.084375 0.053125
1 0.396875 0.66953125 0.1 0.059375
0 0.05390625 0.3484375 0.071875 0.0703125
0 0.0203125 0.26640625 0.040625 0.0734375
0 0.06796875 0.27109375 0.0734375 0.071875
0 0.0890625 0.2046875 0.09375 0.053125
0 0.06328125 0.16015625 0.0765625 0.071875
1 0.0234375 0.209375 0.046875 0.05
0 0.0171875 0.16328125 0.034375 0.0546875
1 0.03203125 0.05390625 0.0640625 0.075
1 0.1328125 0.3734375 0.1 0.05
1 0.12734375 0.3265625 0.096875 0.059375
0 0.1328125 0.2578125 0.071875 0.0875
0 0.1578125 0.13359375 0.065625 0.075
0 0.16640625 0.02109375 0.1046875 0.0421875
1 0.19140625 0.19765625 0.08125 0.059375
1 0.23125 0.0859375 0.1 0.059375
1 0.240625 0.14296875 0.1 0.0578125
0 0.24609375 0.02578125 0.0875 0.0484375
0 0.3 0.059375 0.0921875 0.0625
1 0.32109375 0.11640625 0.09375 0.0609375
1 0.30390625 0.184375 0.0625 0.078125
0 0.19140625 0.25234375 0.0671875 0.06875
0 0.25625 0.25703125 0.0625 0.071875
0 0.19765625 0.32109375 0.065625 0.084375
0 0.209375 0.38828125 0.078125 0.05625
1 0.2609375 0.3375 0.0890625 0.078125
0 0.259375 0.45234375 0.096875 0.075
0 0.29609375 0.3953125 0.084375 0.059375
0 0.3 0.50390625 0.078125 0.0625
0 0.359375 0.60859375 0.0625 0.075
0 0.3375 0.546875 0.05625 0.05
0 0.38515625 0.49140625 0.084375 0.040625
0 0.396875 0.53984375 0.096875 0.059375
1 0.40078125 0.45859375 0.0875 0.046875
1 0.36953125 0.41953125 0.0875 0.0609375
1 0.40078125 0.36953125 0.090625 0.05
0 0.34609375 0.33046875 0.078125 0.08125
0 0.3265625 0.26640625 0.08125 0.071875
0 0.36875 0.20625 0.0859375 0.075
0 0.38046875 0.153125 0.0984375 0.05
0 0.4140625 0.1125 0.090625 0.065625
1 0.38515625 0.0578125 0.1 0.071875
0 0.4671875 0.0375 0.084375 0.0578125
0 0.4984375 0.084375 0.06875 0.059375
0 0.55078125 0.0625 0.0671875 0.0578125
0 0.5375 0.0171875 0.115625 0.034375
1 0.41328125 0.3078125 0.0671875 0.0796875
0 0.4265625 0.23671875 0.075 0.06875
0 0.47421875 0.18125 0.0921875 0.05
1 0.5390625 0.1671875 0.0671875 0.071875
0 0.4953125 0.24453125 0.090625 0.0734375
0 0.47890625 0.31484375 0.0890625 0.05625
0 0.45859375 0.3953125 0.08125 0.075
0 0.4828125 0.44375 0.0640625 0.065625
0 0.47421875 0.50078125 0.0984375 0.0578125
0 0.48984375 0.55703125 0.10625 0.0546875
0 0.45 0.59453125 0.090625 0.046875
0 0.4734375 0.65078125 0.09375 0.059375
0 0.53125 0.61328125 0.090625 0.05625
0 0.50859375 0.7265625 0.096875 0.078125
0 0.46796875 0.825 0.06875 0.0875
1 0.515625 0.8546875 0.090625 0.075
0 0.5671875 0.92109375 0.0875 0.071875
0 0.578125 0.77109375 0.084375 0.0703125
1 0.5984375 0.84921875 0.084375 0.0734375
0 0.63515625 0.80078125 0.0765625 0.059375
0 0.6171875 0.70625 0.059375 0.071875
1 0.58828125 0.6421875 0.0875 0.071875
1 0.575 0.5515625 0.06875 0.075
1 0.5546875 0.4890625 0.084375 0.0515625
0 0.53984375 0.43515625 0.06875 0.0625
0 0.54140625 0.3671875 0.071875 0.075
0 0.5859375 0.31484375 0.0875 0.06875
1 0.57421875 0.24375 0.06875 0.075
1 0.596875 0.17734375 0.075 0.0734375
0 0.6109375 0.11171875 0.078125 0.0640625
1 0.66484375 0.03671875 0.1 0.059375
1 0.62734375 0.23359375 0.059375 0.05625
1 0.6359375 0.2953125 0.075 0.06875
0 0.61953125 0.36953125 0.0875 0.0515625
0 0.59921875 0.43359375 0.0703125 0.08125
0 0.6234375 0.5046875 0.08125 0.075
0 0.65234375 0.57890625 0.08125 0.078125
0 0.6671875 0.65 0.059375 0.0734375
0 0.6875 0.74296875 0.08125 0.078125
0 0.70859375 0.83125 0.075 0.084375
1 0.66875 0.89921875 0.090625 0.0609375
0 0.76015625 0.75234375 0.0703125 0.090625
0 0.8171875 0.8328125 0.078125 0.059375
0 0.92734375 0.88359375 0.071875 0.0953125
0 0.803125 0.6875 0.075 0.071875
0 0.7328125 0.6671875 0.090625 0.059375
0 0.725 0.6046875 0.0875 0.05
1 0.8609375 0.728125 0.0890625 0.0671875
1 0.93671875 0.74296875 0.084375 0.0484375
0 0.93515625 0.69296875 0.0875 0.0515625
0 0.921875 0.63984375 0.0875 0.053125
1 0.8671875 0.609375 0.0796875 0.059375
0 0.80078125 0.58671875 0.075 0.075
0 0.95546875 0.58828125 0.0875 0.0671875
1 0.96875 0.546875 0.0625 0.059375
0 0.734375 0.54765625 0.096875 0.05
0 0.8796875 0.56484375 0.0859375 0.040625
0 0.88515625 0.5171875 0.0734375 0.065625
0 0.8234375 0.5109375 0.075 0.0765625
1 0.9390625 0.46875 0.065625 0.0875
0 0.69375 0.51328125 0.0875 0.053125
1 0.68984375 0.45859375 0.0890625 0.059375
1 0.76328125 0.490625 0.0625 0.071875
0 0.82578125 0.44921875 0.075 0.05625
1 0.88125 0.4515625 0.065625 0.08125
0 0.875 0.39296875 0.096875 0.046875
0 0.69609375 0.4140625 0.103125 0.0484375
0 0.77734375 0.3984375 0.0875 0.065625
1 0.95625 0.390625 0.06875 0.075
0 0.70234375 0.3515625 0.075 0.0625
1 0.7375 0.33515625 0.0875 0.0625
1 0.81171875 0.34765625 0.09375 0.0625
0 0.91015625 0.33515625 0.0875 0.0578125
0 0.96875 0.296875 0.0625 0.05
1 0.825 0.28828125 0.0671875 0.0875
0 0.88359375 0.27734375 0.05625 0.08125
0 0.91796875 0.2578125 0.065625 0.06875
0 0.7046875 0.2671875 0.075 0.065625
0 0.76640625 0.2734375 0.065625 0.078125
1 0.69765625 0.209375 0.078125 0.0640625
1 0.7703125 0.221875 0.0921875 0.053125
0 0.8765625 0.20703125 0.075 0.0671875
0 0.74453125 0.165625 0.065625 0.0546875
0 0.79453125 0.1625 0.0546875 0.071875
1 0.715625 0.10234375 0.08125 0.06875
0 0.765625 0.07578125 0.075 0.075
1 0.821875 0.1 0.06875 0.08125
1 0.88125 0.1203125 0.071875 0.08125
1 0.90859375 0.05 0.090625 0.0625