1 0.5625 0.921875 0.10625 0.109375
1 0.27890625 0.809375 0.1171875 0.0984375
1 0.49609375 0.7578125 0.1265625 0.078125
1 0.79375 0.72890625 0.096875 0.0921875
1 0.7515625 0.5828125 0.109375 0.0703125
1 0.6 0.634375 0.1109375 0.075
1 0.39921875 0.64765625 0.11875 0.09375
1 0.26328125 0.5875 0.10625 0.0859375
1 0.53984375 0.48359375 0.096875 0.090625
1 0.390625 0.48046875 0.0984375 0.090625
0 0.296875 0.40859375 0.13125 0.08125
1 0.12109375 0.3640625 0.078125 0.0703125
1 0.3640625 0.35546875 0.1109375 0.0875
1 0.29453125 0.203125 0.1328125 0.0828125
1 0.8640625 0.4703125 0.1375 0.0828125
0 0.690625 0.4046875 0.14375 0.078125
0 0.4890625 0.26796875 0.125 0.075
1 0.559375 0.19140625 0.0984375 0.0984375
1 0.83671875 0.159375 0.1296875 0.0859375
1 0.8359375 0.33046875 0.1078125 0.103125
1 0.734375 0.31640625 0.103125 0.103125