1 0.37421875 0.23125 0.128125 0.08984375
1 0.44765625 0.1796875 0.15625 0.0828125
1 0.59453125 0.16328125 0.134375 0.07578125
1 0.74140625 0.25234375 0.12265625 0.0890625
1 0.83828125 0.46640625 0.08515625 0.09609375
1 0.67734375 0.43984375 0.0984375 0.11015625
0 0.53359375 0.3796875 0.09296875 0.1046875
1 0.440625 0.3578125 0.10078125 0.1046875
1 0.24765625 0.35625 0.13515625 0.09765625
1 0.221875 0.4625 0.16875 0.09609375
1 0.21171875 0.68671875 0.15078125 0.08203125
1 0.384375 0.6734375 0.1234375 0.10078125
1 0.60859375 0.63203125 0.1453125 0.0828125
1 0.62421875 0.759375 0.1359375 0.08828125
1 0.83671875 0.721875 0.128125 0.07578125