1 0.7359375 0.21640625 0.0953125 0.0921875
1 0.5140625 0.1734375 0.0890625 0.0890625
1 0.2953125 0.115625 0.11875 0.078125
1 0.3140625 0.28359375 0.1015625 0.075
1 0.1796875 0.34609375 0.128125 0.078125
1 0.75 0.47421875 0.103125 0.0734375
1 0.61328125 0.66875 0.1125 0.065625
1 0.30234375 0.478125 0.0921875 0.0828125
1 0.3875 0.675 0.1015625 0.0921875
1 0.5953125 0.828125 0.08125 0.0875
1 0.8640625 0.64921875 0.1140625 0.0953125
0 0.48515625 0.37578125 0.0984375 0.0984375
0 0.6140625 0.44765625 0.1140625 0.0734375
1 0.54296875 0.56171875 0.084375 0.0703125
0 0.2703125 0.62578125 0.06875 0.0890625
0 0.17265625 0.709375 0.0765625 0.0875