1 0.29921875 0.20703125 0.09375 0.0875
1 0.43828125 0.1984375 0.103125 0.1
1 0.15625 0.2859375 0.1203125 0.0859375
1 0.3109375 0.27578125 0.121875 0.071875
1 0.74921875 0.26875 0.1171875 0.08125
1 0.50234375 0.29609375 0.1078125 0.0625
1 0.196875 0.42890625 0.103125 0.0859375
1 0.18359375 0.5390625 0.1296875 0.0796875
1 0.4234375 0.45703125 0.1125 0.071875
1 0.61484375 0.38671875 0.1015625 0.096875
1 0.7453125 0.47421875 0.1140625 0.075
1 0.64140625 0.58125 0.1234375 0.08125
1 0.471875 0.5484375 0.096875 0.078125
1 0.465625 0.60703125 0.1234375 0.0671875
1 0.38203125 0.66875 0.103125 0.06875
1 0.7578125 0.78984375 0.103125 0.08125
1 0.30703125 0.72734375 0.0921875 0.0859375
0 0.39921875 0.3203125 0.0890625 0.0828125
0 0.3671875 0.51640625 0.11875 0.071875
0 0.24296875 0.66171875 0.084375 0.0875
0 0.40078125 0.76484375 0.1046875 0.0703125