0 0.5375 0.1328125 0.08828125 0.103125
0 0.70234375 0.234375 0.115625 0.09296875
0 0.6609375 0.3578125 0.10078125 0.09140625
0 0.4765625 0.3609375 0.1484375 0.07578125
0 0.334375 0.26484375 0.08515625 0.0875
0 0.27265625 0.36328125 0.1046875 0.10078125
0 0.17265625 0.471875 0.13125 0.0796875
0 0.259375 0.61171875 0.13671875 0.090625
0 0.45234375 0.46640625 0.1125 0.0953125
0 0.50859375 0.53828125 0.13984375 0.08203125
0 0.72265625 0.459375 0.1265625 0.0859375
0 0.6265625 0.60078125 0.1 0.0921875
0 0.46015625 0.66640625 0.153125 0.07265625
0 0.31328125 0.7890625 0.0828125 0.09765625
0 0.55859375 0.80234375 0.11484375 0.10546875
0 0.8640625 0.6078125 0.0953125 0.11328125
0 0.82421875 0.796875 0.15078125 0.09140625