0 0.803125 0.60703125 0.0984375 0.0859375
0 0.60234375 0.66875 0.090625 0.090625
0 0.5390625 0.5953125 0.1015625 0.090625
0 0.37421875 0.5265625 0.0953125 0.1
1 0.17109375 0.46015625 0.121875 0.090625
0 0.35234375 0.3953125 0.0921875 0.075
0 0.6046875 0.49921875 0.0875 0.0921875
0 0.840625 0.46796875 0.103125 0.0671875
0 0.81328125 0.38828125 0.084375 0.0953125
0 0.69921875 0.33203125 0.1 0.0953125
0 0.5296875 0.396875 0.1109375 0.075
0 0.40390625 0.315625 0.0890625 0.0828125
0 0.47890625 0.27265625 0.109375 0.0765625
0 0.6453125 0.196875 0.115625 0.0796875
0 0.73125 0.190625 0.0984375 0.09375
0 0.8546875 0.16015625 0.0859375 0.0875
0 0.5140625 0.11328125 0.09375 0.1
0 0.3171875 0.1421875 0.0984375 0.08125
0 0.26484375 0.69375 0.0921875 0.1
0 0.1390625 0.82734375 0.109375 0.0921875