1 0.3015625 0.16484375 0.1203125 0.0953125
1 0.45 0.2734375 0.1296875 0.0984375
1 0.6078125 0.21953125 0.1328125 0.10625
1 0.7515625 0.35546875 0.125 0.1140625
1 0.40078125 0.4296875 0.1109375 0.1046875
1 0.240625 0.3359375 0.125 0.11875
1 0.1875 0.51328125 0.1171875 0.0921875
1 0.1875 0.62890625 0.1484375 0.0796875
1 0.82734375 0.51640625 0.121875 0.1109375
1 0.534375 0.6578125 0.1484375 0.09375
1 0.56875 0.80859375 0.146875 0.109375
1 0.4609375 0.5640625 0.159375 0.0828125
0 0.67109375 0.47734375 0.115625 0.1140625
0 0.18671875 0.715625 0.134375 0.0890625