0 0.446875 0.8796875 0.121875 0.125
0 0.6625 0.80234375 0.1046875 0.10625
0 0.29375 0.7625 0.1421875 0.09375
0 0.61328125 0.65625 0.159375 0.109375
0 0.7109375 0.63671875 0.1125 0.1203125
0 0.4203125 0.62109375 0.14375 0.1203125
0 0.17421875 0.6 0.1125 0.115625
0 0.56328125 0.56484375 0.125 0.103125
0 0.72421875 0.5296875 0.1140625 0.1125
0 0.81796875 0.52109375 0.1109375 0.11875
0 0.4515625 0.4953125 0.1171875 0.1140625
0 0.37109375 0.45703125 0.1296875 0.0953125
0 0.25625 0.38125 0.1046875 0.0984375
0 0.36640625 0.30078125 0.140625 0.0875
0 0.52734375 0.41328125 0.1203125 0.11875
0 0.6265625 0.4109375 0.10625 0.103125
0 0.84140625 0.34296875 0.1203125 0.1203125
0 0.57109375 0.18046875 0.1265625 0.1171875