1 0.26875 0.21015625 0.0984375 0.10625
0 0.4765625 0.16640625 0.134375 0.0859375
1 0.21875 0.31953125 0.121875 0.07265625
0 0.4890625 0.321875 0.08671875 0.0828125
1 0.60625 0.271875 0.10859375 0.07109375
1 0.30703125 0.3828125 0.121875 0.0625
1 0.178125 0.46328125 0.1046875 0.0921875
1 0.1734375 0.57109375 0.10546875 0.08984375
1 0.4734375 0.45390625 0.09453125 0.10078125
1 0.70078125 0.353125 0.11171875 0.09765625
1 0.56875 0.5046875 0.08828125 0.09453125
1 0.7125 0.4578125 0.140625 0.075
0 0.68515625 0.609375 0.109375 0.0703125
1 0.415625 0.5375 0.1078125 0.09296875
1 0.4203125 0.62890625 0.12421875 0.0828125
1 0.22109375 0.71953125 0.10234375 0.0953125
0 0.809375 0.80546875 0.07109375 0.10078125