0 0.36015625 0.13828125 0.115625 0.0796875
0 0.46484375 0.15703125 0.146875 0.1
0 0.5484375 0.2828125 0.146875 0.1015625
0 0.34296875 0.34296875 0.1296875 0.096875
0 0.15625 0.36875 0.125 0.109375
0 0.2984375 0.4703125 0.1046875 0.1109375
0 0.121875 0.5921875 0.1390625 0.121875
0 0.309375 0.5578125 0.1453125 0.096875
0 0.459375 0.5125 0.1390625 0.103125
0 0.59765625 0.41953125 0.1421875 0.096875
0 0.746875 0.25390625 0.0921875 0.103125
0 0.87109375 0.4375 0.14375 0.1234375
0 0.4046875 0.61953125 0.0875 0.0953125
0 0.23515625 0.73984375 0.11875 0.109375
0 0.51953125 0.6921875 0.1390625 0.1015625
0 0.5453125 0.78671875 0.1328125 0.1296875
0 0.740625 0.759375 0.1203125 0.10625
0 0.91640625 0.68046875 0.1328125 0.0953125