1 0.39765625 0.71171875 0.115625 0.08125
1 0.49921875 0.7359375 0.0890625 0.0953125
1 0.61796875 0.65234375 0.1 0.08125
1 0.3921875 0.61328125 0.1234375 0.0828125
1 0.17265625 0.540625 0.0796875 0.08125
1 0.1015625 0.4234375 0.096875 0.096875
1 0.43515625 0.47734375 0.1078125 0.078125
1 0.66875 0.4671875 0.115625 0.08125
1 0.840625 0.5734375 0.096875 0.0765625
1 0.53203125 0.41640625 0.0921875 0.078125
1 0.4171875 0.3890625 0.090625 0.0921875
1 0.4078125 0.2921875 0.0890625 0.084375
1 0.31484375 0.340625 0.0859375 0.0859375
1 0.30703125 0.47578125 0.10625 0.0921875
1 0.22734375 0.7671875 0.1140625 0.0984375
0 0.42734375 0.8640625 0.0859375 0.0984375
0 0.7125 0.81640625 0.1015625 0.0859375
0 0.74765625 0.66875 0.09375 0.09375
0 0.77578125 0.5140625 0.0875 0.0796875
0 0.7875 0.3890625 0.10625 0.0703125
0 0.5234375 0.5296875 0.1015625 0.0796875
0 0.5984375 0.5765625 0.0890625 0.078125
0 0.1609375 0.6875 0.109375 0.09375
0 0.5 0.20078125 0.0890625 0.096875