0 0.5828125 0.315625 0.11640625 0.075
0 0.44375 0.27109375 0.090625 0.08828125
0 0.27265625 0.2203125 0.11953125 0.0640625
0 0.18515625 0.38515625 0.084375 0.08828125
0 0.203125 0.515625 0.0984375 0.05546875
0 0.45390625 0.4390625 0.11640625 0.07890625
0 0.571875 0.45 0.10703125 0.0859375
0 0.66171875 0.48828125 0.08828125 0.09140625
0 0.59140625 0.53359375 0.0921875 0.0703125
0 0.85390625 0.5125 0.125 0.07109375
0 0.51171875 0.59609375 0.10546875 0.0859375
0 0.3546875 0.62109375 0.10390625 0.07578125
0 0.4578125 0.6546875 0.11171875 0.0828125
0 0.69375 0.6609375 0.078125 0.08515625
0 0.4734375 0.75625 0.09140625 0.0640625
0 0.621875 0.79140625 0.1140625 0.08359375