1 0.2984375 0.1125 0.1125 0.1140625
1 0.4171875 0.22734375 0.096875 0.1140625
1 0.51875 0.4359375 0.109375 0.090625
1 0.53828125 0.640625 0.1 0.096875
1 0.51171875 0.76171875 0.109375 0.0921875
1 0.284375 0.82578125 0.1265625 0.0859375
1 0.27578125 0.6359375 0.1125 0.0875
1 0.2140625 0.48359375 0.1234375 0.103125
1 0.2984375 0.49296875 0.0828125 0.0875
1 0.4859375 0.2765625 0.109375 0.1
1 0.6640625 0.3078125 0.13125 0.0953125
0 0.8703125 0.38125 0.1171875 0.10625
0 0.675 0.4390625 0.1109375 0.115625
0 0.74921875 0.57421875 0.128125 0.078125
0 0.73984375 0.7046875 0.10625 0.1015625
0 0.5375 0.54140625 0.0921875 0.0921875
0 0.3546875 0.45625 0.1046875 0.084375
0 0.45 0.35859375 0.1390625 0.084375