1 0.40703125 0.23515625 0.103125 0.08984375
1 0.459375 0.43671875 0.0953125 0.08125
1 0.5609375 0.409375 0.10390625 0.065625
1 0.7375 0.36953125 0.0984375 0.06796875
1 0.84609375 0.44296875 0.1046875 0.06953125
1 0.5203125 0.6046875 0.1109375 0.0890625
1 0.378125 0.61953125 0.09375 0.08125
1 0.2375 0.7828125 0.10546875 0.075
1 0.60703125 0.63046875 0.10234375 0.06875
1 0.68515625 0.66953125 0.11640625 0.065625
1 0.36484375 0.5109375 0.1109375 0.07890625
1 0.3359375 0.45703125 0.12421875 0.06484375
1 0.58046875 0.23046875 0.08671875 0.09375
0 0.65859375 0.2203125 0.06875 0.08515625
0 0.23125 0.271875 0.11640625 0.07578125
0 0.35703125 0.38828125 0.11015625 0.0625
0 0.5125 0.3328125 0.115625 0.0625
0 0.59296875 0.52578125 0.08515625 0.09609375
0 0.19140625 0.54765625 0.11015625 0.05390625