0 0.37109375 0.215625 0.11328125 0.07890625
0 0.49609375 0.240625 0.13984375 0.07265625
0 0.671875 0.25234375 0.09921875 0.11015625
0 0.79453125 0.3390625 0.12578125 0.08046875
0 0.78515625 0.4390625 0.13671875 0.07421875
0 0.54453125 0.32109375 0.1234375 0.084375
0 0.38828125 0.359375 0.13671875 0.07421875
0 0.20625 0.3875 0.1046875 0.0890625
0 0.26875 0.46796875 0.0875 0.103125
0 0.36171875 0.4625 0.10625 0.08984375
0 0.50390625 0.45078125 0.12265625 0.0578125
0 0.615625 0.5484375 0.09765625 0.0953125
0 0.4375 0.6046875 0.1265625 0.06796875
0 0.21328125 0.6671875 0.10625 0.0828125
0 0.115625 0.56015625 0.0953125 0.08984375
0 0.43046875 0.7921875 0.08515625 0.090625
0 0.75859375 0.6328125 0.1 0.1109375
0 0.6734375 0.73125 0.115625 0.07734375
0 0.8 0.79921875 0.0703125 0.08359375