1 0.25703125 0.24375 0.11484375 0.075
1 0.378125 0.1921875 0.12421875 0.07578125
1 0.66484375 0.215625 0.09453125 0.090625
1 0.76484375 0.28671875 0.0828125 0.0828125
1 0.22109375 0.44921875 0.09765625 0.07578125
1 0.32421875 0.60625 0.0859375 0.0828125
1 0.21953125 0.6796875 0.0828125 0.0828125
1 0.40625 0.6875 0.1140625 0.0703125
1 0.88359375 0.46015625 0.07734375 0.08203125
1 0.6671875 0.57109375 0.1140625 0.0640625
0 0.7390625 0.7875 0.08203125 0.07734375
0 0.52734375 0.7140625 0.10234375 0.053125
0 0.31796875 0.33984375 0.0796875 0.07421875
0 0.4703125 0.37265625 0.09453125 0.0875
0 0.49921875 0.49609375 0.109375 0.07109375
0 0.6421875 0.35625 0.0984375 0.053125
0 0.63203125 0.48984375 0.08359375 0.08359375