0 0.571875 0.7859375 0.1265625 0.08125
0 0.88125 0.66015625 0.1421875 0.08125
0 0.7765625 0.5265625 0.1296875 0.084375
0 0.57109375 0.534375 0.1328125 0.09375
0 0.50234375 0.41953125 0.1046875 0.096875
0 0.32109375 0.35078125 0.1 0.0953125
0 0.27890625 0.484375 0.09375 0.1015625
0 0.35234375 0.6265625 0.096875 0.10625
0 0.28828125 0.7890625 0.1234375 0.0859375
0 0.13359375 0.4 0.1390625 0.0765625
0 0.428125 0.1671875 0.125 0.0734375
0 0.68671875 0.22109375 0.1203125 0.0953125
1 0.73984375 0.784375 0.10625 0.1109375
1 0.15703125 0.65546875 0.1015625 0.0984375
1 0.59375 0.63125 0.1484375 0.084375
1 0.75 0.42890625 0.1328125 0.084375