0 0.14921875 0.36796875 0.0875 0.07578125
0 0.3953125 0.38359375 0.13828125 0.0671875
0 0.69375 0.390625 0.11875 0.06953125
0 0.603125 0.46171875 0.0984375 0.0671875
0 0.42421875 0.43671875 0.11953125 0.06015625
0 0.33828125 0.45546875 0.07578125 0.08515625
0 0.2671875 0.52421875 0.10234375 0.08671875
0 0.33046875 0.5609375 0.0921875 0.11015625
0 0.52109375 0.55078125 0.09453125 0.0921875
0 0.71171875 0.5171875 0.0875 0.07421875
0 0.78046875 0.52734375 0.09296875 0.08046875
0 0.85234375 0.578125 0.11953125 0.08203125
0 0.58984375 0.6515625 0.0921875 0.0828125
0 0.40390625 0.72578125 0.09375 0.07109375
0 0.24609375 0.65703125 0.09140625 0.0734375
0 0.634375 0.75546875 0.1140625 0.0671875
0 0.71640625 0.715625 0.090625 0.0921875
0 0.765625 0.653125 0.1234375 0.07578125
0 0.9140625 0.73828125 0.115625 0.08203125
0 0.528125 0.9109375 0.125 0.0640625