1 0.28671875 0.8296875 0.103125 0.1078125
1 0.43203125 0.7671875 0.1484375 0.0890625
1 0.70703125 0.63046875 0.1265625 0.1
1 0.3859375 0.6625 0.1109375 0.0875
1 0.15078125 0.628125 0.1 0.103125
1 0.65625 0.48671875 0.1359375 0.09375
1 0.8578125 0.4078125 0.109375 0.11875
1 0.209375 0.40078125 0.109375 0.0984375
1 0.2171875 0.22734375 0.1109375 0.0953125
1 0.25703125 0.1625 0.109375 0.1
1 0.31328125 0.31171875 0.1296875 0.084375
1 0.63828125 0.21328125 0.103125 0.09375
0 0.46171875 0.275 0.10625 0.090625
1 0.5765625 0.346875 0.096875 0.0859375
1 0.44765625 0.3953125 0.1046875 0.10625
0 0.36875 0.4578125 0.115625 0.0796875
0 0.565625 0.54140625 0.1046875 0.1015625
0 0.4109375 0.53828125 0.1296875 0.075
0 0.24375 0.69453125 0.115625 0.090625
0 0.18046875 0.48984375 0.121875 0.0765625