1 0.54609375 0.11171875 0.11328125 0.06875
1 0.41796875 0.2515625 0.1453125 0.0796875
1 0.22890625 0.30390625 0.13671875 0.0796875
1 0.26640625 0.403125 0.140625 0.075
1 0.4234375 0.41640625 0.103125 0.08984375
1 0.603125 0.33359375 0.12421875 0.10859375
1 0.74140625 0.35859375 0.09609375 0.08671875
1 0.8375 0.39921875 0.09140625 0.103125
1 0.69921875 0.50234375 0.12421875 0.08984375
1 0.38515625 0.48984375 0.1203125 0.1015625
1 0.1828125 0.703125 0.14375 0.078125
1 0.68359375 0.61875 0.11640625 0.090625
1 0.83359375 0.67578125 0.0875 0.07265625
0 0.45859375 0.66796875 0.103125 0.09921875
0 0.25234375 0.49296875 0.07890625 0.09765625
1 0.396875 0.93203125 0.12265625 0.075