1 0.4796875 0.87421875 0.1046875 0.065625
1 0.675 0.58203125 0.0984375 0.0765625
1 0.19453125 0.1234375 0.06875 0.075
0 0.43046875 0.20703125 0.0921875 0.078125
1 0.63984375 0.190625 0.0953125 0.0828125
1 0.84296875 0.32734375 0.0953125 0.0671875
0 0.61796875 0.42734375 0.11875 0.078125
1 0.85546875 0.54375 0.0859375 0.075
0 0.7765625 0.73828125 0.1078125 0.0640625
0 0.56875 0.68515625 0.08125 0.06875
0 0.2046875 0.61171875 0.1015625 0.065625
0 0.159375 0.33359375 0.0859375 0.0875
1 0.38828125 0.4203125 0.1140625 0.0671875
1 0.40546875 0.55703125 0.0828125 0.0859375
1 0.515625 0.534375 0.090625 0.065625
1 0.4171875 0.73359375 0.09375 0.0796875