1 0.56875 0.75546875 0.0828125 0.0890625
1 0.84765625 0.76640625 0.09375 0.075
1 0.8109375 0.59453125 0.0921875 0.078125
1 0.703125 0.615625 0.1109375 0.0859375
1 0.56484375 0.59296875 0.0796875 0.08125
1 0.29296875 0.7265625 0.109375 0.08125
1 0.19140625 0.68984375 0.09375 0.0671875
1 0.23828125 0.50625 0.10625 0.0734375
1 0.24375 0.43984375 0.0984375 0.0796875
1 0.0984375 0.31484375 0.084375 0.0796875
1 0.3421875 0.36484375 0.09375 0.06875
1 0.4203125 0.36171875 0.08125 0.0734375
1 0.5359375 0.27578125 0.08125 0.078125
1 0.72265625 0.21875 0.0765625 0.0734375
1 0.72265625 0.375 0.1015625 0.071875
1 0.88515625 0.42734375 0.084375 0.0859375
1 0.7984375 0.47578125 0.1015625 0.071875
1 0.7171875 0.50625 0.103125 0.0671875
1 0.76796875 0.5484375 0.0671875 0.065625
1 0.70390625 0.55390625 0.08125 0.0734375
1 0.63828125 0.58125 0.0765625 0.08125
0 0.7171875 0.72265625 0.1171875 0.0703125
0 0.390625 0.69453125 0.109375 0.078125
0 0.44296875 0.56484375 0.0921875 0.0671875
0 0.3859375 0.5140625 0.084375 0.0828125
0 0.5484375 0.36953125 0.0984375 0.071875
0 0.46171875 0.43125 0.096875 0.0765625
1 0.39453125 0.45390625 0.1046875 0.0671875
1 0.45859375 0.51171875 0.0890625 0.0765625
1 0.50546875 0.48984375 0.08125 0.06875
1 0.49375 0.6421875 0.0953125 0.075
1 0.40859375 0.6140625 0.103125 0.0734375