0 0.4484375 0.184375 0.13203125 0.071875
0 0.5875 0.19453125 0.1359375 0.07578125
0 0.56875 0.3078125 0.121875 0.0796875
0 0.37734375 0.36328125 0.1359375 0.08828125
0 0.2203125 0.48828125 0.115625 0.07890625
0 0.509375 0.54140625 0.0703125 0.103125
0 0.253125 0.65078125 0.140625 0.07578125
0 0.3875 0.68046875 0.12578125 0.10546875
0 0.48046875 0.78046875 0.11015625 0.0890625
0 0.63359375 0.66328125 0.09140625 0.10078125
0 0.759375 0.71640625 0.12578125 0.08203125
0 0.84453125 0.57421875 0.109375 0.090625
0 0.6390625 0.496875 0.09296875 0.08671875
0 0.7453125 0.34140625 0.0765625 0.08203125
1 0.1859375 0.23515625 0.1375 0.08046875
1 0.8453125 0.39609375 0.1421875 0.07578125