0 0.50078125 0.1171875 0.0828125 0.06796875
0 0.32734375 0.18359375 0.08828125 0.0859375
0 0.2515625 0.28671875 0.0984375 0.0765625
1 0.3828125 0.23828125 0.078125 0.08828125
1 0.68359375 0.19765625 0.09375 0.08828125
1 0.578125 0.23046875 0.08671875 0.07421875
1 0.5171875 0.2890625 0.06953125 0.09765625
1 0.7984375 0.28359375 0.07265625 0.0796875
1 0.734375 0.36015625 0.07578125 0.071875
1 0.61953125 0.3484375 0.06640625 0.075
1 0.56796875 0.36484375 0.08359375 0.06171875
1 0.334375 0.35859375 0.10390625 0.05078125
1 0.48984375 0.3984375 0.071875 0.0703125
1 0.4109375 0.40390625 0.09609375 0.06171875
1 0.2421875 0.44453125 0.0828125 0.08828125
1 0.15078125 0.45078125 0.10546875 0.06328125
0 0.2296875 0.52890625 0.10234375 0.05703125
1 0.33203125 0.50625 0.096875 0.053125
0 0.4484375 0.5421875 0.09921875 0.05703125
1 0.53359375 0.496875 0.0640625 0.07109375
1 0.63671875 0.43671875 0.09609375 0.05703125
1 0.67421875 0.50234375 0.09609375 0.05625
1 0.8109375 0.5140625 0.1 0.05546875
1 0.7140625 0.6328125 0.1 0.05546875
0 0.57890625 0.66953125 0.1171875 0.06015625
1 0.3546875 0.6859375 0.08515625 0.06796875
0 0.44609375 0.775 0.08359375 0.0609375
1 0.40546875 0.81015625 0.08359375 0.06484375
1 0.590625 0.9140625 0.10703125 0.075
0 0.80625 0.77890625 0.1 0.04375
1 0.65 0.7609375 0.0796875 0.075