1 0.60625 0.1234375 0.121875 0.0859375
1 0.4578125 0.24140625 0.15625 0.1015625
1 0.26328125 0.2640625 0.146875 0.1
1 0.284375 0.36796875 0.15 0.0953125
1 0.4375 0.40546875 0.115625 0.1046875
1 0.628125 0.3515625 0.1390625 0.1265625
1 0.7609375 0.3984375 0.1078125 0.1
1 0.84921875 0.453125 0.10625 0.115625
1 0.69609375 0.53359375 0.1375 0.1078125
1 0.38828125 0.471875 0.134375 0.11875
1 0.1546875 0.65078125 0.1546875 0.1
1 0.6625 0.64609375 0.1296875 0.1078125
1 0.80234375 0.72578125 0.0984375 0.0859375
0 0.4328125 0.659375 0.1171875 0.1140625
0 0.25625 0.4546875 0.09375 0.109375
1 0.33046875 0.9109375 0.1328125 0.09375