0 0.79609375 0.728125 0.1203125 0.10625
0 0.7625 0.62734375 0.1296875 0.1015625
0 0.80390625 0.52890625 0.1171875 0.1015625
1 0.85234375 0.37421875 0.1140625 0.1
0 0.58515625 0.74453125 0.1359375 0.10625
0 0.57265625 0.6421875 0.125 0.0953125
0 0.33515625 0.67578125 0.096875 0.0921875
0 0.2046875 0.59140625 0.10625 0.09375
0 0.39453125 0.5765625 0.125 0.0828125
0 0.65625 0.4796875 0.11875 0.09375
0 0.55546875 0.515625 0.125 0.0984375
1 0.425 0.475 0.1125 0.103125
0 0.1375 0.4984375 0.0953125 0.103125
0 0.07109375 0.36640625 0.0984375 0.1171875
0 0.3453125 0.35625 0.0921875 0.0875
0 0.2234375 0.3265625 0.1359375 0.10625
0 0.33984375 0.253125 0.1234375 0.09375
0 0.53828125 0.1734375 0.109375 0.1078125
0 0.70703125 0.29296875 0.1046875 0.1
0 0.59609375 0.378125 0.1203125 0.1078125