0 0.22109375 0.85234375 0.1046875 0.1140625
0 0.4421875 0.7703125 0.096875 0.1
0 0.590625 0.73671875 0.0984375 0.1
0 0.66015625 0.75078125 0.08125 0.0828125
0 0.80390625 0.65390625 0.115625 0.0921875
0 0.6421875 0.66328125 0.1078125 0.0859375
0 0.475 0.65703125 0.09375 0.1015625
0 0.321875 0.625 0.125 0.0828125
0 0.15625 0.65703125 0.0890625 0.084375
0 0.2703125 0.475 0.1015625 0.090625
0 0.253125 0.3734375 0.1 0.078125
0 0.4734375 0.38515625 0.0828125 0.096875
0 0.575 0.525 0.0859375 0.090625
0 0.653125 0.46015625 0.1015625 0.09375
0 0.8109375 0.525 0.103125 0.0875
0 0.89609375 0.49375 0.0984375 0.0875
0 0.81796875 0.321875 0.1125 0.0828125
0 0.66640625 0.35703125 0.0953125 0.0984375
0 0.5875 0.2015625 0.0921875 0.0859375
0 0.3796875 0.2265625 0.1015625 0.0859375