1 0.46328125 0.14765625 0.096875 0.0640625
1 0.50234375 0.25703125 0.07421875 0.08203125
1 0.61171875 0.29921875 0.09921875 0.0625
1 0.76640625 0.33984375 0.0859375 0.04296875
1 0.60546875 0.3953125 0.08125 0.06328125
1 0.63515625 0.440625 0.08984375 0.04609375
1 0.42265625 0.43203125 0.1015625 0.0484375
1 0.51640625 0.43359375 0.09453125 0.0640625
1 0.55625 0.4765625 0.08984375 0.04453125
1 0.71484375 0.59453125 0.10078125 0.0515625
1 0.5171875 0.7109375 0.08125 0.06953125
1 0.3828125 0.48203125 0.1109375 0.06796875
1 0.184375 0.4921875 0.078125 0.08203125
1 0.509375 0.5140625 0.096875 0.06015625
1 0.59453125 0.51640625 0.06875 0.06640625
0 0.6640625 0.53203125 0.08046875 0.0703125
0 0.721875 0.28515625 0.078125 0.06171875
0 0.69375 0.340625 0.07421875 0.04609375
0 0.7 0.38828125 0.096875 0.0546875
0 0.5 0.37890625 0.078125 0.0609375