0 0.478125 0.1484375 0.1515625 0.1125
0 0.80234375 0.38515625 0.109375 0.090625
0 0.57265625 0.35625 0.115625 0.0859375
0 0.68359375 0.471875 0.103125 0.1
0 0.87265625 0.53828125 0.1328125 0.096875
0 0.8140625 0.64375 0.109375 0.1140625
0 0.70390625 0.6484375 0.14375 0.090625
0 0.7171875 0.70390625 0.128125 0.0953125
0 0.4703125 0.58203125 0.146875 0.1015625
0 0.51875 0.453125 0.115625 0.11875
0 0.44921875 0.4515625 0.09375 0.0875
0 0.35625 0.465625 0.1234375 0.1125
0 0.16015625 0.4046875 0.1109375 0.1078125
0 0.275 0.56640625 0.1421875 0.0921875
0 0.440625 0.69140625 0.1265625 0.13125
0 0.57421875 0.7796875 0.1328125 0.0921875
0 0.62734375 0.903125 0.1125 0.1140625
0 0.3890625 0.846875 0.11875 0.0953125
0 0.29140625 0.859375 0.1296875 0.1140625
0 0.21015625 0.73203125 0.1125 0.11875