0 0.60625 0.1640625 0.13515625 0.08203125
0 0.234375 0.315625 0.09609375 0.06953125
0 0.4640625 0.34296875 0.10390625 0.06328125
0 0.32890625 0.428125 0.08671875 0.08125
0 0.12890625 0.446875 0.1203125 0.06953125
0 0.1609375 0.56328125 0.08828125 0.0953125
0 0.26640625 0.59453125 0.1328125 0.06015625
0 0.23984375 0.6453125 0.11484375 0.0703125
0 0.50859375 0.58671875 0.13359375 0.071875
0 0.49296875 0.45 0.0953125 0.0984375
0 0.5609375 0.465625 0.07890625 0.0703125
0 0.64765625 0.5015625 0.1046875 0.08984375
0 0.853125 0.48984375 0.09296875 0.0875
0 0.70234375 0.61875 0.13046875 0.06328125
0 0.5109375 0.7 0.103125 0.11015625
0 0.36015625 0.753125 0.1203125 0.065625
0 0.27890625 0.86015625 0.0921875 0.09453125
0 0.5234375 0.86328125 0.10390625 0.07265625
0 0.615625 0.89921875 0.1109375 0.08984375
0 0.725 0.7953125 0.09140625 0.1