1 0.33125 0.8125 0.0890625 0.08125
1 0.4703125 0.80625 0.096875 0.09375
1 0.18046875 0.7484375 0.115625 0.078125
1 0.33515625 0.74296875 0.11875 0.0640625
1 0.77265625 0.70390625 0.1125 0.0734375
1 0.52421875 0.703125 0.1046875 0.05625
1 0.20546875 0.603125 0.096875 0.0796875
1 0.18125 0.49453125 0.125 0.0703125
1 0.428125 0.55078125 0.1078125 0.0640625
1 0.62578125 0.60078125 0.0953125 0.090625
1 0.746875 0.49921875 0.109375 0.0671875
1 0.63203125 0.4046875 0.11875 0.0734375
1 0.4671875 0.4546875 0.0921875 0.0734375
1 0.4546875 0.396875 0.1203125 0.059375
1 0.365625 0.34453125 0.0984375 0.0625
1 0.72578125 0.18515625 0.0984375 0.075
1 0.284375 0.29453125 0.0875 0.0796875
0 0.41875 0.6890625 0.0828125 0.078125
0 0.36640625 0.49765625 0.1140625 0.0640625
0 0.22734375 0.365625 0.078125 0.08125
0 0.3734375 0.246875 0.1015625 0.0640625