1 0.359375 0.88046875 0.1046875 0.1078125
1 0.3015625 0.7421875 0.1296875 0.0765625
1 0.6203125 0.84296875 0.1046875 0.1078125
1 0.353125 0.55 0.1046875 0.090625
1 0.60859375 0.63671875 0.1 0.0875
1 0.5515625 0.53046875 0.121875 0.075
1 0.67421875 0.5546875 0.121875 0.0921875
1 0.65234375 0.4546875 0.0890625 0.0890625
1 0.653125 0.3171875 0.1109375 0.0984375
1 0.20703125 0.2984375 0.121875 0.1078125
1 0.503125 0.6328125 0.1125 0.078125
0 0.24296875 0.59453125 0.1203125 0.0953125
0 0.21640625 0.459375 0.1 0.096875
0 0.49375 0.46796875 0.140625 0.075
0 0.48359375 0.39140625 0.1375 0.0796875
0 0.5046875 0.32578125 0.1171875 0.06875