1 0.33359375 0.8 0.109375 0.06875
0 0.2140625 0.7234375 0.128125 0.059375
1 0.1734375 0.5875 0.1015625 0.053125
1 0.45859375 0.71328125 0.09375 0.075
1 0.64296875 0.71328125 0.103125 0.05625
1 0.49140625 0.65546875 0.09375 0.0734375
0 0.32109375 0.6046875 0.090625 0.0625
1 0.43671875 0.596875 0.115625 0.053125
1 0.32734375 0.49921875 0.08125 0.065625
0 0.41796875 0.54375 0.103125 0.046875
0 0.43515625 0.4875 0.1015625 0.0625
1 0.7125 0.575 0.1046875 0.059375
1 0.8671875 0.50625 0.0671875 0.0625
1 0.66875 0.4515625 0.09375 0.06875
0 0.678125 0.38046875 0.075 0.0859375
1 0.48359375 0.38203125 0.096875 0.059375
1 0.165625 0.40234375 0.08125 0.0796875
0 0.29765625 0.33125 0.06875 0.08125
1 0.36484375 0.35703125 0.078125 0.0734375
1 0.33984375 0.2921875 0.090625 0.0625
1 0.45078125 0.31875 0.1078125 0.05625
1 0.4875 0.2671875 0.0859375 0.05625
1 0.55703125 0.2484375 0.0984375 0.0859375