0 0.56640625 0.85078125 0.1109375 0.1171875
0 0.4046875 0.73203125 0.1296875 0.0921875
0 0.540625 0.66015625 0.1234375 0.1046875
0 0.809375 0.6515625 0.140625 0.0859375
0 0.56484375 0.5765625 0.0921875 0.0828125
0 0.45390625 0.59375 0.121875 0.096875
0 0.72734375 0.53046875 0.1328125 0.090625
0 0.78671875 0.4453125 0.109375 0.1015625
0 0.72265625 0.35078125 0.0984375 0.096875
0 0.63125 0.2796875 0.0921875 0.1
0 0.53828125 0.4484375 0.096875 0.1
0 0.365625 0.49609375 0.0859375 0.0875
0 0.465625 0.34296875 0.1125 0.0875
0 0.36171875 0.29140625 0.1234375 0.078125
0 0.44140625 0.25546875 0.1359375 0.0875