1 0.3171875 0.26640625 0.1 0.06015625
1 0.553125 0.1953125 0.10546875 0.07421875
1 0.23046875 0.3734375 0.10703125 0.078125
1 0.18828125 0.5015625 0.08515625 0.0875
1 0.33828125 0.4890625 0.1015625 0.0671875
1 0.42421875 0.3109375 0.09765625 0.0953125
1 0.77578125 0.29296875 0.1296875 0.065625
1 0.746875 0.50234375 0.10234375 0.0734375
1 0.59609375 0.60546875 0.08984375 0.065625
1 0.5390625 0.67734375 0.08671875 0.08125
1 0.79296875 0.7046875 0.121875 0.065625
1 0.37109375 0.71953125 0.084375 0.084375
1 0.496875 0.77734375 0.1109375 0.06875
0 0.5765625 0.3265625 0.11015625 0.06484375
0 0.7265625 0.37734375 0.0953125 0.07421875
0 0.62421875 0.4359375 0.10234375 0.06015625
0 0.465625 0.44765625 0.10078125 0.0859375
0 0.57109375 0.528125 0.1109375 0.05859375
0 0.34609375 0.5703125 0.12890625 0.065625