0 0.52421875 0.753125 0.0921875 0.08125
0 0.72734375 0.7 0.0828125 0.075
0 0.665625 0.54375 0.1125 0.0609375
0 0.1796875 0.6609375 0.0921875 0.078125
0 0.07890625 0.55234375 0.08125 0.0765625
0 0.37421875 0.52421875 0.0859375 0.0921875
0 0.12421875 0.3890625 0.10625 0.0578125
0 0.4203125 0.2796875 0.0890625 0.0609375
0 0.2015625 0.21328125 0.1046875 0.0671875
0 0.603125 0.28203125 0.0921875 0.0796875
0 0.89296875 0.34375 0.1 0.0625
1 0.521875 0.42265625 0.0921875 0.0890625
1 0.2828125 0.371875 0.090625 0.0859375
1 0.33984375 0.7625 0.0953125 0.0890625
1 0.8296875 0.59453125 0.1015625 0.078125