1 0.215625 0.25546875 0.0859375 0.07578125
1 0.35 0.17421875 0.09453125 0.0578125
1 0.52734375 0.290625 0.05859375 0.06796875
1 0.69140625 0.353125 0.06640625 0.0734375
1 0.76484375 0.5953125 0.10234375 0.05546875
1 0.33203125 0.56875 0.0953125 0.06015625
1 0.25234375 0.721875 0.09765625 0.0671875
1 0.39609375 0.84375 0.0984375 0.0671875
1 0.10703125 0.56484375 0.0734375 0.07890625
1 0.34375 0.38671875 0.06796875 0.08203125
1 0.83671875 0.7484375 0.08203125 0.084375
1 0.62890625 0.8015625 0.07890625 0.06796875
1 0.6390625 0.67734375 0.06640625 0.06796875
1 0.55546875 0.48515625 0.0953125 0.05546875
1 0.5421875 0.115625 0.09140625 0.0625
1 0.73515625 0.1703125 0.07421875 0.08359375
0 0.8390625 0.3265625 0.06328125 0.08046875
0 0.84921875 0.475 0.0828125 0.05234375
0 0.425 0.6296875 0.06953125 0.07421875
0 0.153125 0.421875 0.0953125 0.07421875