0 0.1859375 0.17890625 0.09375 0.1046875
0 0.4140625 0.2375 0.08828125 0.090625
0 0.565625 0.2546875 0.0890625 0.09140625
0 0.6328125 0.23359375 0.07421875 0.07578125
0 0.7859375 0.31484375 0.10703125 0.08125
0 0.62421875 0.32265625 0.10078125 0.0765625
0 0.45859375 0.34609375 0.08515625 0.09375
0 0.31015625 0.39453125 0.11875 0.07109375
0 0.14140625 0.3796875 0.08203125 0.0765625
0 0.27421875 0.54921875 0.09296875 0.08125
0 0.26796875 0.6515625 0.09375 0.06875
0 0.4859375 0.6171875 0.0734375 0.0890625
0 0.571875 0.4671875 0.078125 0.0828125
0 0.65625 0.5234375 0.09375 0.08515625
0 0.80703125 0.44296875 0.09609375 0.07734375
0 0.89453125 0.46484375 0.09140625 0.078125
0 0.83515625 0.64375 0.10625 0.07265625
0 0.68046875 0.625 0.08671875 0.08984375
0 0.61796875 0.7875 0.08515625 0.07734375
0 0.40859375 0.784375 0.09453125 0.07578125