0 0.24609375 0.12890625 0.1109375 0.11875
0 0.4609375 0.2265625 0.103125 0.1046875
0 0.60703125 0.26953125 0.103125 0.10625
0 0.67734375 0.2609375 0.0859375 0.0875
0 0.8140625 0.3671875 0.11875 0.0984375
0 0.653125 0.346875 0.1125 0.0921875
0 0.4859375 0.34140625 0.1 0.1078125
0 0.33125 0.36328125 0.1296875 0.090625
0 0.16796875 0.31953125 0.09375 0.0890625
0 0.26875 0.509375 0.10625 0.096875
0 0.2453125 0.60859375 0.1046875 0.084375
0 0.465625 0.61328125 0.0875 0.1
0 0.5765625 0.48046875 0.090625 0.0953125
0 0.65 0.55 0.1078125 0.1
0 0.8125 0.496875 0.1078125 0.0921875
0 0.89453125 0.53359375 0.103125 0.0921875
0 0.80546875 0.7 0.1171875 0.090625
0 0.65625 0.6546875 0.1015625 0.103125
0 0.56640625 0.80390625 0.096875 0.090625
0 0.3609375 0.7640625 0.10625 0.090625