0 0.540625 0.8640625 0.1453125 0.1125
0 0.43984375 0.83203125 0.140625 0.096875
0 0.72265625 0.771875 0.15 0.1015625
0 0.79140625 0.65859375 0.1265625 0.0890625
0 0.5765625 0.69609375 0.1125 0.1078125
0 0.71953125 0.58515625 0.1046875 0.103125
0 0.8234375 0.49375 0.134375 0.1109375
0 0.70078125 0.35859375 0.14375 0.0953125
0 0.5875 0.51640625 0.140625 0.103125
0 0.48125 0.58203125 0.128125 0.1
0 0.36015625 0.68984375 0.1125 0.10625
0 0.1828125 0.75078125 0.10625 0.10625
0 0.146875 0.55625 0.1203125 0.0875
0 0.39765625 0.50546875 0.134375 0.090625
0 0.471875 0.4203125 0.1 0.103125
0 0.353125 0.38125 0.134375 0.0859375
0 0.18828125 0.36796875 0.1296875 0.1015625
0 0.37578125 0.26953125 0.1390625 0.1109375
0 0.6015625 0.19296875 0.109375 0.115625
0 0.56640625 0.1109375 0.1359375 0.0921875