1 0.3765625 0.88671875 0.1546875 0.1125
1 0.66640625 0.84921875 0.10625 0.10625
1 0.68203125 0.6625 0.121875 0.115625
1 0.53203125 0.6453125 0.1296875 0.103125
1 0.19609375 0.49765625 0.153125 0.1
1 0.4265625 0.5609375 0.1359375 0.1015625
1 0.5890625 0.53359375 0.146875 0.1
1 0.7390625 0.53828125 0.1140625 0.1140625
1 0.4296875 0.43125 0.10625 0.084375
1 0.25625 0.2796875 0.134375 0.08125
1 0.56484375 0.15625 0.1328125 0.109375
0 0.359375 0.22109375 0.134375 0.11875
0 0.73359375 0.340625 0.1234375 0.103125
0 0.575 0.425 0.1390625 0.1015625
0 0.32578125 0.67734375 0.128125 0.13125
0 0.5375 0.75390625 0.1328125 0.084375