0 0.5 0.15 0.1328125 0.115625
0 0.22109375 0.29765625 0.1125 0.128125
0 0.19609375 0.53359375 0.078125 0.0921875
0 0.14765625 0.66328125 0.1046875 0.084375
0 0.34921875 0.69765625 0.1078125 0.096875
0 0.496875 0.675 0.0953125 0.084375
0 0.4984375 0.53046875 0.0984375 0.1015625
0 0.63984375 0.22265625 0.115625 0.1125
0 0.7359375 0.2921875 0.078125 0.0625
0 0.65546875 0.4125 0.10625 0.1
0 0.8421875 0.4015625 0.1203125 0.09375
0 0.8984375 0.578125 0.1265625 0.1140625
0 0.68203125 0.7484375 0.1453125 0.1140625
1 0.434375 0.3765625 0.1046875 0.10625
1 0.6890625 0.54609375 0.1296875 0.090625