1 0.2625 0.8046875 0.1203125 0.109375
1 0.628125 0.95078125 0.09375 0.0984375
1 0.4625 0.7875 0.1140625 0.1140625
1 0.3609375 0.6890625 0.14375 0.103125
1 0.10234375 0.61171875 0.1171875 0.1109375
1 0.1609375 0.428125 0.125 0.1140625
1 0.2734375 0.4890625 0.1109375 0.109375
1 0.628125 0.5703125 0.125 0.103125
1 0.74375 0.42734375 0.128125 0.0890625
1 0.6328125 0.17265625 0.1203125 0.125
1 0.5421875 0.38671875 0.1375 0.0984375
1 0.359375 0.54765625 0.11875 0.1203125
1 0.54609375 0.6203125 0.1234375 0.0984375
1 0.8703125 0.54921875 0.1109375 0.09375
1 0.64921875 0.35078125 0.0953125 0.08125
1 0.71953125 0.7609375 0.11875 0.0828125
0 0.69609375 0.51875 0.1265625 0.0859375
1 0.25 0.32578125 0.1328125 0.109375
0 0.39375 0.2734375 0.1109375 0.09375
1 0.4625 0.1953125 0.1234375 0.09375