0 0.5921875 0.1359375 0.1265625 0.084375
0 0.2890625 0.20859375 0.1171875 0.08515625
0 0.20234375 0.36875 0.12109375 0.10390625
0 0.4375 0.3953125 0.09453125 0.0859375
0 0.3078125 0.50859375 0.09921875 0.0921875
0 0.58125 0.55078125 0.125 0.0640625
0 0.821875 0.4015625 0.11953125 0.08125
0 0.8890625 0.61953125 0.08671875 0.09765625
0 0.45703125 0.69296875 0.10234375 0.0859375
0 0.203125 0.67734375 0.13515625 0.07734375
0 0.35 0.84765625 0.096875 0.10390625
0 0.58515625 0.8140625 0.0890625 0.09609375
1 0.790625 0.19296875 0.1140625 0.1
1 0.63203125 0.32578125 0.1109375 0.08515625
1 0.653125 0.44140625 0.13046875 0.08984375
1 0.68515625 0.665625 0.09609375 0.090625
1 0.16171875 0.534375 0.10703125 0.078125