0 0.7375 0.7765625 0.14375 0.1109375
0 0.45390625 0.78984375 0.1296875 0.096875
0 0.23984375 0.66015625 0.1765625 0.115625
0 0.3921875 0.67109375 0.1296875 0.08125
0 0.53984375 0.66328125 0.1296875 0.10625
0 0.734375 0.6390625 0.140625 0.0984375
0 0.72578125 0.5265625 0.0984375 0.1125
0 0.828125 0.5203125 0.11875 0.10625
0 0.88125 0.4265625 0.1015625 0.109375
0 0.47734375 0.5875 0.1171875 0.10625
0 0.59140625 0.44453125 0.1171875 0.125
0 0.40859375 0.484375 0.1453125 0.1046875
0 0.17421875 0.47421875 0.11875 0.11875
0 0.39375 0.3765625 0.125 0.0890625
0 0.12890625 0.30703125 0.14375 0.096875
0 0.13515625 0.24609375 0.1421875 0.1078125
0 0.4203125 0.24921875 0.1015625 0.1046875
0 0.33125 0.16171875 0.1078125 0.10625
0 0.61015625 0.2828125 0.1375 0.1125
0 0.69609375 0.3015625 0.115625 0.1078125