1 0.23984375 0.1890625 0.1140625 0.125
1 0.51328125 0.2015625 0.1484375 0.1046875
1 0.37734375 0.303125 0.1203125 0.09375
1 0.52890625 0.31015625 0.1484375 0.09375
1 0.86015625 0.5328125 0.1078125 0.10625
1 0.6375 0.5015625 0.115625 0.0953125
1 0.515625 0.425 0.140625 0.103125
1 0.175 0.409375 0.15625 0.10625
1 0.2484375 0.53359375 0.1046875 0.103125
1 0.26015625 0.72890625 0.1109375 0.11875
1 0.49375 0.69453125 0.1328125 0.103125
1 0.6109375 0.71953125 0.1125 0.109375
1 0.55625 0.6390625 0.1359375 0.090625
0 0.69765625 0.37890625 0.1125 0.115625
0 0.8328125 0.3515625 0.103125 0.1125
0 0.3765625 0.52109375 0.1375 0.096875
0 0.75 0.71171875 0.125 0.1046875