0 0.3625 0.1421875 0.10078125 0.1046875
0 0.590625 0.16875 0.0875 0.08828125
0 0.23984375 0.290625 0.13125 0.06640625
0 0.575 0.32265625 0.1453125 0.078125
0 0.675 0.31953125 0.09140625 0.103125
0 0.3953125 0.4 0.12578125 0.09375
0 0.16015625 0.47578125 0.09296875 0.096875
0 0.546875 0.42265625 0.11015625 0.08046875
0 0.71171875 0.4203125 0.09609375 0.09375
0 0.8046875 0.4078125 0.09140625 0.1
0 0.45390625 0.515625 0.09921875 0.09453125
0 0.384375 0.57109375 0.1171875 0.07109375
0 0.2890625 0.6703125 0.0890625 0.0796875
0 0.41484375 0.72421875 0.13046875 0.06015625
0 0.54609375 0.578125 0.1 0.0984375
0 0.64375 0.55859375 0.0890625 0.08515625
0 0.86796875 0.5765625 0.10078125 0.1
0 0.64140625 0.7953125 0.10859375 0.0953125