1 0.79140625 0.69140625 0.1171875 0.090625
1 0.6359375 0.73203125 0.11875 0.0984375
1 0.6890625 0.5640625 0.103125 0.1046875
1 0.3765625 0.68828125 0.0921875 0.084375
1 0.56484375 0.65390625 0.1046875 0.1
1 0.28203125 0.6171875 0.1046875 0.0890625
1 0.7046875 0.4625 0.096875 0.1
1 0.55390625 0.40078125 0.1078125 0.090625
1 0.409375 0.53828125 0.0984375 0.0859375
1 0.36328125 0.44140625 0.0984375 0.096875
1 0.23046875 0.38515625 0.1 0.08125
1 0.43671875 0.31171875 0.1234375 0.08125
1 0.47265625 0.25078125 0.1 0.0703125
1 0.853125 0.290625 0.1046875 0.0953125
1 0.60390625 0.32578125 0.1109375 0.0703125
1 0.57421875 0.2703125 0.1078125 0.0609375
1 0.27890625 0.46015625 0.0859375 0.0859375
0 0.090625 0.4875 0.09375 0.103125
0 0.5234375 0.50859375 0.10625 0.0796875
0 0.38984375 0.82890625 0.09375 0.0953125