1 0.65859375 0.225 0.10703125 0.0796875
1 0.6375 0.40859375 0.11015625 0.07265625
1 0.57890625 0.45859375 0.0828125 0.0796875
1 0.46015625 0.484375 0.11953125 0.0734375
1 0.1296875 0.565625 0.08125 0.09140625
1 0.3328125 0.54140625 0.1109375 0.07578125
1 0.27265625 0.5796875 0.10546875 0.0734375
1 0.82109375 0.634375 0.11875 0.075
1 0.61796875 0.60546875 0.08046875 0.09296875
1 0.73515625 0.75703125 0.1171875 0.07421875
1 0.5234375 0.8421875 0.12265625 0.071875
1 0.5421875 0.7125 0.1078125 0.0640625
1 0.4140625 0.65546875 0.11640625 0.07421875
0 0.428125 0.18125 0.084375 0.10703125
0 0.22109375 0.3109375 0.115625 0.0703125
0 0.409375 0.353125 0.13125 0.07421875
1 0.5796875 0.26171875 0.11640625 0.0703125
0 0.7421875 0.45703125 0.084375 0.08203125
0 0.68125 0.671875 0.0984375 0.07109375
0 0.2625 0.75703125 0.11953125 0.065625
0 0.1703125 0.4390625 0.090625 0.08984375