1 0.234375 0.153125 0.096875 0.0984375
1 0.37109375 0.24609375 0.0796875 0.1015625
1 0.50703125 0.43359375 0.0984375 0.075
1 0.5625 0.63203125 0.08671875 0.0828125
1 0.55703125 0.75546875 0.096875 0.0765625
1 0.34453125 0.85859375 0.11640625 0.0671875
1 0.303125 0.67265625 0.10234375 0.07109375
1 0.215625 0.53359375 0.11015625 0.08515625
1 0.3 0.528125 0.0703125 0.07578125
1 0.44765625 0.28203125 0.096875 0.084375
1 0.628125 0.28203125 0.11953125 0.07578125
0 0.84375 0.31875 0.103125 0.08984375
0 0.66171875 0.409375 0.09453125 0.10078125
0 0.75859375 0.5296875 0.11953125 0.0578125
0 0.771875 0.66015625 0.09296875 0.0875
0 0.54453125 0.534375 0.07890625 0.08046875
0 0.34921875 0.48203125 0.09375 0.06953125
0 0.4265625 0.36953125 0.13046875 0.0625