0 0.41640625 0.946875 0.09375 0.096875
0 0.78671875 0.8140625 0.1015625 0.0765625
0 0.6875 0.7796875 0.103125 0.0875
0 0.59765625 0.753125 0.1046875 0.08125
0 0.53515625 0.79296875 0.103125 0.0984375
0 0.4140625 0.81015625 0.10625 0.096875
0 0.17265625 0.73671875 0.1234375 0.09375
0 0.3828125 0.67109375 0.0984375 0.078125
0 0.56640625 0.6171875 0.0796875 0.1140625
0 0.76328125 0.571875 0.10625 0.09375
0 0.86875 0.428125 0.096875 0.115625
0 0.68984375 0.49296875 0.090625 0.0859375
0 0.41640625 0.4796875 0.1015625 0.1109375
0 0.28828125 0.58828125 0.1375 0.090625
0 0.16796875 0.4609375 0.109375 0.096875
0 0.35703125 0.359375 0.0921875 0.09375
0 0.51484375 0.4078125 0.0875 0.1015625
0 0.803125 0.28671875 0.13125 0.0703125
0 0.6140625 0.27578125 0.096875 0.1046875
0 0.40390625 0.23046875 0.0953125 0.0953125