1 0.49453125 0.884375 0.125 0.078125
1 0.359375 0.7890625 0.1203125 0.1109375
1 0.6078125 0.72421875 0.121875 0.09375
1 0.70546875 0.56953125 0.109375 0.11875
1 0.8046875 0.4421875 0.109375 0.1
1 0.60625 0.6328125 0.1234375 0.09375
1 0.5625 0.5453125 0.0984375 0.0953125
1 0.25703125 0.5953125 0.1328125 0.084375
1 0.18515625 0.41171875 0.128125 0.1078125
1 0.38984375 0.38125 0.1203125 0.090625
1 0.33125 0.30703125 0.1203125 0.075
1 0.6765625 0.1765625 0.1078125 0.1
1 0.8015625 0.20546875 0.1078125 0.0828125
1 0.49765625 0.48671875 0.115625 0.0890625
0 0.38828125 0.6140625 0.1125 0.10625
0 0.34765625 0.51171875 0.13125 0.0984375
0 0.70703125 0.40546875 0.1265625 0.084375
0 0.615625 0.33984375 0.134375 0.0890625
0 0.47265625 0.3 0.103125 0.103125