1 0.7828125 0.81875 0.1359375 0.103125
1 0.615625 0.70078125 0.128125 0.1171875
1 0.46171875 0.62421875 0.109375 0.109375
1 0.15234375 0.565625 0.1375 0.1
1 0.15546875 0.47734375 0.128125 0.103125
1 0.31484375 0.43359375 0.1453125 0.115625
1 0.48046875 0.52734375 0.125 0.0984375
1 0.4671875 0.35703125 0.1421875 0.090625
1 0.3171875 0.1890625 0.125 0.121875
1 0.5671875 0.32890625 0.096875 0.109375
1 0.7515625 0.3546875 0.109375 0.11875
1 0.7640625 0.50390625 0.1375 0.0953125
1 0.58984375 0.4171875 0.115625 0.0984375
0 0.5890625 0.525 0.125 0.115625
0 0.30390625 0.709375 0.13125 0.11875
0 0.39140625 0.3046875 0.13125 0.1046875