1 0.3796875 0.1125 0.1 0.10234375
1 0.31484375 0.24765625 0.12578125 0.06953125
1 0.63828125 0.1640625 0.1 0.103125
1 0.35625 0.4421875 0.1 0.08515625
1 0.615625 0.36953125 0.09609375 0.0828125
1 0.553125 0.47265625 0.11796875 0.06953125
1 0.6765625 0.4546875 0.11796875 0.0859375
1 0.65 0.553125 0.084375 0.08515625
1 0.64296875 0.690625 0.10625 0.09296875
1 0.196875 0.6859375 0.11640625 0.10234375
1 0.51015625 0.3671875 0.10859375 0.071875
0 0.2484375 0.3921875 0.11640625 0.08984375
0 0.21484375 0.52578125 0.09453125 0.0921875
0 0.4921875 0.53203125 0.13671875 0.0671875
0 0.478125 0.6078125 0.13359375 0.0734375
0 0.4953125 0.67421875 0.11484375 0.0625