1 0.38359375 0.85625 0.1125 0.0796875
1 0.64765625 0.625 0.1078125 0.0890625
1 0.30234375 0.05703125 0.0796875 0.084375
0 0.50859375 0.19921875 0.1015625 0.090625
1 0.71484375 0.2375 0.10625 0.096875
1 0.87578125 0.421875 0.103125 0.0796875
0 0.6328125 0.46015625 0.128125 0.09375
1 0.83203125 0.634375 0.0953125 0.0859375
0 0.70546875 0.8015625 0.115625 0.0796875
0 0.51796875 0.69609375 0.0890625 0.078125
0 0.1859375 0.53125 0.109375 0.0796875
0 0.2140625 0.25078125 0.096875 0.0984375
1 0.41328125 0.39453125 0.121875 0.084375
1 0.39375 0.53125 0.09375 0.096875
1 0.50625 0.5375 0.0984375 0.078125
1 0.359375 0.70390625 0.103125 0.0921875