0 0.18984375 0.3140625 0.0734375 0.09453125
1 0.33828125 0.24375 0.1109375 0.05234375
1 0.1796875 0.41796875 0.11640625 0.0625
1 0.29765625 0.37109375 0.090625 0.0609375
1 0.40390625 0.3359375 0.08515625 0.05859375
1 0.5421875 0.278125 0.0734375 0.08203125
1 0.52734375 0.3546875 0.09453125 0.04765625
1 0.61171875 0.36953125 0.0828125 0.0625
1 0.3078125 0.46953125 0.09765625 0.06484375
1 0.38828125 0.42578125 0.06875 0.07109375
0 0.3546875 0.52421875 0.08984375 0.0484375
1 0.50234375 0.48671875 0.08125 0.06875
1 0.5875 0.45 0.08125 0.0625
1 0.70859375 0.465625 0.09921875 0.046875
1 0.1796875 0.6296875 0.10078125 0.053125
1 0.32734375 0.7015625 0.08359375 0.07109375
1 0.39375 0.6328125 0.0734375 0.0703125
1 0.42421875 0.73125 0.06796875 0.071875
0 0.57890625 0.67890625 0.059375 0.0640625
0 0.59765625 0.59609375 0.09453125 0.05546875
1 0.71796875 0.62421875 0.05625 0.071875
1 0.8984375 0.56953125 0.0734375 0.065625