0 0.58984375 0.2796875 0.12265625 0.08046875
0 0.6734375 0.3578125 0.09765625 0.07421875
0 0.74765625 0.4375 0.09921875 0.0828125
0 0.27421875 0.2 0.1015625 0.084375
0 0.434375 0.3375 0.0984375 0.08984375
0 0.36171875 0.3671875 0.09296875 0.1046875
0 0.2703125 0.4109375 0.13203125 0.07734375
0 0.4984375 0.446875 0.12421875 0.065625
0 0.14921875 0.55 0.0875 0.09609375
0 0.35625 0.57890625 0.0890625 0.08515625
0 0.46484375 0.5265625 0.10234375 0.06015625
0 0.55625 0.58828125 0.1203125 0.07265625
0 0.71875 0.56171875 0.1171875 0.0796875
0 0.81484375 0.7109375 0.1203125 0.06328125
0 0.6296875 0.69609375 0.12265625 0.0890625
0 0.4578125 0.65703125 0.08984375 0.08515625
0 0.20625 0.728125 0.11875 0.0796875
0 0.43984375 0.75390625 0.08984375 0.1
0 0.5578125 0.8828125 0.12265625 0.06796875
0 0.6796875 0.7890625 0.1015625 0.0953125