0 0.32578125 0.67734375 0.1390625 0.0921875
0 0.5140625 0.73671875 0.1140625 0.090625
0 0.5671875 0.65546875 0.1078125 0.109375
0 0.47421875 0.6390625 0.103125 0.0984375
0 0.315625 0.596875 0.1421875 0.09375
0 0.25546875 0.4921875 0.1140625 0.1203125
0 0.09765625 0.46640625 0.103125 0.090625
0 0.26328125 0.24609375 0.096875 0.096875
0 0.37578125 0.3484375 0.10625 0.0921875
0 0.44375 0.5234375 0.1078125 0.0984375
0 0.4734375 0.46171875 0.084375 0.0828125
0 0.63203125 0.5890625 0.103125 0.096875
0 0.60390625 0.53125 0.11875 0.0796875
0 0.584375 0.45234375 0.1 0.0859375
0 0.72109375 0.471875 0.109375 0.0859375
0 0.85546875 0.6015625 0.096875 0.1078125
0 0.603125 0.3 0.0875 0.1015625
0 0.8140625 0.35625 0.115625 0.1140625