1 0.1859375 0.7171875 0.13125 0.115625
1 0.465625 0.80546875 0.1390625 0.1
1 0.31875 0.6640625 0.1390625 0.1
1 0.53984375 0.66796875 0.1515625 0.096875
1 0.321875 0.5390625 0.103125 0.1
1 0.3140625 0.43046875 0.121875 0.0828125
1 0.16328125 0.39921875 0.128125 0.10625
1 0.3046875 0.27421875 0.1203125 0.103125
1 0.28671875 0.13125 0.1390625 0.103125
1 0.509375 0.27890625 0.1296875 0.096875
1 0.60859375 0.24765625 0.0984375 0.0859375
1 0.72109375 0.3578125 0.10625 0.090625
1 0.7109375 0.55390625 0.1171875 0.1046875
0 0.59375 0.86171875 0.103125 0.1109375
1 0.67890625 0.66796875 0.1125 0.1
0 0.5625 0.5671875 0.1328125 0.1
0 0.50625 0.4640625 0.1140625 0.1015625