0 0.57109375 0.73359375 0.090625 0.103125
0 0.3890625 0.81484375 0.1015625 0.090625
0 0.26171875 0.76640625 0.10625 0.084375
0 0.2203125 0.6421875 0.1109375 0.0703125
0 0.4734375 0.63984375 0.109375 0.08125
0 0.63125 0.56640625 0.128125 0.0734375
0 0.84765625 0.52890625 0.121875 0.0703125
0 0.69140625 0.46484375 0.0828125 0.09375
0 0.6390625 0.365625 0.1515625 0.0734375
0 0.48046875 0.48125 0.090625 0.096875
0 0.23203125 0.56953125 0.1234375 0.0765625
0 0.2796875 0.4640625 0.1 0.090625
0 0.128125 0.44453125 0.0890625 0.10625
0 0.41015625 0.41953125 0.1171875 0.065625
0 0.4515625 0.3578125 0.1046875 0.0828125
0 0.31171875 0.290625 0.121875 0.0703125
0 0.58515625 0.24765625 0.1140625 0.0765625
0 0.39765625 0.16015625 0.1015625 0.09375
0 0.79921875 0.26484375 0.1015625 0.0921875