1 0.53828125 0.878125 0.0734375 0.084375
1 0.29765625 0.82578125 0.0984375 0.078125
1 0.1140625 0.825 0.0921875 0.078125
1 0.21640625 0.69453125 0.09375 0.0890625
1 0.5203125 0.7296875 0.090625 0.084375
1 0.68046875 0.67890625 0.0875 0.08125
1 0.4 0.69375 0.084375 0.0765625
1 0.109375 0.53828125 0.1125 0.078125
1 0.3640625 0.6078125 0.0921875 0.071875
1 0.425 0.5328125 0.11875 0.071875
1 0.53203125 0.58828125 0.09375 0.0734375
1 0.87578125 0.68359375 0.084375 0.0859375
1 0.803125 0.43828125 0.10625 0.06875
1 0.69765625 0.3015625 0.0984375 0.0734375
1 0.603125 0.5234375 0.078125 0.084375
1 0.79609375 0.209375 0.1046875 0.0734375
1 0.36640625 0.44140625 0.0734375 0.08125
0 0.6984375 0.81796875 0.084375 0.075
0 0.83359375 0.5796875 0.1171875 0.078125
0 0.54921875 0.36328125 0.09375 0.0875
0 0.3265625 0.246875 0.0828125 0.0703125
0 0.39921875 0.1375 0.0890625 0.08125
1 0.2015625 0.32734375 0.0875 0.065625
0 0.16015625 0.43359375 0.115625 0.06875