0 0.65078125 0.696875 0.134375 0.078125
0 0.45703125 0.73359375 0.1078125 0.08125
0 0.4140625 0.64609375 0.1 0.1015625
0 0.50859375 0.64140625 0.0953125 0.0890625
0 0.67109375 0.61796875 0.1375 0.078125
0 0.74375 0.521875 0.103125 0.1109375
0 0.903125 0.515625 0.096875 0.0828125
0 0.76640625 0.2765625 0.0890625 0.0890625
0 0.64140625 0.36484375 0.1 0.0828125
0 0.553125 0.53046875 0.1 0.0890625
0 0.53125 0.465625 0.078125 0.0765625
0 0.3578125 0.57265625 0.0953125 0.0890625
0 0.39296875 0.51875 0.115625 0.0671875
0 0.421875 0.44296875 0.09375 0.0765625
0 0.28359375 0.4453125 0.103125 0.0765625
0 0.134375 0.5578125 0.0875 0.1015625
0 0.421875 0.2890625 0.078125 0.0953125
0 0.20546875 0.31875 0.10625 0.1046875