0 0.62578125 0.82734375 0.1234375 0.1015625
0 0.31171875 0.7890625 0.0984375 0.1171875
0 0.20390625 0.57734375 0.0671875 0.0859375
0 0.1125 0.47421875 0.096875 0.071875
0 0.28828125 0.36953125 0.0984375 0.084375
0 0.434375 0.33828125 0.0875 0.0734375
0 0.4875 0.471875 0.0875 0.0921875
0 0.73046875 0.709375 0.1046875 0.1
0 0.7953125 0.609375 0.071875 0.053125
0 0.6765625 0.5265625 0.096875 0.0890625
0 0.8546875 0.46875 0.1125 0.078125
0 0.84453125 0.28359375 0.115625 0.1
0 0.58125 0.20234375 0.1359375 0.096875
1 0.4828125 0.63828125 0.09375 0.0953125
1 0.659375 0.3890625 0.1234375 0.075