1 0.8125 0.7453125 0.1484375 0.0921875
1 0.5796875 0.7671875 0.1125 0.1125
1 0.4015625 0.74921875 0.1109375 0.08125
1 0.6140625 0.56875 0.128125 0.0921875
1 0.40703125 0.66015625 0.140625 0.0890625
1 0.43984375 0.56796875 0.1484375 0.09375
0 0.7109375 0.47890625 0.1421875 0.09375
1 0.75625 0.35234375 0.128125 0.11875
1 0.56796875 0.49765625 0.0875 0.1
1 0.2796875 0.5546875 0.1046875 0.1015625
0 0.16953125 0.5078125 0.115625 0.09375
1 0.17265625 0.41328125 0.109375 0.096875
1 0.4171875 0.4453125 0.1125 0.1046875
1 0.4953125 0.37734375 0.1140625 0.0953125
1 0.35 0.23671875 0.1265625 0.084375
1 0.6109375 0.309375 0.1171875 0.103125
1 0.62265625 0.196875 0.1078125 0.1078125