0 0.51796875 0.3015625 0.1390625 0.0859375
0 0.2546875 0.25625 0.1125 0.065625
0 0.21875 0.37109375 0.1125 0.1
0 0.16328125 0.41328125 0.10625 0.096875
0 0.2515625 0.5421875 0.115625 0.0875
0 0.17578125 0.59921875 0.10625 0.090625
0 0.3984375 0.65 0.1234375 0.084375
0 0.40703125 0.43046875 0.134375 0.071875
0 0.39765625 0.48671875 0.1 0.078125
0 0.559375 0.49453125 0.13125 0.075
0 0.63359375 0.42109375 0.1 0.1
0 0.55234375 0.69375 0.1375 0.071875
0 0.615625 0.62421875 0.1375 0.08125
0 0.6765625 0.671875 0.1234375 0.071875
0 0.79296875 0.6453125 0.0953125 0.090625
0 0.35390625 0.80546875 0.146875 0.084375