0 0.51328125 0.04375 0.128125 0.0765625
0 0.31484375 0.28125 0.090625 0.1015625
0 0.09375 0.3953125 0.0921875 0.09375
0 0.39296875 0.45234375 0.08125 0.1015625
0 0.553125 0.29140625 0.11875 0.090625
0 0.75625 0.321875 0.0890625 0.10625
0 0.66328125 0.46171875 0.128125 0.0671875
0 0.88671875 0.48515625 0.10625 0.05
0 0.55078125 0.7015625 0.121875 0.0671875
0 0.55234375 0.8875 0.075 0.0953125
0 0.74296875 0.77421875 0.103125 0.0890625
0 0.77421875 0.64140625 0.0921875 0.0890625
0 0.2046875 0.58828125 0.1125 0.0609375
0 0.3484375 0.7859375 0.1 0.08125
1 0.91953125 0.346875 0.103125 0.0953125
1 0.921875 0.57890625 0.090625 0.0796875
1 0.67421875 0.5703125 0.1 0.09375
1 0.2078125 0.45859375 0.10625 0.1015625
1 0.53046875 0.5609375 0.096875 0.090625
1 0.39921875 0.6265625 0.103125 0.1015625