1 0.403125 0.1328125 0.06171875 0.075
1 0.64921875 0.146875 0.0890625 0.06484375
1 0.83046875 0.11875 0.08359375 0.065625
1 0.75 0.26328125 0.08203125 0.07734375
1 0.44375 0.2765625 0.08046875 0.07265625
1 0.29375 0.3515625 0.078125 0.06953125
1 0.56875 0.29296875 0.07578125 0.06484375
1 0.8796875 0.40078125 0.10390625 0.06328125
1 0.6171875 0.37265625 0.08359375 0.059375
1 0.56875 0.45625 0.11171875 0.0546875
1 0.4546875 0.41796875 0.084375 0.06171875
1 0.1 0.37734375 0.0734375 0.075
1 0.21015625 0.60859375 0.09921875 0.05390625
1 0.3359375 0.7265625 0.090625 0.06015625
1 0.39453125 0.49296875 0.0671875 0.075
1 0.253125 0.83359375 0.09609375 0.059375
1 0.64140625 0.53671875 0.06328125 0.071875
0 0.25390625 0.2171875 0.075 0.06484375
0 0.1578125 0.4734375 0.10859375 0.06171875
0 0.47265625 0.64296875 0.0828125 0.075
0 0.7109375 0.72265625 0.075 0.059375
0 0.65625 0.8421875 0.0796875 0.06953125
1 0.821875 0.6234375 0.08046875 0.053125
0 0.84609375 0.5125 0.10859375 0.05234375