0 0.4046875 0.19140625 0.13125 0.10625
0 0.18203125 0.6765625 0.134375 0.1046875
0 0.58984375 0.62109375 0.0953125 0.0921875
0 0.8703125 0.36484375 0.125 0.1140625
0 0.8328125 0.58046875 0.14375 0.1140625
0 0.796875 0.73671875 0.13125 0.1015625
0 0.80078125 0.44921875 0.134375 0.1203125
1 0.60078125 0.20859375 0.1265625 0.1
1 0.74609375 0.21171875 0.140625 0.1109375
1 0.67109375 0.28359375 0.1203125 0.1140625
1 0.41875 0.328125 0.13125 0.1
1 0.5515625 0.36640625 0.115625 0.1234375
1 0.43046875 0.39375 0.128125 0.1046875
1 0.1953125 0.4671875 0.1421875 0.1265625
1 0.35703125 0.59375 0.13125 0.1078125
1 0.5859375 0.51328125 0.15625 0.0953125
1 0.7109375 0.40078125 0.128125 0.0875
1 0.725 0.53125 0.1375 0.1
1 0.6140625 0.7328125 0.1171875 0.1078125
1 0.409375 0.77734375 0.134375 0.109375
1 0.43984375 0.62890625 0.1125 0.1296875