1 0.6359375 0.82421875 0.115625 0.0828125
1 0.7 0.78125 0.0859375 0.084375
1 0.40390625 0.8234375 0.125 0.0828125
1 0.25546875 0.73046875 0.1015625 0.0875
0 0.4328125 0.67421875 0.115625 0.096875
0 0.54296875 0.684375 0.0984375 0.084375
1 0.67421875 0.61640625 0.11875 0.0765625
1 0.88515625 0.609375 0.0921875 0.090625
1 0.73515625 0.49765625 0.1109375 0.103125
1 0.7765625 0.34453125 0.128125 0.0796875
1 0.61328125 0.1890625 0.10625 0.096875
1 0.44140625 0.4640625 0.084375 0.09375
1 0.371875 0.44921875 0.084375 0.09375
1 0.278125 0.4671875 0.115625 0.0828125
1 0.11953125 0.45390625 0.109375 0.0796875
0 0.51015625 0.571875 0.0875 0.0703125
1 0.64296875 0.5359375 0.0859375 0.0859375