1 0.65234375 0.784375 0.1140625 0.0796875
1 0.459375 0.865625 0.115625 0.090625
1 0.653125 0.70625 0.1171875 0.0875
1 0.6453125 0.621875 0.0984375 0.0890625
1 0.84609375 0.52109375 0.128125 0.096875
1 0.83203125 0.4234375 0.13125 0.09375
1 0.728125 0.284375 0.1203125 0.0875
1 0.51875 0.2390625 0.109375 0.096875
1 0.50859375 0.58046875 0.103125 0.078125
1 0.41484375 0.6625 0.0953125 0.0875
1 0.21328125 0.70703125 0.09375 0.090625
1 0.13203125 0.58671875 0.115625 0.090625
1 0.1671875 0.51484375 0.109375 0.0828125
0 0.240625 0.61328125 0.109375 0.0859375
0 0.29765625 0.56015625 0.10625 0.065625
0 0.36640625 0.4671875 0.096875 0.0671875
0 0.45234375 0.53203125 0.1109375 0.0765625
0 0.56015625 0.46796875 0.1 0.1109375
0 0.67578125 0.43046875 0.1140625 0.078125
0 0.4234375 0.76484375 0.103125 0.1078125