0 0.65546875 0.72890625 0.128125 0.0875
0 0.32890625 0.7546875 0.1359375 0.0890625
0 0.17109375 0.65546875 0.103125 0.1046875
0 0.3484375 0.66015625 0.09375 0.0859375
0 0.24765625 0.54765625 0.1234375 0.0984375
0 0.359375 0.540625 0.109375 0.10625
0 0.52890625 0.6140625 0.1203125 0.0796875
0 0.6796875 0.590625 0.0921875 0.0828125
0 0.60546875 0.56328125 0.10625 0.0875
0 0.415625 0.47109375 0.1015625 0.0828125
0 0.44921875 0.41640625 0.128125 0.084375
0 0.13515625 0.3328125 0.128125 0.0828125
0 0.3203125 0.32265625 0.1015625 0.0828125
1 0.3875 0.35 0.1109375 0.096875
0 0.428125 0.2859375 0.1265625 0.0921875
0 0.48046875 0.175 0.10625 0.1015625
0 0.63046875 0.42265625 0.096875 0.1046875
0 0.81484375 0.49140625 0.109375 0.090625
0 0.73671875 0.41953125 0.1109375 0.0765625
0 0.91640625 0.4578125 0.0765625 0.08125
0 0.8171875 0.378125 0.1203125 0.096875
0 0.6328125 0.31796875 0.11875 0.1
0 0.72578125 0.18203125 0.1046875 0.10625