1 0.58828125 0.840625 0.1140625 0.075
1 0.54921875 0.6671875 0.0765625 0.0765625
1 0.6796875 0.70234375 0.1015625 0.0796875
1 0.73828125 0.56796875 0.0953125 0.0671875
1 0.61953125 0.5640625 0.109375 0.0546875
1 0.56484375 0.49375 0.0765625 0.078125
1 0.4875 0.56953125 0.0796875 0.0796875
1 0.3828125 0.59296875 0.103125 0.0640625
1 0.24921875 0.65546875 0.078125 0.08125
1 0.52421875 0.4203125 0.0828125 0.0828125
1 0.76484375 0.4546875 0.059375 0.0671875
1 0.85625 0.21796875 0.0859375 0.0828125
1 0.5296875 0.2546875 0.0953125 0.0671875
1 0.35625 0.4125 0.109375 0.0640625
1 0.39765625 0.30390625 0.096875 0.0765625
1 0.13828125 0.52109375 0.1125 0.0703125
0 0.31796875 0.79609375 0.1078125 0.0640625
0 0.40546875 0.71953125 0.115625 0.071875
0 0.84296875 0.571875 0.08125 0.0734375
0 0.67109375 0.36484375 0.0796875 0.0765625
1 0.42109375 0.51015625 0.0953125 0.05625
0 0.2734375 0.4875 0.084375 0.0828125