1 0.646875 0.09921875 0.12421875 0.09375
1 0.49921875 0.228125 0.11171875 0.08671875
1 0.30859375 0.2390625 0.13828125 0.06640625
1 0.6484375 0.303125 0.12265625 0.0640625
1 0.7859375 0.3046875 0.10546875 0.0875
1 0.86640625 0.4546875 0.10625 0.0953125
1 0.2046875 0.4015625 0.15859375 0.065625
1 0.2828125 0.6171875 0.0921875 0.10234375
1 0.375 0.57265625 0.10234375 0.09140625
1 0.15546875 0.67421875 0.12109375 0.0859375
1 0.31953125 0.77734375 0.1265625 0.06640625
1 0.64609375 0.80234375 0.11171875 0.06640625
1 0.82265625 0.52734375 0.1265625 0.078125
1 0.64296875 0.3953125 0.13125 0.08125
1 0.62265625 0.478125 0.09296875 0.09140625
1 0.6828125 0.5765625 0.1203125 0.0578125
1 0.74921875 0.63046875 0.1078125 0.075
1 0.778125 0.75 0.10390625 0.06015625
1 0.4890625 0.43203125 0.1078125 0.07890625
1 0.396875 0.34140625 0.11875 0.05234375
0 0.50078125 0.53203125 0.09453125 0.08671875
0 0.5421875 0.67109375 0.08125 0.1078125
0 0.4296875 0.7375 0.13125 0.071875