1 0.46015625 0.12734375 0.1015625 0.06015625
1 0.6703125 0.40859375 0.0953125 0.07109375
1 0.21484375 0.8921875 0.065625 0.071875
0 0.44609375 0.79609375 0.08828125 0.0734375
1 0.65546875 0.8015625 0.09140625 0.07890625
1 0.8515625 0.6546875 0.09296875 0.06171875
0 0.621875 0.56640625 0.115625 0.071875
1 0.85234375 0.4375 0.08203125 0.07109375
0 0.7640625 0.24765625 0.10546875 0.059375
0 0.55859375 0.31171875 0.078125 0.0640625
0 0.19921875 0.40390625 0.09921875 0.0609375
0 0.16875 0.684375 0.08125 0.0828125
1 0.39296875 0.58515625 0.11171875 0.06171875
1 0.40234375 0.44765625 0.078125 0.08203125
1 0.5140625 0.46484375 0.08828125 0.06171875
1 0.4046875 0.27109375 0.08984375 0.075