0 0.20234375 0.26171875 0.0828125 0.0953125
0 0.27734375 0.45078125 0.11875 0.084375
0 0.48671875 0.38671875 0.0859375 0.1125
0 0.62265625 0.32265625 0.0859375 0.0890625
0 0.66484375 0.4484375 0.1171875 0.084375
0 0.80546875 0.43828125 0.1140625 0.0671875
0 0.859375 0.55546875 0.096875 0.0703125
0 0.57578125 0.56796875 0.1171875 0.1
0 0.42265625 0.51328125 0.1234375 0.0703125
0 0.15625 0.60546875 0.14375 0.06875
0 0.284375 0.64375 0.121875 0.0828125
0 0.4578125 0.6296875 0.1171875 0.0796875
1 0.55390625 0.68671875 0.1265625 0.075
0 0.76875 0.6671875 0.1046875 0.0796875
0 0.87265625 0.70859375 0.1234375 0.084375
0 0.4375 0.7515625 0.1046875 0.1
0 0.41015625 0.8640625 0.10625 0.096875
0 0.5234375 0.74296875 0.1109375 0.0859375
0 0.6375 0.76640625 0.1171875 0.0890625
0 0.76953125 0.81875 0.1 0.1078125