1 0.665625 0.14375 0.09140625 0.09609375
1 0.53046875 0.22578125 0.140625 0.0703125
1 0.2765625 0.4 0.11640625 0.08515625
1 0.590625 0.3234375 0.10234375 0.0734375
1 0.828125 0.32421875 0.08828125 0.09140625
1 0.346875 0.53515625 0.12578125 0.07734375
1 0.15859375 0.64140625 0.09609375 0.10703125
1 0.8015625 0.5578125 0.0984375 0.08515625
1 0.81796875 0.73046875 0.1 0.0828125
1 0.7875 0.80078125 0.0984375 0.08671875
1 0.7109375 0.66015625 0.121875 0.06875
1 0.403125 0.803125 0.0921875 0.08203125
0 0.56953125 0.7171875 0.09609375 0.078125
1 0.4453125 0.6625 0.0875 0.07421875
1 0.56640625 0.59609375 0.0921875 0.09453125
0 0.6359375 0.5234375 0.10703125 0.06484375
0 0.42890625 0.46796875 0.09375 0.0890625
0 0.5828125 0.45 0.1234375 0.05859375
0 0.7265625 0.271875 0.10625 0.07734375
0 0.81796875 0.465625 0.1140625 0.06171875