1 0.51171875 0.09765625 0.115625 0.0984375
1 0.5953125 0.303125 0.1328125 0.1015625
1 0.70703125 0.375 0.1328125 0.0984375
1 0.84921875 0.415625 0.1234375 0.1078125
0 0.7265625 0.44765625 0.1140625 0.103125
0 0.85625 0.653125 0.1203125 0.0875
1 0.77265625 0.55390625 0.1046875 0.1015625
1 0.64921875 0.50625 0.1078125 0.0859375
1 0.35 0.2640625 0.13125 0.09375
1 0.4640625 0.3484375 0.1375 0.10625
1 0.4734375 0.4078125 0.1203125 0.0953125
1 0.49921875 0.46953125 0.109375 0.0890625
1 0.17265625 0.36171875 0.146875 0.09375
1 0.34453125 0.42265625 0.1390625 0.1015625
1 0.2515625 0.53203125 0.14375 0.0921875
1 0.54921875 0.58359375 0.125 0.0953125
1 0.6984375 0.6421875 0.11875 0.1015625
0 0.6515625 0.753125 0.11875 0.09375
1 0.5265625 0.784375 0.1078125 0.1
1 0.2609375 0.6390625 0.1203125 0.0921875
1 0.3953125 0.64609375 0.121875 0.096875
1 0.3390625 0.8203125 0.1203125 0.09375