0 0.77734375 0.33671875 0.0859375 0.07109375
0 0.56796875 0.31484375 0.07734375 0.0765625
0 0.5203125 0.39921875 0.08828125 0.075
0 0.37109375 0.49765625 0.0796875 0.08671875
1 0.184375 0.6015625 0.11015625 0.0703125
0 0.375 0.63125 0.0828125 0.0609375
0 0.603125 0.48046875 0.0734375 0.0796875
0 0.840625 0.46640625 0.09609375 0.04921875
0 0.82890625 0.55 0.06953125 0.0828125
0 0.72734375 0.6265625 0.0859375 0.08046875
0 0.5484375 0.5953125 0.10234375 0.05703125
0 0.440625 0.69921875 0.078125 0.06875
0 0.52265625 0.72734375 0.1 0.05859375
0 0.70078125 0.76953125 0.10625 0.0609375
0 0.7859375 0.759375 0.084375 0.07890625
0 0.91328125 0.765625 0.07265625 0.075
0 0.5875 0.87734375 0.078125 0.0859375
0 0.3890625 0.8859375 0.0875 0.065625
0 0.23203125 0.3546875 0.0765625 0.0875
0 0.08359375 0.24765625 0.09609375 0.075