1 0.32109375 0.2453125 0.10859375 0.08359375
1 0.5265625 0.26953125 0.121875 0.084375
1 0.68984375 0.22265625 0.11875 0.09140625
1 0.19375 0.3953125 0.13359375 0.0734375
0 0.3453125 0.37421875 0.128125 0.0859375
1 0.75390625 0.3859375 0.1234375 0.0859375
1 0.5390625 0.56484375 0.14296875 0.07734375
1 0.215625 0.528125 0.1078125 0.08203125
1 0.2609375 0.59375 0.13828125 0.0625
1 0.7 0.6953125 0.1046875 0.09296875
1 0.34453125 0.6734375 0.13125 0.065625
0 0.6203125 0.3921875 0.128125 0.0734375
0 0.6609375 0.5109375 0.0859375 0.1078125
0 0.61875 0.64375 0.09609375 0.075
0 0.57109375 0.73515625 0.1078125 0.0703125
0 0.3359375 0.78046875 0.1046875 0.1015625
0 0.4359375 0.4578125 0.1390625 0.08359375