0 0.57265625 0.80390625 0.1265625 0.0984375
0 0.4546875 0.75546875 0.1515625 0.0984375
0 0.284375 0.71015625 0.11875 0.1265625
0 0.18046875 0.6015625 0.1390625 0.103125
0 0.20859375 0.50546875 0.1484375 0.0984375
0 0.421875 0.6671875 0.1375 0.10625
0 0.5828125 0.659375 0.1484375 0.0984375
0 0.7671875 0.66640625 0.1203125 0.1078125
0 0.72109375 0.57578125 0.10625 0.1171875
0 0.62890625 0.56328125 0.121875 0.1078125
0 0.48671875 0.54765625 0.13125 0.0796875
0 0.39609375 0.43046875 0.1140625 0.1125
0 0.58125 0.409375 0.1375 0.090625
0 0.81328125 0.390625 0.1203125 0.1015625
0 0.8890625 0.5140625 0.1109375 0.10625
0 0.62421875 0.2265625 0.1015625 0.1046875
0 0.271875 0.3203125 0.11875 0.128125
0 0.37421875 0.23984375 0.128125 0.0984375
0 0.2625 0.14921875 0.084375 0.0953125