0 0.66953125 0.80078125 0.096875 0.1015625
0 0.50078125 0.6984375 0.1046875 0.0921875
0 0.3015625 0.6578125 0.1078125 0.075
0 0.73515625 0.56640625 0.0953125 0.0859375
0 0.61796875 0.3953125 0.10625 0.0984375
0 0.4046875 0.43828125 0.1296875 0.0875
0 0.228125 0.40859375 0.0859375 0.0890625
0 0.4671875 0.27109375 0.109375 0.1078125
0 0.853125 0.30625 0.11875 0.1078125
0 0.38984375 0.13671875 0.11875 0.10625
1 0.40625 0.8578125 0.121875 0.1015625
1 0.5765625 0.584375 0.09375 0.090625
1 0.10078125 0.634375 0.1109375 0.0984375
1 0.23046875 0.26015625 0.1046875 0.090625
1 0.71640625 0.23125 0.09375 0.0984375