1 0.6109375 0.2421875 0.109375 0.096875
1 0.5453125 0.43984375 0.1 0.0875
1 0.4453125 0.40546875 0.1078125 0.0734375
1 0.271875 0.353125 0.103125 0.075
1 0.15859375 0.41875 0.109375 0.0765625
1 0.47265625 0.603125 0.1171875 0.096875
1 0.61328125 0.628125 0.0984375 0.0875
1 0.7421875 0.80078125 0.1109375 0.0828125
1 0.384375 0.62265625 0.10625 0.075
1 0.303125 0.65625 0.1203125 0.0734375
1 0.634375 0.5203125 0.115625 0.0859375
1 0.66640625 0.46875 0.128125 0.0734375
1 0.43828125 0.22578125 0.09375 0.1
0 0.3609375 0.21015625 0.075 0.0890625
0 0.784375 0.29140625 0.121875 0.084375
0 0.65078125 0.3984375 0.1140625 0.0703125
0 0.49921875 0.33203125 0.1203125 0.0703125
0 0.40546875 0.51953125 0.0921875 0.1015625
0 0.8046875 0.56875 0.1140625 0.0609375