0 0.7265625 0.8546875 0.1140625 0.1328125
0 0.6515625 0.77890625 0.084375 0.1390625
0 0.45234375 0.78515625 0.1109375 0.1109375
0 0.36484375 0.7203125 0.109375 0.09375
0 0.25078125 0.625 0.1078125 0.1078125
0 0.29453125 0.49765625 0.0984375 0.1359375
0 0.38984375 0.50078125 0.0953125 0.128125
0 0.55234375 0.63828125 0.1 0.146875
0 0.75703125 0.55625 0.1078125 0.1328125
0 0.67265625 0.47578125 0.109375 0.10625
0 0.66796875 0.396875 0.115625 0.1109375
0 0.50234375 0.4671875 0.109375 0.125
0 0.50078125 0.378125 0.1078125 0.115625
0 0.61796875 0.2765625 0.1 0.115625
0 0.52578125 0.15859375 0.1125 0.109375
0 0.35703125 0.14453125 0.0984375 0.10625
0 0.39453125 0.2390625 0.0953125 0.1203125
0 0.2359375 0.2 0.1 0.140625
0 0.2875 0.3484375 0.0796875 0.1328125
0 0.1 0.36640625 0.115625 0.1046875