1 0.7875 0.29453125 0.1265625 0.0953125
1 0.678125 0.22109375 0.1359375 0.0984375
1 0.3921875 0.1890625 0.109375 0.10625
1 0.28046875 0.23984375 0.096875 0.096875
1 0.78359375 0.503125 0.1109375 0.09375
1 0.65234375 0.6375 0.1 0.0984375
1 0.74140625 0.7296875 0.096875 0.096875
1 0.55625 0.7015625 0.125 0.090625
1 0.13125 0.3875 0.0921875 0.0953125
1 0.32265625 0.5375 0.1234375 0.084375
0 0.21015625 0.73671875 0.0953125 0.0921875
0 0.43203125 0.7046875 0.1109375 0.071875
0 0.709375 0.37734375 0.0921875 0.0875
0 0.553125 0.38046875 0.109375 0.1046875
0 0.5015625 0.49609375 0.1203125 0.090625
0 0.3875 0.33203125 0.10625 0.0703125
0 0.37265625 0.46484375 0.0984375 0.0984375