0 0.23828125 0.2328125 0.109375 0.09140625
0 0.2578125 0.3375 0.11953125 0.08515625
0 0.203125 0.42890625 0.10625 0.08828125
1 0.13359375 0.57578125 0.103125 0.08671875
0 0.45 0.24609375 0.125 0.08984375
0 0.44765625 0.34921875 0.11484375 0.0796875
0 0.6875 0.34921875 0.08671875 0.08125
0 0.80546875 0.45078125 0.0953125 0.08203125
0 0.61484375 0.4390625 0.1171875 0.0671875
0 0.3421875 0.4984375 0.109375 0.0796875
0 0.44765625 0.4765625 0.11484375 0.0828125
1 0.57109375 0.53515625 0.10078125 0.090625
0 0.85859375 0.55234375 0.08359375 0.09296875
0 0.90625 0.6921875 0.08515625 0.10625
0 0.6328125 0.6640625 0.0828125 0.07734375
0 0.75 0.71015625 0.125 0.0890625
0 0.62421875 0.76640625 0.11328125 0.078125
0 0.41640625 0.81796875 0.09765625 0.09453125
0 0.26640625 0.6765625 0.09296875 0.0875
0 0.38828125 0.60703125 0.10859375 0.09296875