0 0.51640625 0.134375 0.1328125 0.0921875
0 0.61171875 0.18125 0.13046875 0.07734375
0 0.32265625 0.196875 0.1390625 0.08046875
0 0.23671875 0.29765625 0.11640625 0.071875
0 0.4546875 0.29453125 0.0984375 0.09296875
0 0.296875 0.38125 0.0921875 0.08984375
0 0.1796875 0.45546875 0.12109375 0.09296875
0 0.2796875 0.60859375 0.134375 0.075
0 0.41640625 0.4703125 0.12890625 0.084375
0 0.53125 0.421875 0.11640625 0.08359375
0 0.66796875 0.334375 0.09921875 0.0921875
0 0.85234375 0.3015625 0.0921875 0.0921875
0 0.8578125 0.5 0.11015625 0.071875
0 0.6015625 0.5109375 0.12421875 0.071875
0 0.515625 0.5828125 0.0875 0.090625
0 0.6265625 0.640625 0.12578125 0.06640625
0 0.7875 0.67890625 0.1171875 0.084375
0 0.58671875 0.746875 0.12578125 0.0921875
0 0.3515625 0.7875 0.0953125 0.1015625
0 0.3734375 0.87421875 0.1265625 0.07265625