0 0.665625 0.1921875 0.1140625 0.084375
0 0.81171875 0.284375 0.1140625 0.090625
0 0.70859375 0.33515625 0.115625 0.08125
0 0.5265625 0.24375 0.09375 0.1046875
0 0.5828125 0.31953125 0.1390625 0.065625
0 0.54140625 0.3703125 0.115625 0.0578125
0 0.37421875 0.284375 0.0796875 0.0859375
0 0.25625 0.34375 0.134375 0.0640625
0 0.2140625 0.384375 0.1203125 0.059375
0 0.36328125 0.4421875 0.096875 0.0640625
0 0.49296875 0.46171875 0.103125 0.075
0 0.671875 0.45234375 0.1234375 0.0578125
0 0.84375 0.46640625 0.1203125 0.0609375
1 0.79609375 0.57109375 0.0984375 0.0984375
0 0.8453125 0.6453125 0.09375 0.090625
0 0.62734375 0.68203125 0.0890625 0.0875
0 0.56796875 0.56171875 0.1125 0.0921875
0 0.48515625 0.5421875 0.0921875 0.0890625
0 0.353125 0.5234375 0.0953125 0.08125
0 0.25 0.59140625 0.0875 0.0875
0 0.40234375 0.82265625 0.0859375 0.078125
0 0.4515625 0.90859375 0.0953125 0.078125