1 0.50625 0.815625 0.1 0.0734375
1 0.6328125 0.73984375 0.109375 0.071875
1 0.40078125 0.70625 0.084375 0.084375
1 0.2078125 0.73984375 0.1125 0.0671875
1 0.865625 0.58046875 0.0859375 0.084375
0 0.665625 0.66015625 0.10625 0.08125
1 0.50078125 0.609375 0.0875 0.0796875
0 0.603125 0.57421875 0.096875 0.078125
1 0.36953125 0.58515625 0.1 0.078125
1 0.10078125 0.53515625 0.11875 0.075
0 0.2078125 0.5 0.109375 0.05625
0 0.4640625 0.50546875 0.10625 0.059375
1 0.66640625 0.48046875 0.08125 0.090625
0 0.7796875 0.42578125 0.0953125 0.065625
0 0.821875 0.29765625 0.11875 0.075
1 0.52734375 0.365625 0.115625 0.0625
1 0.5828125 0.2671875 0.1046875 0.059375
1 0.428125 0.25 0.0796875 0.0796875
1 0.41875 0.44453125 0.1 0.0609375
1 0.2171875 0.31015625 0.1296875 0.065625
1 0.12109375 0.41796875 0.11875 0.08125