0 0.5625 0.76953125 0.1203125 0.103125
0 0.4234375 0.80546875 0.1484375 0.090625
0 0.23359375 0.684375 0.1390625 0.121875
0 0.3078125 0.64296875 0.1015625 0.1046875
0 0.16328125 0.565625 0.11875 0.1140625
0 0.3421875 0.465625 0.10625 0.109375
0 0.19765625 0.3453125 0.109375 0.1140625
0 0.38828125 0.2859375 0.09375 0.0984375
0 0.49453125 0.54609375 0.13125 0.0828125
0 0.62265625 0.61796875 0.115625 0.1234375
0 0.71953125 0.54375 0.109375 0.1078125
0 0.65703125 0.50546875 0.0921875 0.0984375
0 0.71328125 0.4703125 0.11875 0.084375
0 0.8171875 0.4984375 0.1140625 0.1234375
0 0.57890625 0.42109375 0.1109375 0.096875
0 0.621875 0.2890625 0.1203125 0.078125
0 0.859375 0.30625 0.115625 0.109375
0 0.7953125 0.1984375 0.1421875 0.0984375
0 0.56875 0.13828125 0.1140625 0.10625
0 0.571875 0.05 0.09375 0.1