0 0.4765625 0.178125 0.115625 0.0828125
0 0.15078125 0.60078125 0.11875 0.0796875
0 0.56015625 0.63828125 0.0796875 0.07578125
0 0.89140625 0.4515625 0.1078125 0.09140625
0 0.80625 0.653125 0.1265625 0.08828125
0 0.7359375 0.79765625 0.1171875 0.07734375
0 0.8046875 0.51796875 0.11484375 0.096875
1 0.6640625 0.2390625 0.11171875 0.0765625
1 0.8046875 0.27421875 0.12421875 0.08515625
1 0.715625 0.32734375 0.1015625 0.09296875
1 0.459375 0.3140625 0.11640625 0.07578125
1 0.58046875 0.38125 0.0953125 0.10390625
1 0.45625 0.38125 0.1125 0.08203125
1 0.2109375 0.39921875 0.1234375 0.10078125
1 0.33984375 0.559375 0.11484375 0.084375
1 0.58046875 0.53203125 0.1453125 0.06484375
1 0.728125 0.45078125 0.1171875 0.0625
1 0.7125 0.58125 0.1234375 0.0734375
1 0.55859375 0.75234375 0.09921875 0.08828125
1 0.34921875 0.75 0.11875 0.084375
1 0.4125 0.61171875 0.08984375 0.1125