0 0.4453125 0.11640625 0.10546875 0.05703125
0 0.54296875 0.1578125 0.13359375 0.07109375
0 0.59609375 0.29921875 0.1328125 0.07421875
0 0.38203125 0.31171875 0.115625 0.07265625
0 0.19453125 0.29453125 0.1078125 0.0875
0 0.31015625 0.42578125 0.0859375 0.09453125
0 0.1109375 0.5046875 0.11953125 0.09765625
0 0.3015625 0.51328125 0.13359375 0.06796875
0 0.4578125 0.503125 0.12421875 0.07734375
0 0.61328125 0.44375 0.1296875 0.06953125
0 0.79609375 0.315625 0.075 0.08828125
0 0.87578125 0.52265625 0.125 0.0984375
0 0.38046875 0.5953125 0.071875 0.08046875
0 0.18828125 0.67421875 0.10078125 0.0890625
0 0.47578125 0.69140625 0.125 0.075
0 0.4796875 0.78984375 0.11171875 0.10703125
0 0.67578125 0.80703125 0.103125 0.0859375
0 0.86484375 0.76953125 0.1203125 0.06953125