1 0.5171875 0.82578125 0.15625 0.084375
1 0.76953125 0.66328125 0.1390625 0.0953125
1 0.58125 0.6359375 0.103125 0.0796875
1 0.246875 0.603125 0.1359375 0.0765625
1 0.79296875 0.5734375 0.1328125 0.084375
1 0.65625 0.46484375 0.121875 0.090625
1 0.4171875 0.42109375 0.103125 0.09375
1 0.3140625 0.3921875 0.009375 0.0015625
1 0.309375 0.27109375 0.1125 0.1015625
0 0.4 0.70390625 0.153125 0.08125
0 0.41875 0.5734375 0.1125 0.0828125
1 0.31875 0.50859375 0.1296875 0.0703125
1 0.57890625 0.51953125 0.1015625 0.071875
1 0.87109375 0.4546875 0.1015625 0.075
0 0.75625 0.3625 0.1296875 0.1015625
0 0.5625 0.3375 0.146875 0.0875
1 0.58828125 0.21328125 0.1328125 0.109375