1 0.453125 0.18046875 0.115625 0.0875
1 0.68359375 0.146875 0.11875 0.08125
1 0.809375 0.2984375 0.1046875 0.0921875
1 0.33125 0.284375 0.096875 0.078125
1 0.5359375 0.33125 0.115625 0.078125
1 0.6125 0.2578125 0.0859375 0.1
1 0.7796875 0.38125 0.0953125 0.084375
1 0.77421875 0.490625 0.1109375 0.09375
1 0.63984375 0.44765625 0.103125 0.0875
1 0.43984375 0.41796875 0.084375 0.084375
1 0.21328125 0.36171875 0.090625 0.090625
0 0.35 0.35859375 0.109375 0.0859375
1 0.23125 0.49375 0.090625 0.0828125
1 0.2375 0.5546875 0.1234375 0.075
1 0.43515625 0.5390625 0.0875 0.0765625
0 0.36171875 0.61953125 0.1078125 0.0734375
0 0.503125 0.56484375 0.08125 0.0859375
1 0.71171875 0.57265625 0.1 0.075
1 0.7515625 0.73828125 0.0984375 0.071875
1 0.7765625 0.89765625 0.0921875 0.0671875
1 0.6671875 0.68046875 0.109375 0.084375
0 0.65546875 0.60078125 0.1109375 0.08125
0 0.57578125 0.65390625 0.125 0.0921875
0 0.72578125 0.85546875 0.0828125 0.0828125
1 0.37265625 0.76953125 0.0984375 0.0921875
1 0.4125 0.8734375 0.1203125 0.0765625
1 0.13984375 0.71953125 0.109375 0.0953125