0 0.2109375 0.2515625 0.07890625 0.0921875
0 0.27890625 0.44296875 0.115625 0.0796875
0 0.490625 0.3859375 0.08203125 0.11015625
0 0.62890625 0.32734375 0.08359375 0.08671875
0 0.66640625 0.45390625 0.11484375 0.08046875
0 0.8078125 0.44921875 0.11171875 0.06328125
0 0.85703125 0.56796875 0.09453125 0.0671875
0 0.5734375 0.5703125 0.11328125 0.096875
0 0.421875 0.5109375 0.121875 0.06640625
0 0.153125 0.59375 0.14140625 0.06328125
0 0.2796875 0.6359375 0.11875 0.07890625
0 0.453125 0.628125 0.1140625 0.075
1 0.54765625 0.68828125 0.1234375 0.07109375
0 0.7625 0.6765625 0.1015625 0.0765625
0 0.86484375 0.72109375 0.12109375 0.0796875
0 0.42890625 0.74921875 0.10078125 0.096875
0 0.39765625 0.8609375 0.10234375 0.09296875
0 0.51484375 0.74375 0.1078125 0.08203125
0 0.628125 0.77109375 0.11484375 0.084375
0 0.75859375 0.828125 0.096875 0.1046875