1 0.55234375 0.86796875 0.1203125 0.071875
1 0.4015625 0.875 0.1234375 0.115625
1 0.33671875 0.77421875 0.1265625 0.103125
1 0.22890625 0.68984375 0.134375 0.084375
1 0.175 0.58203125 0.1296875 0.090625
1 0.36640625 0.5953125 0.1375 0.08125
1 0.63203125 0.65 0.1203125 0.071875
0 0.6609375 0.578125 0.1234375 0.0890625
0 0.85390625 0.44296875 0.1140625 0.0734375
1 0.55 0.56171875 0.1140625 0.0921875
1 0.2484375 0.46796875 0.1328125 0.0796875
1 0.221875 0.359375 0.121875 0.0984375
1 0.2328125 0.2015625 0.0984375 0.1015625
0 0.26796875 0.26328125 0.128125 0.0796875
1 0.43046875 0.35859375 0.115625 0.115625
0 0.48828125 0.4609375 0.1046875 0.084375
0 0.66875 0.3515625 0.1265625 0.0875
1 0.5578125 0.296875 0.1171875 0.096875