1 0.70078125 0.32734375 0.0953125 0.0984375
1 0.7703125 0.46484375 0.0921875 0.0953125
1 0.46640625 0.428125 0.1109375 0.0984375
1 0.31796875 0.4828125 0.1296875 0.096875
1 0.40234375 0.55703125 0.1328125 0.096875
1 0.14453125 0.58515625 0.1140625 0.1046875
1 0.4265625 0.796875 0.1046875 0.10625
1 0.70703125 0.66796875 0.1046875 0.08125
1 0.47109375 0.32890625 0.1265625 0.1
0 0.57734375 0.225 0.10625 0.1015625
0 0.328125 0.2828125 0.1234375 0.1265625
0 0.62109375 0.39453125 0.10625 0.109375
1 0.675 0.54296875 0.1359375 0.10625
0 0.51796875 0.5578125 0.128125 0.0859375
1 0.5921875 0.621875 0.11875 0.0859375
0 0.5375 0.715625 0.1265625 0.0890625
0 0.3328125 0.65 0.115625 0.0828125
0 0.2390625 0.434375 0.103125 0.103125