1 0.46484375 0.2390625 0.15625 0.1140625
1 0.8484375 0.4546875 0.134375 0.15
1 0.42890625 0.5296875 0.1359375 0.134375
0 0.44296875 0.4140625 0.1328125 0.13125
1 0.2296875 0.42109375 0.1390625 0.1078125
0 0.60546875 0.5125 0.1359375 0.1359375
0 0.46328125 0.6609375 0.1375 0.134375
0 0.63828125 0.8796875 0.1953125 0.1359375
1 0.58203125 0.78671875 0.1625 0.128125
0 0.159375 0.725 0.178125 0.1296875
1 0.2140625 0.57578125 0.175 0.13125
1 0.30546875 0.26875 0.175 0.1453125
1 0.646875 0.20859375 0.165625 0.11875
1 0.815625 0.2765625 0.1515625 0.159375