0 0.6859375 0.18671875 0.13046875 0.08984375
0 0.40390625 0.22265625 0.11875 0.07734375
0 0.215625 0.3875 0.1640625 0.0890625
0 0.3640625 0.35 0.12109375 0.06171875
0 0.5109375 0.33203125 0.115625 0.08671875
0 0.70703125 0.32265625 0.1296875 0.0765625
0 0.71796875 0.434375 0.0828125 0.09921875
0 0.81953125 0.42265625 0.10546875 0.08984375
0 0.88828125 0.50625 0.08671875 0.0953125
0 0.4625 0.41796875 0.10234375 0.090625
0 0.6 0.5390625 0.09921875 0.11015625
0 0.4125 0.53125 0.13203125 0.08359375
0 0.18359375 0.58203125 0.103125 0.10234375
0 0.41640625 0.63984375 0.1140625 0.06953125
0 0.16796875 0.7546875 0.13203125 0.07578125
0 0.184375 0.81328125 0.12890625 0.08671875
0 0.46484375 0.7609375 0.08671875 0.09140625
0 0.3921875 0.8625 0.09296875 0.09140625
0 0.64609375 0.69453125 0.1234375 0.0921875
0 0.72734375 0.66171875 0.1015625 0.0921875