0 0.68125 0.13828125 0.134375 0.0671875
0 0.3671875 0.13828125 0.1046875 0.065625
0 0.37109375 0.68203125 0.1015625 0.0671875
0 0.2125 0.72421875 0.0828125 0.078125
0 0.47578125 0.61640625 0.084375 0.078125
0 0.50859375 0.44921875 0.1 0.0734375
0 0.75859375 0.36640625 0.1109375 0.0765625
1 0.67890625 0.24609375 0.090625 0.0859375
1 0.57265625 0.31484375 0.0859375 0.090625
1 0.278125 0.28359375 0.0765625 0.0765625
1 0.45234375 0.34609375 0.090625 0.06875
1 0.3890625 0.421875 0.0859375 0.0859375
1 0.64140625 0.43046875 0.0921875 0.084375
1 0.77265625 0.56484375 0.0875 0.0796875
1 0.64140625 0.56328125 0.0859375 0.0828125
1 0.3828125 0.525 0.078125 0.090625
1 0.23984375 0.62734375 0.090625 0.0578125
1 0.3671875 0.79453125 0.08125 0.0734375
1 0.47109375 0.85390625 0.090625 0.0890625
1 0.7375 0.83671875 0.1078125 0.0625
1 0.60078125 0.765625 0.0890625 0.075
1 0.60859375 0.6859375 0.0765625 0.0796875