1 0.59296875 0.1046875 0.10625 0.109375
1 0.6671875 0.23515625 0.1296875 0.078125
1 0.33828125 0.17421875 0.10625 0.109375
1 0.6390625 0.43203125 0.10625 0.0921875
1 0.37578125 0.378125 0.1015625 0.0890625
1 0.4453125 0.4765625 0.121875 0.078125
1 0.32109375 0.4671875 0.1234375 0.09375
1 0.35390625 0.56328125 0.090625 0.090625
1 0.3703125 0.7 0.1125 0.1
1 0.815625 0.6640625 0.1234375 0.1109375
1 0.48046875 0.36796875 0.1140625 0.0796875
0 0.74375 0.375 0.121875 0.0984375
0 0.7859375 0.50546875 0.1 0.0984375
0 0.51015625 0.53125 0.140625 0.0765625
0 0.5296875 0.60625 0.1390625 0.0828125
0 0.5171875 0.6734375 0.11875 0.0703125