1 0.71484375 0.82421875 0.0984375 0.1140625
1 0.64765625 0.74921875 0.1265625 0.1015625
1 0.50703125 0.78515625 0.1390625 0.103125
1 0.35546875 0.81796875 0.1171875 0.1
1 0.403125 0.7265625 0.11875 0.096875
1 0.31640625 0.63515625 0.1125 0.1046875
1 0.1734375 0.615625 0.13125 0.09375
1 0.4546875 0.61484375 0.1140625 0.1140625
1 0.68046875 0.521875 0.1265625 0.090625
1 0.81640625 0.37734375 0.128125 0.0890625
1 0.58515625 0.35390625 0.1125 0.103125
1 0.52890625 0.1328125 0.115625 0.1
1 0.16875 0.4328125 0.1203125 0.0984375
0 0.26484375 0.73828125 0.1234375 0.090625
0 0.7171875 0.68671875 0.1234375 0.090625
1 0.65546875 0.59375 0.109375 0.0984375
1 0.5515625 0.48125 0.115625 0.1046875
0 0.45390625 0.509375 0.1140625 0.0953125
0 0.3203125 0.425 0.0984375 0.1015625
0 0.41953125 0.26953125 0.121875 0.103125
0 0.6421875 0.29296875 0.1265625 0.090625