1 0.24765625 0.21328125 0.1125 0.09140625
1 0.540625 0.1953125 0.125 0.07109375
1 0.3640625 0.296875 0.12578125 0.07109375
1 0.57890625 0.346875 0.1390625 0.065625
1 0.33671875 0.41875 0.0859375 0.08125
1 0.30234375 0.52265625 0.1109375 0.0578125
1 0.14921875 0.51640625 0.1109375 0.08203125
1 0.25546875 0.671875 0.103125 0.08125
1 0.20390625 0.80625 0.12421875 0.075
1 0.45546875 0.71640625 0.11640625 0.0703125
1 0.54453125 0.77109375 0.08515625 0.0671875
1 0.68046875 0.69140625 0.09296875 0.06953125
1 0.71796875 0.4984375 0.09921875 0.08359375
0 0.678125 0.171875 0.08203125 0.09453125
1 0.7140625 0.38046875 0.096875 0.0796875
0 0.5765625 0.45 0.11875 0.07421875
0 0.49765625 0.53671875 0.09765625 0.08046875