1 0.15703125 0.85234375 0.0859375 0.0890625
1 0.30234375 0.728125 0.096875 0.1
1 0.496875 0.77265625 0.1109375 0.1078125
1 0.54375 0.86328125 0.1171875 0.1046875
1 0.6546875 0.890625 0.096875 0.09375
1 0.17109375 0.590625 0.09375 0.0859375
1 0.3046875 0.60625 0.1171875 0.1046875
1 0.6328125 0.6890625 0.1140625 0.0890625
1 0.83046875 0.69453125 0.125 0.0875
1 0.66875 0.6046875 0.125 0.084375
1 0.83046875 0.56875 0.1140625 0.0890625
1 0.63203125 0.49140625 0.1109375 0.0828125
1 0.50078125 0.50703125 0.1 0.090625
1 0.80546875 0.34453125 0.109375 0.08125
1 0.80234375 0.25078125 0.1171875 0.103125
1 0.5390625 0.2484375 0.096875 0.0796875
1 0.51796875 0.37265625 0.0984375 0.0984375
1 0.32578125 0.28359375 0.1234375 0.0796875
1 0.10546875 0.42890625 0.1265625 0.0828125
0 0.32890625 0.4859375 0.128125 0.0890625
0 0.38125 0.4125 0.1203125 0.0875
0 0.2765625 0.346875 0.121875 0.0828125
0 0.734375 0.42421875 0.1 0.1
0 0.90546875 0.453125 0.109375 0.078125
0 0.48125 0.6140625 0.0953125 0.09375
0 0.3171875 0.08046875 0.1234375 0.10625