0 0.1953125 0.19765625 0.11484375 0.0875
0 0.33359375 0.1921875 0.0984375 0.0984375
0 0.45859375 0.1953125 0.0953125 0.09609375
0 0.265625 0.33359375 0.109375 0.0890625
0 0.35234375 0.30703125 0.0890625 0.08359375
0 0.1234375 0.39453125 0.11640625 0.08515625
0 0.5453125 0.33671875 0.109375 0.0921875
0 0.15703125 0.515625 0.1 0.103125
0 0.3234375 0.42890625 0.14375 0.07109375
0 0.39296875 0.47578125 0.13046875 0.08046875
0 0.40234375 0.54609375 0.14453125 0.07421875
0 0.44375 0.60234375 0.1265625 0.0828125
0 0.43984375 0.7125 0.11875 0.08984375
0 0.60234375 0.82734375 0.12109375 0.0703125
0 0.70234375 0.715625 0.10390625 0.078125
0 0.81171875 0.59296875 0.096875 0.1
0 0.59296875 0.51875 0.1203125 0.07578125
0 0.76640625 0.440625 0.11953125 0.0703125
0 0.61953125 0.43359375 0.12421875 0.10859375
0 0.17421875 0.70703125 0.14609375 0.0828125