0 0.50625 0.69921875 0.1484375 0.1015625
0 0.7734375 0.71171875 0.1203125 0.078125
0 0.79453125 0.59375 0.1234375 0.1140625
0 0.84453125 0.5453125 0.11875 0.109375
0 0.74140625 0.428125 0.125 0.1
0 0.809375 0.36171875 0.115625 0.103125
0 0.5828125 0.3390625 0.1328125 0.0984375
0 0.60078125 0.5578125 0.1421875 0.0875
0 0.603125 0.50078125 0.109375 0.0890625
0 0.44140625 0.5125 0.1390625 0.0890625
0 0.37734375 0.59453125 0.1109375 0.1125
0 0.42421875 0.3140625 0.14375 0.0875
0 0.3703125 0.390625 0.146875 0.096875
0 0.30390625 0.35078125 0.13125 0.0859375
0 0.19140625 0.39140625 0.10625 0.1015625
0 0.6078125 0.17890625 0.15625 0.103125