0 0.4484375 0.23515625 0.1046875 0.07578125
0 0.096875 0.26484375 0.08984375 0.06171875
0 0.08515625 0.32734375 0.0859375 0.06328125
0 0.3046875 0.3125 0.10625 0.0625
0 0.18671875 0.37109375 0.0890625 0.09140625
0 0.246875 0.49453125 0.096875 0.065625
0 0.45625 0.35625 0.084375 0.0890625
0 0.56328125 0.36640625 0.1109375 0.0671875
0 0.66328125 0.31015625 0.109375 0.05703125
0 0.828125 0.3609375 0.0875 0.075
0 0.41015625 0.5015625 0.0703125 0.07578125
0 0.5390625 0.4890625 0.115625 0.065625
0 0.334375 0.67421875 0.10703125 0.0671875
0 0.371875 0.725 0.1015625 0.0703125
0 0.425 0.8015625 0.084375 0.071875
0 0.5828125 0.75703125 0.0875 0.0625
0 0.6203125 0.6265625 0.0875 0.07578125
0 0.70078125 0.69375 0.05703125 0.06640625
0 0.73203125 0.821875 0.10234375 0.05625
0 0.91796875 0.671875 0.075 0.07890625
0 0.821875 0.5859375 0.084375 0.07578125