0 0.40234375 0.6828125 0.11875 0.0734375
0 0.62109375 0.7765625 0.1 0.071875
0 0.86171875 0.64453125 0.134375 0.071875
0 0.6015625 0.57421875 0.1265625 0.06875
0 0.35859375 0.5453125 0.09375 0.084375
0 0.16484375 0.46484375 0.09375 0.08125
0 0.1640625 0.32421875 0.096875 0.09375
0 0.35625 0.3453125 0.103125 0.0859375
0 0.51328125 0.403125 0.121875 0.0640625
0 0.83828125 0.39375 0.13125 0.0640625
0 0.35234375 0.13359375 0.0984375 0.109375
0 0.64609375 0.16640625 0.109375 0.084375
0 0.8640625 0.1875 0.13125 0.0765625
1 0.13671875 0.61640625 0.13125 0.0875
1 0.2609375 0.75859375 0.0875 0.09375
1 0.69296875 0.70703125 0.115625 0.09375
1 0.778125 0.50546875 0.121875 0.0703125
1 0.61640625 0.32421875 0.1109375 0.071875