1 0.68671875 0.73046875 0.1453125 0.11875
1 0.628125 0.7984375 0.171875 0.11875
1 0.48984375 0.84921875 0.1484375 0.10625
1 0.32578125 0.7984375 0.140625 0.115625
1 0.1796875 0.6140625 0.10625 0.1140625
1 0.3421875 0.6015625 0.121875 0.13125
0 0.496875 0.625 0.115625 0.1234375
1 0.5921875 0.6234375 0.1234375 0.1265625
1 0.7796875 0.578125 0.1546875 0.128125
1 0.77890625 0.46875 0.1875 0.134375
1 0.734375 0.24921875 0.165625 0.115625
1 0.5703125 0.30390625 0.14375 0.128125
1 0.3625 0.3984375 0.1609375 0.115625
1 0.31640625 0.278125 0.153125 0.11875
1 0.11953125 0.36640625 0.1421875 0.1046875