0 0.30078125 0.27421875 0.1203125 0.0765625
0 0.5015625 0.290625 0.1109375 0.09375
0 0.61875 0.37421875 0.1359375 0.071875
0 0.69921875 0.4359375 0.1203125 0.0890625
0 0.16875 0.346875 0.1328125 0.1203125
0 0.290625 0.484375 0.1109375 0.0921875
0 0.19140625 0.5109375 0.0984375 0.0859375
0 0.41875 0.49140625 0.13125 0.090625
0 0.50078125 0.4625 0.13125 0.078125
0 0.66640625 0.54453125 0.09375 0.1046875
0 0.8234375 0.6171875 0.0984375 0.0984375
0 0.634375 0.65546875 0.103125 0.0703125
0 0.47734375 0.584375 0.125 0.08125
0 0.3296875 0.62578125 0.109375 0.0875
0 0.17109375 0.65859375 0.1109375 0.0953125
0 0.2546875 0.775 0.090625 0.0984375
0 0.390625 0.72890625 0.1234375 0.10625
0 0.596875 0.7578125 0.13125 0.0765625
0 0.6671875 0.82578125 0.1015625 0.0765625