1 0.63046875 0.1921875 0.096875 0.109375
1 0.77109375 0.3140625 0.125 0.09375
1 0.5265625 0.3125 0.084375 0.09375
1 0.37109375 0.28828125 0.103125 0.0984375
1 0.20625 0.2796875 0.10625 0.1078125
1 0.51015625 0.50390625 0.109375 0.096875
1 0.6359375 0.475 0.115625 0.1
1 0.82421875 0.55859375 0.1078125 0.0859375
1 0.74140625 0.59609375 0.1171875 0.1
1 0.7203125 0.6734375 0.1359375 0.08125
1 0.60625 0.64296875 0.1078125 0.084375
1 0.39140625 0.79375 0.1296875 0.0765625
1 0.51171875 0.68828125 0.1265625 0.0734375
1 0.41875 0.60078125 0.128125 0.0875
1 0.16640625 0.51953125 0.10625 0.0984375
0 0.5453125 0.4 0.09375 0.0890625
0 0.27890625 0.4484375 0.128125 0.090625
0 0.2765625 0.63046875 0.096875 0.0921875