1 0.13203125 0.6875 0.084375 0.084375
1 0.48671875 0.77421875 0.128125 0.0625
1 0.6765625 0.76953125 0.103125 0.084375
1 0.3890625 0.709375 0.11875 0.06875
1 0.62109375 0.63671875 0.0859375 0.08125
1 0.27890625 0.5265625 0.103125 0.0875
1 0.3109375 0.38671875 0.0828125 0.0734375
1 0.1265625 0.228125 0.0875 0.0875
1 0.459375 0.4546875 0.10625 0.065625
1 0.78203125 0.528125 0.0890625 0.090625
1 0.57578125 0.48671875 0.1015625 0.071875
1 0.71875 0.11796875 0.1328125 0.0671875
0 0.4734375 0.58359375 0.090625 0.084375
0 0.88828125 0.55546875 0.078125 0.0640625
0 0.70546875 0.42734375 0.103125 0.0765625
0 0.59921875 0.41015625 0.103125 0.0703125