0 0.2203125 0.1984375 0.125 0.07578125
0 0.42109375 0.21328125 0.11875 0.08046875
0 0.56171875 0.2484375 0.09921875 0.09375
0 0.6796875 0.38359375 0.11875 0.07265625
0 0.76015625 0.42421875 0.09765625 0.10390625
0 0.25390625 0.34296875 0.09140625 0.09921875
0 0.36328125 0.325 0.08984375 0.09140625
0 0.275 0.446875 0.096875 0.090625
0 0.3734375 0.434375 0.115625 0.09765625
0 0.4640625 0.52109375 0.0953125 0.10078125
0 0.6515625 0.54296875 0.1 0.10390625
0 0.11875 0.559375 0.1359375 0.06953125
0 0.1421875 0.675 0.1484375 0.08359375
0 0.4109375 0.64140625 0.1234375 0.084375
0 0.31953125 0.74453125 0.11484375 0.08359375
0 0.371875 0.80078125 0.128125 0.0765625
0 0.528125 0.74921875 0.15 0.06640625
0 0.68671875 0.68671875 0.11328125 0.08125
0 0.859375 0.6578125 0.09921875 0.0859375