1 0.3 0.209375 0.07109375 0.0734375
1 0.4328125 0.2015625 0.09921875 0.090625
1 0.45390625 0.34375 0.10859375 0.06328125
1 0.71015625 0.31171875 0.10625 0.08203125
1 0.5578125 0.28125 0.09921875 0.06171875
1 0.17890625 0.38671875 0.103125 0.075
1 0.12421875 0.48515625 0.103125 0.0625
1 0.3421875 0.49140625 0.10859375 0.05546875
1 0.84921875 0.48125 0.10625 0.06171875
1 0.78203125 0.57890625 0.121875 0.05390625
1 0.5828125 0.5625 0.11640625 0.06171875
1 0.53359375 0.615625 0.08671875 0.0734375
1 0.2859375 0.65625 0.1265625 0.05703125
1 0.73046875 0.80234375 0.09296875 0.07890625
1 0.47578125 0.7609375 0.084375 0.0671875
1 0.24609375 0.71796875 0.1140625 0.0515625
1 0.87265625 0.66171875 0.08203125 0.07109375
1 0.49296875 0.4265625 0.0953125 0.06796875
0 0.62578125 0.40625 0.06875 0.07578125
0 0.72265625 0.1875 0.09609375 0.084375