0 0.4359375 0.1875 0.1109375 0.0578125
0 0.36015625 0.290625 0.10625 0.06171875
0 0.1890625 0.5421875 0.09921875 0.0921875
0 0.8546875 0.5546875 0.10078125 0.0671875
0 0.43203125 0.50625 0.09296875 0.06484375
1 0.6734375 0.2640625 0.1203125 0.06328125
1 0.59609375 0.334375 0.1046875 0.05859375
1 0.75390625 0.3796875 0.0859375 0.0828125
0 0.6765625 0.50234375 0.09609375 0.0765625
1 0.48203125 0.45234375 0.0984375 0.071875
1 0.38125 0.428125 0.10625 0.0609375
1 0.50390625 0.521875 0.096875 0.06796875
1 0.50234375 0.58359375 0.1125 0.059375
1 0.39609375 0.59453125 0.096875 0.0734375
1 0.27265625 0.55859375 0.08046875 0.071875
1 0.23359375 0.6421875 0.12265625 0.06171875
1 0.48125 0.66953125 0.11328125 0.07421875
1 0.56484375 0.73125 0.11015625 0.0703125