1 0.40234375 0.24453125 0.13359375 0.096875
1 0.559375 0.21015625 0.10078125 0.1109375
1 0.70390625 0.1421875 0.10078125 0.1109375
1 0.30703125 0.390625 0.14140625 0.084375
1 0.11875 0.47578125 0.0953125 0.09375
1 0.27421875 0.52421875 0.11015625 0.07734375
1 0.1890625 0.60703125 0.13046875 0.06640625
1 0.31484375 0.6265625 0.11171875 0.09453125
1 0.47578125 0.48828125 0.11171875 0.10390625
1 0.75078125 0.37265625 0.096875 0.08984375
1 0.771875 0.7375 0.11484375 0.0765625
1 0.64609375 0.68046875 0.11328125 0.10625
0 0.31328125 0.30625 0.128125 0.0890625
0 0.46171875 0.3953125 0.1265625 0.08828125
0 0.65390625 0.36328125 0.1 0.08828125
1 0.67734375 0.4609375 0.10390625 0.1
1 0.821875 0.553125 0.125 0.0671875
0 0.53125 0.66015625 0.1046875 0.06640625
0 0.57578125 0.7265625 0.11796875 0.0671875