1 0.3125 0.7484375 0.1109375 0.0875
1 0.51875 0.73125 0.125 0.0890625
1 0.6796875 0.78359375 0.121875 0.0953125
1 0.190625 0.59375 0.1359375 0.078125
0 0.34140625 0.6203125 0.13125 0.090625
1 0.75 0.62265625 0.1265625 0.090625
1 0.54140625 0.43671875 0.1453125 0.0828125
1 0.21640625 0.46171875 0.1109375 0.0859375
1 0.2640625 0.39765625 0.140625 0.0671875
1 0.70703125 0.31171875 0.1078125 0.096875
1 0.35078125 0.32109375 0.1328125 0.0703125
0 0.61640625 0.61171875 0.13125 0.078125
0 0.6609375 0.49453125 0.0890625 0.1109375
0 0.6234375 0.36015625 0.0984375 0.078125
0 0.57890625 0.2671875 0.1109375 0.0734375
0 0.34609375 0.2140625 0.1078125 0.1046875
0 0.434375 0.53984375 0.1421875 0.0890625