0 0.296875 0.68828125 0.1171875 0.0625
0 0.609375 0.78671875 0.125 0.0625
0 0.78515625 0.72578125 0.084375 0.0875
0 0.61171875 0.68984375 0.08125 0.0703125
0 0.73515625 0.603125 0.109375 0.075
0 0.628125 0.57109375 0.090625 0.0875
0 0.44609375 0.6046875 0.1109375 0.05625
0 0.3046875 0.54765625 0.0796875 0.0671875
0 0.3828125 0.5375 0.09375 0.06875
0 0.5890625 0.490625 0.090625 0.065625
0 0.56875 0.4296875 0.11875 0.059375
0 0.89296875 0.41875 0.11875 0.0578125
0 0.71484375 0.36796875 0.090625 0.0640625
1 0.64375 0.37890625 0.0953125 0.078125
0 0.61796875 0.3078125 0.115625 0.06875
0 0.5921875 0.1875 0.0890625 0.084375
0 0.390625 0.3953125 0.078125 0.0890625
0 0.1953125 0.42109375 0.0953125 0.0703125
0 0.2875 0.36875 0.1015625 0.0546875
0 0.10390625 0.365625 0.0625 0.06875
0 0.21796875 0.31015625 0.10625 0.075
0 0.41171875 0.29296875 0.103125 0.078125
0 0.3515625 0.1390625 0.0875 0.0875