0 0.40859375 0.80546875 0.115625 0.0671875
0 0.3421875 0.69609375 0.1109375 0.0703125
0 0.19375 0.43125 0.10625 0.1
0 0.8578125 0.4765625 0.10625 0.075
0 0.4328125 0.4875 0.0984375 0.0734375
1 0.65234375 0.75 0.125 0.0734375
1 0.58125 0.6734375 0.109375 0.0671875
1 0.7421875 0.6421875 0.0921875 0.090625
0 0.67578125 0.51328125 0.103125 0.084375
1 0.478125 0.54609375 0.1046875 0.0796875
1 0.37578125 0.5609375 0.1109375 0.0703125
1 0.50546875 0.47890625 0.103125 0.0765625
1 0.509375 0.4171875 0.1171875 0.06875
1 0.4046875 0.396875 0.103125 0.08125
1 0.27890625 0.421875 0.0859375 0.078125
1 0.246875 0.33515625 0.128125 0.071875
1 0.49609375 0.3296875 0.11875 0.084375
1 0.584375 0.275 0.115625 0.0796875