0 0.2734375 0.1625 0.090625 0.09375
0 0.1859375 0.2609375 0.1015625 0.0921875
1 0.2703125 0.38203125 0.1078125 0.0921875
0 0.4515625 0.30625 0.1078125 0.1
0 0.6109375 0.3203125 0.103125 0.115625
0 0.74296875 0.425 0.1140625 0.0828125
0 0.409375 0.3828125 0.1140625 0.075
0 0.5125 0.46171875 0.1203125 0.0796875
0 0.65234375 0.4796875 0.1 0.0828125
0 0.5671875 0.54609375 0.0796875 0.1
0 0.3921875 0.50703125 0.1125 0.078125
0 0.22890625 0.51171875 0.1375 0.078125
0 0.06328125 0.4671875 0.1 0.090625
1 0.29609375 0.6078125 0.11875 0.0796875
0 0.40546875 0.6203125 0.1171875 0.1
0 0.234375 0.7453125 0.1140625 0.090625
0 0.5859375 0.63828125 0.125 0.06875
0 0.75703125 0.5875 0.103125 0.0984375
0 0.69765625 0.63828125 0.08125 0.0828125
0 0.85 0.70625 0.1078125 0.0796875
0 0.79453125 0.828125 0.090625 0.0953125
0 0.71640625 0.78515625 0.1015625 0.0859375
0 0.60234375 0.7 0.13125 0.06875
0 0.45703125 0.74296875 0.0859375 0.1046875
0 0.53828125 0.74375 0.11875 0.090625
0 0.38515625 0.8640625 0.1265625 0.0796875
0 0.6109375 0.8765625 0.0921875 0.0859375