0 0.428125 0.74296875 0.1078125 0.084375
0 0.36328125 0.60625 0.0890625 0.09375
0 0.1984375 0.584375 0.0921875 0.1109375
0 0.1359375 0.44140625 0.121875 0.0953125
0 0.33359375 0.5078125 0.0921875 0.0953125
0 0.4421875 0.53671875 0.0921875 0.0890625
0 0.31171875 0.39296875 0.1265625 0.1
0 0.446875 0.38125 0.10625 0.1015625
0 0.6109375 0.496875 0.1015625 0.10625
0 0.67421875 0.603125 0.109375 0.0828125
0 0.646875 0.70078125 0.1078125 0.0984375
0 0.74453125 0.5015625 0.1171875 0.08125
0 0.8921875 0.5515625 0.1078125 0.09375
0 0.571875 0.3890625 0.10625 0.096875
0 0.66015625 0.30625 0.115625 0.0765625
0 0.4125 0.28203125 0.1109375 0.0984375
0 0.5109375 0.19296875 0.09375 0.1109375
0 0.6546875 0.153125 0.1125 0.090625
0 0.7625 0.25546875 0.109375 0.084375
0 0.86796875 0.3703125 0.10625 0.0890625
0 0.86015625 0.771875 0.1265625 0.0859375