1 0.4265625 0.16640625 0.121875 0.09375
1 0.771875 0.190625 0.1265625 0.09375
1 0.7609375 0.32265625 0.1265625 0.0984375
1 0.18046875 0.5296875 0.11875 0.10625
1 0.4125 0.7125 0.140625 0.10625
1 0.3734375 0.86796875 0.1125 0.0875
1 0.5984375 0.78515625 0.1421875 0.0875
1 0.58671875 0.71640625 0.103125 0.0984375
1 0.89375 0.4640625 0.1171875 0.1078125
0 0.7703125 0.534375 0.1046875 0.1140625
0 0.6515625 0.50859375 0.1171875 0.1
0 0.59453125 0.41015625 0.128125 0.0859375
1 0.5515625 0.2734375 0.1171875 0.1171875
0 0.3859375 0.3046875 0.1140625 0.1015625
0 0.24765625 0.34296875 0.1171875 0.1171875
0 0.12109375 0.403125 0.1 0.10625
0 0.46640625 0.415625 0.134375 0.1046875
1 0.478125 0.54921875 0.1171875 0.0890625
1 0.32578125 0.5484375 0.1078125 0.0734375
0 0.22890625 0.72421875 0.096875 0.0890625