0 0.49453125 0.86875 0.096875 0.1109375
0 0.321875 0.78203125 0.1234375 0.103125
0 0.35234375 0.65546875 0.1078125 0.1
0 0.53515625 0.63671875 0.1546875 0.0890625
0 0.68515625 0.71953125 0.0921875 0.0953125
0 0.73828125 0.61640625 0.1125 0.109375
0 0.82890625 0.49921875 0.1375 0.090625
0 0.7296875 0.36796875 0.14375 0.1015625
0 0.55078125 0.5296875 0.1203125 0.1046875
0 0.48828125 0.4625 0.146875 0.09375
0 0.28203125 0.56015625 0.1328125 0.096875
0 0.36484375 0.4109375 0.1078125 0.1
0 0.525 0.33046875 0.159375 0.0859375
0 0.6609375 0.19609375 0.090625 0.1046875
0 0.415625 0.20390625 0.1234375 0.115625
0 0.128125 0.42421875 0.1046875 0.121875
0 0.15078125 0.2328125 0.1578125 0.1046875