1 0.534375 0.86171875 0.096875 0.1
1 0.59140625 0.765625 0.1234375 0.0703125
1 0.4625 0.8 0.11875 0.0734375
1 0.20703125 0.83125 0.1234375 0.0765625
1 0.31875 0.70234375 0.1265625 0.090625
1 0.6921875 0.575 0.115625 0.071875
1 0.8921875 0.5609375 0.1140625 0.10625
1 0.32109375 0.36875 0.1140625 0.075
1 0.1421875 0.50234375 0.115625 0.0734375
1 0.45546875 0.284375 0.1140625 0.084375
1 0.509375 0.11484375 0.1140625 0.09375
1 0.80234375 0.30078125 0.090625 0.08125
0 0.6734375 0.4359375 0.121875 0.071875
0 0.77890625 0.74375 0.109375 0.096875
0 0.5 0.63984375 0.121875 0.0734375
0 0.38203125 0.6015625 0.0828125 0.103125
0 0.5890625 0.540625 0.10625 0.0765625
0 0.4578125 0.48046875 0.1109375 0.0890625
0 0.54296875 0.35390625 0.0828125 0.090625