0 0.534375 0.12578125 0.1375 0.103125
0 0.24609375 0.2453125 0.1296875 0.103125
0 0.18515625 0.4171875 0.1359375 0.121875
0 0.421875 0.40625 0.10625 0.1
0 0.31171875 0.53828125 0.1125 0.10625
0 0.58828125 0.5375 0.1328125 0.0828125
0 0.80234375 0.35234375 0.13125 0.0984375
0 0.903125 0.55703125 0.1015625 0.109375
0 0.4875 0.69765625 0.1140625 0.1015625
0 0.234375 0.721875 0.1453125 0.096875
0 0.40625 0.8671875 0.1125 0.1171875
0 0.63359375 0.796875 0.103125 0.109375
1 0.7390625 0.1515625 0.128125 0.1171875
1 0.603125 0.30703125 0.1234375 0.1015625
1 0.6421875 0.41796875 0.1421875 0.109375
1 0.70859375 0.634375 0.109375 0.1046875
1 0.17109375 0.58671875 0.1171875 0.09375