0 0.44296875 0.2109375 0.12265625 0.07421875
0 0.12734375 0.3203125 0.13828125 0.07421875
0 0.225 0.459375 0.125 0.078125
0 0.43046875 0.46171875 0.128125 0.0875
0 0.49375 0.58046875 0.1 0.0921875
0 0.67109375 0.65859375 0.0953125 0.090625
0 0.7203125 0.52734375 0.0890625 0.09765625
0 0.65390625 0.38125 0.0921875 0.10234375
0 0.7265625 0.22265625 0.11953125 0.08046875
0 0.8609375 0.61875 0.13515625 0.0703125
0 0.5546875 0.8359375 0.12109375 0.0671875
0 0.29921875 0.76875 0.115625 0.0890625
1 0.275 0.203125 0.10078125 0.10546875
1 0.85078125 0.3625 0.09609375 0.09375
1 0.41328125 0.3640625 0.1453125 0.07734375
1 0.246875 0.5578125 0.128125 0.078125