0 0.44609375 0.871875 0.134375 0.096875
0 0.740625 0.76796875 0.125 0.096875
0 0.809375 0.59921875 0.13125 0.115625
0 0.5734375 0.59765625 0.103125 0.0953125
0 0.690625 0.47109375 0.1078125 0.1015625
0 0.4140625 0.4578125 0.13125 0.0765625
0 0.18984375 0.63125 0.128125 0.09375
0 0.10078125 0.421875 0.096875 0.10625
0 0.52265625 0.30390625 0.1109375 0.096875
0 0.7765625 0.29296875 0.1421875 0.090625
0 0.6125 0.13828125 0.1078125 0.1140625
0 0.3828125 0.196875 0.0984375 0.1046875
1 0.24296875 0.8359375 0.1234375 0.1109375
1 0.38671875 0.68671875 0.11875 0.096875
1 0.35390625 0.57421875 0.1390625 0.103125
1 0.2984375 0.3546875 0.1046875 0.1
1 0.8328125 0.43046875 0.1140625 0.0890625