1 0.26015625 0.146875 0.14375 0.1203125
1 0.43515625 0.2359375 0.1296875 0.1109375
1 0.62265625 0.20078125 0.15 0.0984375
1 0.30859375 0.34453125 0.134375 0.0921875
1 0.175 0.3796875 0.1234375 0.1109375
1 0.13359375 0.54453125 0.1265625 0.11875
1 0.7625 0.3328125 0.1703125 0.1015625
1 0.7390625 0.5609375 0.1140625 0.121875
1 0.6390625 0.540625 0.121875 0.1140625
1 0.8765625 0.5859375 0.1390625 0.1125
1 0.7421875 0.72578125 0.1390625 0.0953125
1 0.43125 0.82890625 0.125 0.0921875
1 0.19375 0.6046875 0.1421875 0.10625
1 0.3359375 0.4328125 0.146875 0.1109375
1 0.37578125 0.50859375 0.1125 0.1109375
1 0.34140625 0.61875 0.13125 0.0859375
1 0.28984375 0.68671875 0.1234375 0.0984375
1 0.290625 0.81015625 0.115625 0.0828125
1 0.49453125 0.43125 0.1234375 0.103125
1 0.56171875 0.32109375 0.128125 0.0796875
0 0.50703125 0.53125 0.1125 0.10625
0 0.50078125 0.6765625 0.1046875 0.125
0 0.62578125 0.71328125 0.1453125 0.1015625