1 0.3875 0.196875 0.1046875 0.06640625
1 0.60625 0.11640625 0.1078125 0.0609375
1 0.7609375 0.23828125 0.09140625 0.075
1 0.28984375 0.32421875 0.0859375 0.0609375
1 0.5 0.32734375 0.10546875 0.0578125
1 0.559375 0.23984375 0.06875 0.08828125
1 0.74921875 0.32578125 0.08203125 0.06953125
1 0.76640625 0.43359375 0.096875 0.07578125
1 0.62578125 0.41953125 0.09140625 0.06953125
1 0.42421875 0.43203125 0.071875 0.0703125
1 0.190625 0.42421875 0.0765625 0.07578125
0 0.32421875 0.39296875 0.096875 0.0671875
1 0.2359375 0.55 0.078125 0.06875
1 0.2546875 0.6078125 0.11484375 0.05234375
1 0.44453125 0.5515625 0.07578125 0.06171875
0 0.38984375 0.6453125 0.09921875 0.0546875
0 0.51640625 0.5625 0.0671875 0.0734375
1 0.72265625 0.52734375 0.090625 0.05703125
1 0.7953125 0.68046875 0.08828125 0.05546875
1 0.853125 0.83125 0.08359375 0.05078125
1 0.70078125 0.6421875 0.09765625 0.065625
0 0.6734375 0.56640625 0.10078125 0.06171875
0 0.60625 0.634375 0.11328125 0.0703125
0 0.79453125 0.80078125 0.0703125 0.0703125
1 0.43125 0.78984375 0.08515625 0.07578125
1 0.4921875 0.88359375 0.11171875 0.0546875
1 0.19375 0.78984375 0.0953125 0.0765625