0 0.36796875 0.16796875 0.09296875 0.10078125
0 0.54921875 0.25390625 0.11796875 0.0703125
0 0.4296875 0.35078125 0.10859375 0.08515625
0 0.1671875 0.41015625 0.13046875 0.06171875
0 0.421875 0.4375 0.08046875 0.06875
0 0.52734375 0.39921875 0.10859375 0.07734375
0 0.27109375 0.51328125 0.121875 0.06875
0 0.22890625 0.60859375 0.09453125 0.084375
0 0.31015625 0.6890625 0.084375 0.08203125
0 0.41328125 0.74140625 0.07734375 0.08671875
0 0.471875 0.5578125 0.08203125 0.0859375
0 0.6328125 0.478125 0.07265625 0.07578125
0 0.5640625 0.64765625 0.1015625 0.06953125
0 0.67578125 0.678125 0.1140625 0.05703125
0 0.60390625 0.72890625 0.125 0.065625