0 0.775 0.140625 0.0921875 0.096875
1 0.53359375 0.184375 0.0890625 0.075
1 0.84375 0.3453125 0.0875 0.0953125
1 0.6390625 0.33984375 0.1171875 0.0859375
1 0.27109375 0.1703125 0.1078125 0.084375
1 0.3765625 0.32734375 0.1 0.096875
1 0.46875 0.43046875 0.109375 0.1
0 0.1703125 0.39765625 0.115625 0.078125
1 0.34140625 0.49140625 0.09375 0.09375
1 0.61171875 0.47421875 0.1203125 0.0796875
1 0.83984375 0.540625 0.10625 0.09375
0 0.68515625 0.584375 0.08125 0.0796875
1 0.8046875 0.68359375 0.128125 0.0796875
1 0.77578125 0.8578125 0.09375 0.1015625
1 0.575 0.7765625 0.1078125 0.08125
1 0.51875 0.903125 0.1015625 0.0890625
0 0.46796875 0.63828125 0.1234375 0.0875
1 0.3359375 0.625 0.0859375 0.06875
0 0.30703125 0.73828125 0.09375 0.0859375
1 0.12265625 0.5828125 0.096875 0.0859375