0 0.79921875 0.8078125 0.115625 0.0890625
0 0.6609375 0.8109375 0.1 0.1
0 0.5359375 0.80546875 0.096875 0.0984375
0 0.73125 0.6703125 0.1109375 0.090625
0 0.64453125 0.6953125 0.090625 0.084375
0 0.875 0.61171875 0.1171875 0.0875
0 0.4515625 0.6625 0.1109375 0.09375
0 0.84296875 0.490625 0.1015625 0.1046875
0 0.675 0.57421875 0.1453125 0.0734375
0 0.60625 0.52578125 0.13125 0.0828125
0 0.5984375 0.45546875 0.1453125 0.0765625
0 0.5578125 0.3984375 0.128125 0.084375
0 0.5640625 0.28828125 0.1203125 0.0921875
0 0.403125 0.17109375 0.121875 0.071875
0 0.3015625 0.28125 0.1046875 0.0796875
0 0.18984375 0.4015625 0.0984375 0.1015625
0 0.40703125 0.4796875 0.121875 0.078125
0 0.2328125 0.5546875 0.1203125 0.071875
0 0.3796875 0.5640625 0.1265625 0.1109375
0 0.8296875 0.2984375 0.146875 0.0859375