1 0.48671875 0.19140625 0.1296875 0.08125
1 0.6828125 0.2328125 0.11484375 0.09375
1 0.3796875 0.30859375 0.12578125 0.08671875
1 0.546875 0.33125 0.1390625 0.06875
1 0.740625 0.38125 0.125 0.07109375
1 0.86640625 0.4953125 0.1171875 0.065625
1 0.71171875 0.53046875 0.08671875 0.096875
1 0.42734375 0.43125 0.11796875 0.07109375
1 0.23046875 0.42109375 0.115625 0.09140625
1 0.16640625 0.6234375 0.1109375 0.0796875
1 0.50859375 0.4859375 0.10625 0.09140625
1 0.48984375 0.640625 0.0921875 0.10078125
1 0.5890625 0.72578125 0.0984375 0.09296875
1 0.67578125 0.81328125 0.103125 0.0859375
0 0.6 0.5203125 0.103125 0.071875
0 0.30234375 0.53125 0.11328125 0.08671875
1 0.20625 0.82265625 0.1140625 0.090625