1 0.5 0.82578125 0.159375 0.090625
1 0.2390625 0.6765625 0.1421875 0.1015625
1 0.42578125 0.63984375 0.10625 0.084375
1 0.7578125 0.58984375 0.1390625 0.0828125
1 0.2109375 0.5890625 0.1359375 0.090625
1 0.3421875 0.47265625 0.125 0.096875
1 0.57890625 0.4171875 0.10625 0.0984375
1 0.6796875 0.3828125 0.009375 0.0015625
1 0.67890625 0.26171875 0.115625 0.10625
0 0.6109375 0.6984375 0.15625 0.0875
0 0.58515625 0.56875 0.115625 0.0890625
1 0.68203125 0.49921875 0.13125 0.0765625
1 0.421875 0.5234375 0.1046875 0.0765625
1 0.1265625 0.47421875 0.1046875 0.0796875
0 0.23671875 0.3765625 0.134375 0.1078125
0 0.4296875 0.34140625 0.15 0.09375
1 0.396875 0.21796875 0.1375 0.115625