1 0.60078125 0.80625 0.10625 0.0625
1 0.396875 0.853125 0.1046875 0.075
1 0.61484375 0.7296875 0.10625 0.0703125
1 0.621875 0.6453125 0.0859375 0.075
1 0.8375 0.58125 0.1171875 0.078125
1 0.840625 0.48203125 0.1203125 0.075
1 0.76171875 0.32734375 0.109375 0.06875
1 0.5640625 0.24609375 0.096875 0.08125
1 0.49453125 0.58046875 0.09375 0.0625
1 0.38828125 0.6453125 0.084375 0.0734375
1 0.18203125 0.65390625 0.08125 0.078125
1 0.12265625 0.521875 0.103125 0.0734375
1 0.16953125 0.45703125 0.1 0.065625
0 0.225 0.56640625 0.0984375 0.0703125
0 0.290625 0.52421875 0.1 0.0484375
0 0.37421875 0.44453125 0.0875 0.053125
0 0.44765625 0.5234375 0.1015625 0.059375
0 0.56484375 0.47890625 0.084375 0.096875
0 0.68515625 0.46171875 0.10625 0.0609375
0 0.37890625 0.74765625 0.0875 0.09375