1 0.33828125 0.85703125 0.14375 0.11875
1 0.096875 0.515625 0.1203125 0.11875
1 0.65703125 0.23203125 0.1453125 0.103125
1 0.3328125 0.25234375 0.1265625 0.140625
1 0.425 0.27578125 0.121875 0.1265625
1 0.61953125 0.31015625 0.125 0.0859375
0 0.32265625 0.6765625 0.103125 0.11875
0 0.61953125 0.81171875 0.15 0.1109375
0 0.7796875 0.8046875 0.1515625 0.1109375
0 0.49375 0.653125 0.1484375 0.1171875
0 0.8046875 0.646875 0.1078125 0.121875
0 0.7703125 0.528125 0.1125 0.11875
0 0.5890625 0.57421875 0.171875 0.121875
0 0.40234375 0.47421875 0.1734375 0.1125
0 0.67265625 0.44765625 0.1765625 0.1078125