1 0.71328125 0.8453125 0.1609375 0.121875
1 0.4234375 0.87890625 0.1125 0.1125
1 0.3625 0.70234375 0.128125 0.121875
1 0.50390625 0.64921875 0.134375 0.1109375
1 0.79375 0.42421875 0.1578125 0.109375
1 0.5859375 0.54140625 0.140625 0.1109375
1 0.421875 0.5546875 0.1515625 0.1078125
1 0.27734375 0.5953125 0.1203125 0.1203125
1 0.5515625 0.415625 0.1109375 0.090625
1 0.6828125 0.22734375 0.1390625 0.0890625
1 0.35390625 0.18203125 0.1375 0.1171875
0 0.56875 0.1953125 0.140625 0.1265625
0 0.234375 0.40234375 0.1296875 0.1109375
0 0.409375 0.4453125 0.14375 0.109375
0 0.71171875 0.63046875 0.134375 0.1390625
0 0.52578125 0.75546875 0.1359375 0.0921875