1 0.24765625 0.25234375 0.11953125 0.07421875
1 0.57578125 0.21953125 0.12734375 0.07734375
1 0.5515625 0.30859375 0.12265625 0.0921875
1 0.3625 0.3578125 0.11328125 0.0859375
1 0.56328125 0.41171875 0.11328125 0.075
1 0.7828125 0.42578125 0.1078125 0.06640625
1 0.609375 0.63515625 0.1125 0.06328125
1 0.48984375 0.58046875 0.09921875 0.0890625
1 0.60625 0.759375 0.11328125 0.07890625
1 0.3203125 0.51796875 0.11484375 0.06328125
1 0.378125 0.62109375 0.1234375 0.06484375
0 0.41015625 0.76796875 0.12890625 0.07890625
0 0.1515625 0.39453125 0.08984375 0.0703125
0 0.34140625 0.4328125 0.11953125 0.06328125
0 0.61328125 0.5171875 0.1 0.08125
0 0.78203125 0.5921875 0.09296875 0.09296875
0 0.73671875 0.35234375 0.09765625 0.06953125