0 0.2390625 0.18828125 0.0828125 0.0859375
0 0.1625 0.2953125 0.09296875 0.0828125
1 0.259375 0.40703125 0.1 0.08203125
0 0.43125 0.3125 0.0984375 0.08984375
0 0.59140625 0.309375 0.09296875 0.10703125
0 0.73359375 0.4 0.1078125 0.07265625
0 0.39765625 0.39296875 0.1078125 0.0640625
0 0.50859375 0.4609375 0.11328125 0.06796875
0 0.64921875 0.4640625 0.0921875 0.0734375
0 0.571875 0.5390625 0.07109375 0.09296875
0 0.39375 0.51796875 0.10625 0.06796875
0 0.23125 0.53984375 0.13125 0.06484375
0 0.0625 0.51328125 0.0921875 0.08203125
1 0.30859375 0.62890625 0.11171875 0.06796875
0 0.41875 0.6296875 0.10859375 0.08984375
0 0.26171875 0.771875 0.10546875 0.08046875
0 0.6 0.62890625 0.11953125 0.05703125
0 0.76484375 0.56015625 0.09375 0.08984375
0 0.7109375 0.6171875 0.0734375 0.07578125
0 0.86953125 0.66875 0.10078125 0.06953125
0 0.82734375 0.7953125 0.08203125 0.08671875
0 0.7453125 0.7609375 0.09375 0.07578125
0 0.62265625 0.68828125 0.12578125 0.05625
0 0.4828125 0.74609375 0.0765625 0.096875
0 0.56328125 0.73828125 0.11171875 0.07890625
0 0.42421875 0.87421875 0.1203125 0.06796875
0 0.65 0.8625 0.084375 0.078125