1 0.52265625 0.234375 0.0984375 0.0921875
1 0.70703125 0.46171875 0.1015625 0.0921875
1 0.74375 0.5453125 0.1203125 0.0796875
1 0.70859375 0.6515625 0.10625 0.0921875
1 0.515625 0.70703125 0.10625 0.0671875
1 0.4234375 0.7015625 0.0875 0.0890625
1 0.6265625 0.57109375 0.1171875 0.06875
1 0.25234375 0.67578125 0.10625 0.084375
1 0.2359375 0.6 0.084375 0.084375
1 0.36953125 0.50390625 0.1359375 0.075
1 0.12421875 0.55234375 0.1 0.0796875
1 0.18671875 0.4578125 0.1140625 0.075
1 0.45546875 0.315625 0.1125 0.0671875
1 0.278125 0.35390625 0.128125 0.0859375
1 0.40859375 0.3796875 0.0953125 0.0828125
1 0.48671875 0.58359375 0.103125 0.0671875
1 0.55546875 0.525 0.1140625 0.090625
0 0.85703125 0.3640625 0.134375 0.071875
0 0.63203125 0.3453125 0.1 0.075
0 0.5484375 0.428125 0.1125 0.0828125
0 0.33046875 0.44765625 0.121875 0.084375
0 0.55234375 0.75078125 0.128125 0.0828125