1 0.5890625 0.809375 0.109375 0.075
1 0.4375 0.778125 0.0796875 0.0984375
1 0.26796875 0.76875 0.103125 0.059375
1 0.59921875 0.71875 0.1015625 0.075
1 0.66484375 0.44140625 0.1046875 0.0703125
0 0.61171875 0.36484375 0.090625 0.09375
0 0.57265625 0.259375 0.084375 0.0796875
0 0.2390625 0.31328125 0.090625 0.0671875
0 0.58359375 0.54296875 0.096875 0.065625
0 0.87265625 0.38203125 0.1109375 0.0625
0 0.58125 0.653125 0.0828125 0.0765625
1 0.775 0.5859375 0.08125 0.1
1 0.46796875 0.61328125 0.09375 0.084375
1 0.31171875 0.6640625 0.0765625 0.0796875
1 0.14375 0.60390625 0.0890625 0.0859375
1 0.24296875 0.48125 0.084375 0.06875
1 0.146875 0.428125 0.0828125 0.0859375
1 0.42734375 0.509375 0.090625 0.0859375
1 0.3828125 0.38828125 0.09375 0.0796875