1 0.484375 0.2015625 0.11875 0.0890625
1 0.55703125 0.2984375 0.1265625 0.075
1 0.65625 0.30078125 0.1140625 0.0875
1 0.346875 0.30390625 0.125 0.0765625
1 0.3734375 0.36171875 0.1265625 0.075
1 0.740625 0.4046875 0.0984375 0.084375
1 0.64765625 0.3921875 0.103125 0.078125
1 0.56640625 0.365625 0.1296875 0.0703125
1 0.43125 0.46953125 0.0984375 0.0953125
1 0.090625 0.67265625 0.075 0.0875
1 0.28203125 0.621875 0.109375 0.0984375
1 0.31875 0.5515625 0.0921875 0.090625
0 0.3390625 0.44453125 0.1 0.0859375
0 0.54296875 0.45234375 0.1265625 0.09375
0 0.84375 0.465625 0.121875 0.0796875
1 0.84765625 0.5890625 0.121875 0.0984375
1 0.63828125 0.55546875 0.1 0.0984375
1 0.540625 0.55390625 0.115625 0.084375
1 0.66171875 0.61875 0.1203125 0.0796875
0 0.6125 0.23828125 0.11875 0.08125
1 0.48203125 0.64296875 0.1078125 0.084375
0 0.40703125 0.7265625 0.0984375 0.0890625
0 0.6328125 0.7890625 0.1203125 0.071875