0 0.4 0.19609375 0.1421875 0.0921875
0 0.53828125 0.184375 0.146875 0.096875
0 0.5375 0.29921875 0.1328125 0.0984375
0 0.3578125 0.384375 0.1484375 0.1078125
0 0.221875 0.53203125 0.1265625 0.0953125
0 0.515625 0.5390625 0.0859375 0.1125
0 0.2796875 0.6875 0.15 0.096875
0 0.4171875 0.69609375 0.140625 0.1234375
0 0.52421875 0.7796875 0.1234375 0.1046875
0 0.6578125 0.640625 0.10625 0.1140625
0 0.78984375 0.6734375 0.1375 0.1
0 0.8515625 0.51953125 0.121875 0.10625
0 0.63671875 0.475 0.1046875 0.1
0 0.7171875 0.3046875 0.0890625 0.09375
1 0.1484375 0.2875 0.1484375 0.1015625
1 0.825 0.34296875 0.1515625 0.096875