1 0.68828125 0.18046875 0.1078125 0.084375
1 0.42890625 0.24609375 0.1015625 0.1046875
1 0.421875 0.3546875 0.1125 0.0828125
1 0.69296875 0.48671875 0.096875 0.09375
1 0.37734375 0.41328125 0.1140625 0.078125
1 0.334375 0.27890625 0.0984375 0.0765625
1 0.22265625 0.3640625 0.075 0.0765625
1 0.10703125 0.49609375 0.103125 0.09375
1 0.22578125 0.5546875 0.0796875 0.090625
1 0.2234375 0.675 0.09375 0.0890625
1 0.4375 0.75 0.0921875 0.090625
1 0.425 0.815625 0.1140625 0.0796875
1 0.515625 0.759375 0.103125 0.0921875
1 0.77578125 0.490625 0.090625 0.0890625
1 0.671875 0.4046875 0.1171875 0.078125
1 0.49609375 0.49453125 0.103125 0.0859375
1 0.56875 0.56953125 0.1109375 0.0984375
0 0.49296875 0.27890625 0.0984375 0.096875
0 0.73203125 0.2734375 0.1296875 0.109375
1 0.4328125 0.5546875 0.0921875 0.0859375
0 0.28359375 0.640625 0.109375 0.09375
0 0.403125 0.6390625 0.09375 0.0890625
0 0.56328125 0.65 0.103125 0.0671875
0 0.66484375 0.75078125 0.096875 0.0796875
0 0.68046875 0.63046875 0.0953125 0.090625
0 0.82734375 0.6609375 0.1078125 0.096875