1 0.61171875 0.14609375 0.0953125 0.06484375
1 0.3734375 0.26875 0.084375 0.08828125
1 0.39140625 0.37578125 0.10078125 0.0609375
1 0.68515625 0.44375 0.08203125 0.07734375
1 0.3609375 0.44296875 0.10390625 0.05625
1 0.2890625 0.321875 0.08828125 0.05859375
1 0.19921875 0.4296875 0.0625 0.0640625
1 0.11640625 0.584375 0.0890625 0.075
1 0.2453125 0.61484375 0.0640625 0.078125
1 0.26953125 0.7328125 0.07890625 0.07265625
1 0.4953125 0.7578125 0.07734375 0.07578125
1 0.49765625 0.82421875 0.10390625 0.05859375
1 0.5734375 0.74921875 0.0890625 0.07421875
1 0.76640625 0.42890625 0.0765625 0.07421875
1 0.64609375 0.36875 0.10703125 0.05625
1 0.49453125 0.4953125 0.08984375 0.0671875
1 0.5828125 0.55234375 0.09609375 0.07890625
0 0.44375 0.2859375 0.0828125 0.0796875
0 0.675 0.22734375 0.1125 0.08671875
1 0.446875 0.56875 0.07890625 0.06953125
0 0.32109375 0.6859375 0.0953125 0.0734375
0 0.43671875 0.65703125 0.07890625 0.07265625
0 0.5953125 0.63203125 0.0953125 0.04765625
0 0.7171875 0.70703125 0.08515625 0.06171875
0 0.70546875 0.58671875 0.08125 0.075
0 0.85546875 0.5828125 0.09296875 0.078125