1 0.425 0.23671875 0.1421875 0.1078125
1 0.584375 0.21640625 0.109375 0.11875
1 0.734375 0.1609375 0.109375 0.11875
1 0.3171875 0.37421875 0.1484375 0.096875
1 0.12265625 0.44296875 0.103125 0.1015625
1 0.27265625 0.5046875 0.1171875 0.0859375
1 0.18125 0.5796875 0.1359375 0.078125
1 0.3046875 0.61015625 0.1203125 0.1046875
1 0.4765625 0.4859375 0.1203125 0.1125
1 0.7609375 0.3953125 0.1046875 0.0984375
1 0.75 0.76015625 0.1203125 0.0859375
1 0.6296875 0.6921875 0.121875 0.115625
0 0.33125 0.290625 0.1359375 0.1
0 0.47109375 0.3921875 0.134375 0.0984375
0 0.665625 0.37734375 0.1078125 0.096875
1 0.6796875 0.4765625 0.1125 0.109375
1 0.81640625 0.58125 0.1296875 0.078125
0 0.5171875 0.6625 0.109375 0.075
0 0.55546875 0.73203125 0.1234375 0.0765625