0 0.4953125 0.20546875 0.1359375 0.0984375
0 0.82734375 0.246875 0.15 0.1015625
0 0.76015625 0.403125 0.1390625 0.103125
0 0.56015625 0.4484375 0.14375 0.1125
0 0.52265625 0.57734375 0.1171875 0.1109375
0 0.365625 0.690625 0.1125 0.1078125
0 0.28984375 0.57265625 0.1078125 0.1140625
0 0.325 0.415625 0.1109375 0.11875
0 0.22109375 0.27578125 0.134375 0.103125
0 0.171875 0.69140625 0.146875 0.096875
0 0.51640625 0.83984375 0.1328125 0.090625
0 0.75234375 0.72109375 0.13125 0.1109375
1 0.65859375 0.1625 0.1203125 0.1234375
1 0.128125 0.43828125 0.1140625 0.1109375
1 0.55625 0.34921875 0.1578125 0.10625
1 0.759375 0.50390625 0.1421875 0.103125