1 0.59765625 0.18046875 0.0875 0.1
1 0.75 0.28671875 0.1171875 0.08203125
1 0.50703125 0.3109375 0.0765625 0.0859375
1 0.35 0.303125 0.09375 0.0890625
1 0.18515625 0.31171875 0.096875 0.09765625
1 0.51015625 0.503125 0.10078125 0.08671875
1 0.6328125 0.4609375 0.10625 0.0890625
1 0.82890625 0.52421875 0.1 0.07578125
1 0.75 0.5703125 0.1078125 0.0890625
1 0.7375 0.64921875 0.1296875 0.06796875
1 0.6203125 0.63125 0.1 0.075
1 0.42265625 0.803125 0.1234375 0.06328125
1 0.53125 0.6859375 0.1203125 0.0609375
1 0.4296875 0.60859375 0.1203125 0.07578125
1 0.1703125 0.55390625 0.096875 0.0890625
0 0.534375 0.39609375 0.08515625 0.08046875
0 0.275 0.471875 0.12109375 0.078125
0 0.29140625 0.653125 0.08828125 0.0828125