0 0.6203125 0.24609375 0.1296875 0.1125
0 0.86484375 0.2921875 0.0953125 0.1
0 0.82734375 0.5015625 0.1140625 0.10625
0 0.7546875 0.39921875 0.1296875 0.1109375
0 0.68046875 0.40390625 0.1140625 0.1015625
0 0.31875 0.18671875 0.1359375 0.0921875
0 0.41875 0.36328125 0.125 0.0984375
0 0.43671875 0.4203125 0.1015625 0.1
0 0.5078125 0.465625 0.13125 0.0984375
0 0.671875 0.496875 0.1421875 0.090625
0 0.646875 0.55859375 0.125 0.1140625
0 0.5421875 0.58203125 0.0984375 0.1125
0 0.36171875 0.44765625 0.1125 0.115625
0 0.225 0.41953125 0.1203125 0.0921875
0 0.35859375 0.553125 0.1109375 0.09375
0 0.34453125 0.61484375 0.13125 0.084375
0 0.48359375 0.6640625 0.134375 0.1078125
1 0.72734375 0.7625 0.1421875 0.0984375