1 0.57734375 0.13671875 0.1234375 0.0796875
1 0.428125 0.11953125 0.1296875 0.121875
1 0.35625 0.21484375 0.13125 0.109375
1 0.24296875 0.2921875 0.1390625 0.0921875
1 0.18125 0.3953125 0.134375 0.0984375
1 0.3734375 0.39609375 0.140625 0.0890625
1 0.6421875 0.359375 0.1234375 0.0796875
0 0.665625 0.43359375 0.128125 0.096875
0 0.84921875 0.58125 0.1171875 0.0796875
1 0.55390625 0.4421875 0.11875 0.1
1 0.246875 0.5140625 0.1359375 0.0875
1 0.21328125 0.62109375 0.1265625 0.10625
1 0.2125 0.7796875 0.1046875 0.10625
0 0.2515625 0.71953125 0.13125 0.0875
1 0.4203125 0.6359375 0.121875 0.121875
0 0.48515625 0.5375 0.1078125 0.090625
0 0.65859375 0.659375 0.13125 0.0953125
1 0.54375 0.70703125 0.121875 0.1046875