1 0.653125 0.28359375 0.078125 0.08125
1 0.75390625 0.40078125 0.07578125 0.07890625
1 0.45 0.43828125 0.0953125 0.078125
1 0.31953125 0.52734375 0.115625 0.07109375
1 0.41875 0.57890625 0.1203125 0.06953125
1 0.17578125 0.66875 0.096875 0.084375
1 0.50078125 0.80546875 0.08671875 0.0875
1 0.74140625 0.61328125 0.0921875 0.06015625
1 0.43046875 0.340625 0.1109375 0.07578125
0 0.50859375 0.2140625 0.08828125 0.08203125
0 0.28046875 0.33125 0.10078125 0.10546875
0 0.5921875 0.36796875 0.0859375 0.09140625
1 0.68046875 0.49921875 0.1203125 0.0796875
0 0.53125 0.5515625 0.11796875 0.05859375
1 0.61875 0.59609375 0.10625 0.06171875
0 0.58828125 0.7 0.115625 0.0625
0 0.37421875 0.6859375 0.10390625 0.06015625
0 0.23125 0.49921875 0.08515625 0.084375