1 0.5875 0.19453125 0.1234375 0.103125
1 0.6109375 0.378125 0.125 0.096875
1 0.56640625 0.440625 0.1 0.096875
1 0.4578125 0.49453125 0.134375 0.1
1 0.15625 0.653125 0.1015625 0.1078125
1 0.34765625 0.58046875 0.1265625 0.1
1 0.2984375 0.63203125 0.1203125 0.096875
1 0.84375 0.55234375 0.1328125 0.1015625
1 0.63984375 0.5734375 0.1 0.109375
1 0.790625 0.6921875 0.13125 0.1
1 0.60546875 0.8265625 0.1359375 0.1
1 0.5921875 0.69609375 0.1203125 0.0875
1 0.45390625 0.671875 0.13125 0.1
0 0.353125 0.2078125 0.1078125 0.125
0 0.18359375 0.384375 0.1296875 0.096875
0 0.3765625 0.3796875 0.1453125 0.103125
1 0.51953125 0.24921875 0.1296875 0.096875
0 0.72421875 0.4 0.1015625 0.1
0 0.7171875 0.62265625 0.1125 0.0921875
0 0.33203125 0.80703125 0.13125 0.0921875
0 0.165625 0.5203125 0.109375 0.109375