0 0.8359375 0.26328125 0.1375 0.1
0 0.63671875 0.2359375 0.1328125 0.103125
0 0.4921875 0.24140625 0.1171875 0.1125
0 0.3484375 0.3484375 0.13125 0.0953125
0 0.2609375 0.371875 0.1171875 0.121875
0 0.7734375 0.39765625 0.109375 0.115625
0 0.6703125 0.35703125 0.10625 0.1078125
0 0.73125 0.49453125 0.1140625 0.109375
0 0.6375 0.4625 0.1328125 0.1203125
0 0.53046875 0.528125 0.1140625 0.11875
0 0.34296875 0.51015625 0.11875 0.121875
0 0.8609375 0.6375 0.146875 0.096875
0 0.81328125 0.7453125 0.1625 0.1125
0 0.5578125 0.65703125 0.1390625 0.1078125
0 0.62578125 0.7765625 0.1296875 0.10625
0 0.5625 0.82109375 0.140625 0.1015625
0 0.4203125 0.73828125 0.1609375 0.096875
0 0.27890625 0.64375 0.128125 0.103125
0 0.115625 0.5796875 0.115625 0.1046875