1 0.2328125 0.096875 0.090625 0.09375
1 0.59140625 0.11796875 0.1328125 0.0953125
1 0.83984375 0.221875 0.1 0.0921875
1 0.60078125 0.24375 0.1109375 0.0921875
1 0.2953125 0.20546875 0.109375 0.090625
1 0.44140625 0.20859375 0.1203125 0.1015625
1 0.3140625 0.29921875 0.128125 0.0890625
1 0.32265625 0.50625 0.1234375 0.0953125
1 0.6 0.54296875 0.096875 0.096875
1 0.74296875 0.67578125 0.10625 0.10625
1 0.5125 0.36328125 0.1125 0.1046875
1 0.715625 0.3515625 0.109375 0.10625
1 0.85546875 0.63203125 0.1109375 0.1015625
1 0.15859375 0.55859375 0.13125 0.096875
1 0.2 0.6359375 0.1265625 0.109375
1 0.34921875 0.734375 0.1078125 0.10625
1 0.61171875 0.890625 0.1078125 0.1
1 0.41484375 0.6171875 0.115625 0.1125
1 0.49375 0.49296875 0.1234375 0.11875
1 0.67421875 0.42890625 0.103125 0.09375
1 0.584375 0.7203125 0.09375 0.084375
0 0.36015625 0.3953125 0.134375 0.0921875
0 0.8015625 0.4125 0.1125 0.0953125
0 0.73046875 0.46640625 0.10625 0.1015625
0 0.4875 0.69453125 0.1109375 0.1015625