1 0.73125 0.84296875 0.134375 0.121875
1 0.30078125 0.7515625 0.1328125 0.0984375
1 0.3984375 0.68984375 0.146875 0.1
1 0.61953125 0.7046875 0.1734375 0.1078125
1 0.8046875 0.46484375 0.15625 0.1
1 0.4828125 0.284375 0.1203125 0.10625
1 0.5140625 0.20625 0.1234375 0.1203125
1 0.23203125 0.39375 0.1203125 0.10625
1 0.41796875 0.603125 0.140625 0.11875
1 0.5546875 0.54765625 0.103125 0.10625
0 0.52109375 0.79375 0.1578125 0.1125
0 0.28203125 0.55234375 0.1265625 0.115625
0 0.35703125 0.48515625 0.1359375 0.1140625
0 0.4953125 0.36328125 0.153125 0.1015625
0 0.6703125 0.540625 0.11875 0.1171875