1 0.48671875 0.12890625 0.1140625 0.06015625
1 0.63671875 0.1375 0.1125 0.1046875
1 0.69140625 0.24453125 0.11796875 0.090625
1 0.7890625 0.33984375 0.128125 0.07109375
1 0.83203125 0.45234375 0.121875 0.07890625
1 0.64296875 0.41953125 0.13125 0.06796875
1 0.384375 0.33671875 0.11484375 0.06015625
0 0.3484375 0.40546875 0.11640625 0.07734375
0 0.1421875 0.51953125 0.1078125 0.0625
1 0.45703125 0.43359375 0.10625 0.08203125
1 0.746875 0.5578125 0.12578125 0.06640625
1 0.76171875 0.66875 0.11328125 0.0875
1 0.734375 0.825 0.08984375 0.0921875
0 0.70625 0.759375 0.12109375 0.06796875
1 0.5546875 0.64765625 0.10546875 0.1046875
0 0.5078125 0.53984375 0.096875 0.07421875
0 0.31640625 0.6296875 0.11953125 0.07578125
1 0.42109375 0.69609375 0.10859375 0.08671875