1 0.5984375 0.203125 0.140625 0.078125
1 0.64921875 0.290625 0.1046875 0.10625
1 0.53515625 0.26640625 0.0953125 0.090625
1 0.41953125 0.29296875 0.115625 0.0953125
1 0.328125 0.24609375 0.1015625 0.1109375
1 0.2390625 0.275 0.078125 0.0890625
1 0.67890625 0.4046875 0.1265625 0.065625
0 0.54921875 0.40625 0.0875 0.0984375
1 0.47734375 0.40078125 0.0625 0.078125
1 0.3234375 0.36328125 0.1140625 0.0828125
1 0.39140625 0.42109375 0.1078125 0.1015625
1 0.26640625 0.4453125 0.1015625 0.090625
1 0.5875 0.46484375 0.1234375 0.0796875
1 0.60078125 0.53515625 0.1265625 0.075
1 0.69375 0.59765625 0.1265625 0.0734375
1 0.7953125 0.70625 0.0796875 0.0890625
1 0.7125 0.71171875 0.09375 0.0953125
1 0.43046875 0.54921875 0.115625 0.0828125
1 0.33828125 0.59140625 0.0984375 0.103125
1 0.2296875 0.6578125 0.109375 0.0921875
1 0.4390625 0.6125 0.1265625 0.0703125
0 0.521875 0.67890625 0.1140625 0.096875
1 0.55234375 0.753125 0.125 0.0796875