0 0.65078125 0.25625 0.125 0.084375
0 0.44921875 0.209375 0.121875 0.096875
0 0.3421875 0.3625 0.1046875 0.109375
0 0.54453125 0.42109375 0.115625 0.096875
0 0.8078125 0.43828125 0.1140625 0.1015625
0 0.79140625 0.68125 0.121875 0.0984375
0 0.6078125 0.625 0.109375 0.10625
0 0.5921875 0.77265625 0.1046875 0.1265625
0 0.41875 0.72421875 0.103125 0.090625
0 0.39453125 0.546875 0.146875 0.0953125
0 0.11484375 0.675 0.0890625 0.1078125
0 0.171875 0.56171875 0.0984375 0.1
0 0.81328125 0.8671875 0.10625 0.0953125
0 0.128125 0.409375 0.10625 0.0953125
1 0.828125 0.3296875 0.1328125 0.1109375
1 0.65078125 0.4875 0.1171875 0.1109375
1 0.2234375 0.21015625 0.1109375 0.1125
1 0.3 0.6609375 0.1421875 0.078125