1 0.74375 0.8140625 0.1578125 0.1109375
1 0.5125 0.77890625 0.1265625 0.125
1 0.34375 0.71796875 0.1203125 0.0953125
1 0.59375 0.59453125 0.1375 0.1078125
1 0.37109375 0.6328125 0.15 0.10625
1 0.42578125 0.5515625 0.1578125 0.1125
0 0.71015625 0.53046875 0.1515625 0.1109375
1 0.784375 0.41796875 0.140625 0.134375
1 0.56640625 0.51484375 0.0984375 0.109375
1 0.2734375 0.5 0.115625 0.1125
0 0.17734375 0.428125 0.1265625 0.1078125
1 0.203125 0.33671875 0.1203125 0.109375
1 0.4328125 0.42734375 0.1234375 0.1171875
1 0.525 0.3796875 0.125 0.1078125
1 0.41796875 0.2078125 0.1359375 0.1
1 0.65390625 0.3421875 0.128125 0.1171875
1 0.6921875 0.2359375 0.1203125 0.1203125