1 0.29296875 0.21640625 0.1140625 0.0890625
1 0.55 0.20703125 0.1015625 0.09375
1 0.18125 0.4234375 0.11875 0.096875
1 0.440625 0.32265625 0.1203125 0.096875
1 0.53203125 0.35703125 0.0921875 0.1
1 0.71484375 0.41328125 0.1328125 0.0796875
1 0.7875 0.521875 0.125 0.0765625
1 0.6734375 0.63203125 0.109375 0.1
0 0.46015625 0.7609375 0.0828125 0.1078125
0 0.17578125 0.62421875 0.109375 0.10625
0 0.31171875 0.4625 0.096875 0.0875
1 0.45703125 0.478125 0.1203125 0.0953125
0 0.44609375 0.5625 0.1390625 0.0875
1 0.4515625 0.64296875 0.128125 0.1