1 0.3703125 0.68984375 0.1171875 0.109375
1 0.50234375 0.69765625 0.1 0.1046875
1 0.61953125 0.72421875 0.1140625 0.0890625
1 0.35703125 0.5875 0.128125 0.11875
1 0.41484375 0.5015625 0.11875 0.0984375
1 0.2640625 0.28125 0.121875 0.125
1 0.5140625 0.4484375 0.128125 0.096875
1 0.60703125 0.48203125 0.0984375 0.0984375
1 0.79375 0.38125 0.11875 0.075
1 0.62421875 0.415625 0.109375 0.0828125
1 0.70625 0.4046875 0.0953125 0.0765625
1 0.5890625 0.5984375 0.1015625 0.071875
1 0.309375 0.5046875 0.11875 0.096875
1 0.42578125 0.43359375 0.13125 0.084375
0 0.525 0.63125 0.1125 0.08125
0 0.56171875 0.53984375 0.1078125 0.0859375
0 0.7 0.478125 0.1109375 0.1046875
0 0.7765625 0.46640625 0.10625 0.0828125