1 0.6984375 0.78671875 0.1171875 0.090625
1 0.5390625 0.76640625 0.11875 0.0984375
1 0.6515625 0.63046875 0.103125 0.1046875
1 0.31484375 0.628125 0.0921875 0.084375
1 0.50234375 0.6671875 0.1046875 0.1
1 0.25390625 0.5265625 0.1046875 0.0890625
1 0.70390625 0.5421875 0.096875 0.1
1 0.5875 0.428125 0.1078125 0.090625
1 0.4015625 0.5015625 0.0984375 0.0859375
1 0.3953125 0.39453125 0.0984375 0.096875
1 0.29296875 0.29296875 0.1 0.08125
1 0.51171875 0.3015625 0.1234375 0.08125
1 0.56875 0.25859375 0.1 0.0703125
1 0.90625 0.43828125 0.1046875 0.0953125
1 0.66171875 0.37734375 0.1109375 0.0703125
1 0.6546875 0.3140625 0.1078125 0.0609375
1 0.31015625 0.38046875 0.0859375 0.0859375
0 0.12578125 0.33515625 0.09375 0.103125
0 0.51796875 0.51640625 0.10625 0.0796875
0 0.27421875 0.76328125 0.09375 0.0953125