0 0.45234375 0.19765625 0.115625 0.0828125
0 0.3953125 0.32109375 0.09609375 0.08203125
0 0.4984375 0.30078125 0.1015625 0.08515625
0 0.559375 0.33203125 0.09765625 0.08828125
0 0.7328125 0.35078125 0.10234375 0.09375
0 0.67578125 0.44453125 0.12421875 0.08203125
0 0.16484375 0.3765625 0.13046875 0.07109375
0 0.3734375 0.47890625 0.14609375 0.0609375
0 0.5421875 0.521875 0.11953125 0.07265625
0 0.37421875 0.5328125 0.1296875 0.06171875
0 0.3359375 0.61875 0.12109375 0.06484375
0 0.28984375 0.68125 0.1421875 0.09453125
0 0.42734375 0.6640625 0.10078125 0.090625
0 0.39140625 0.7515625 0.13671875 0.08984375
0 0.58828125 0.659375 0.09453125 0.1
0 0.8625 0.5640625 0.15078125 0.078125
1 0.759375 0.67109375 0.096875 0.0984375
1 0.71953125 0.80859375 0.13203125 0.07421875
0 0.475 0.884375 0.09140625 0.121875
0 0.553125 0.884375 0.0921875 0.0921875