0 0.403125 0.1640625 0.1375 0.103125
0 0.596875 0.25859375 0.0953125 0.0984375
0 0.83515625 0.4359375 0.11875 0.0859375
0 0.45703125 0.3171875 0.1078125 0.078125
0 0.7203125 0.41875 0.1296875 0.0984375
0 0.60546875 0.7140625 0.0890625 0.096875
0 0.4625 0.62890625 0.103125 0.0921875
0 0.24609375 0.56484375 0.1140625 0.1078125
0 0.57109375 0.403125 0.128125 0.08125
0 0.61796875 0.5375 0.109375 0.0921875
1 0.24140625 0.25859375 0.1109375 0.10625
1 0.703125 0.49765625 0.1109375 0.1046875
1 0.47109375 0.44375 0.1296875 0.078125
1 0.34921875 0.47890625 0.0953125 0.0984375
1 0.4359375 0.509375 0.0953125 0.0953125
1 0.56171875 0.6484375 0.115625 0.0921875
1 0.284375 0.709375 0.1265625 0.0875
1 0.65234375 0.8609375 0.1328125 0.103125
1 0.7578125 0.63984375 0.0953125 0.0984375