0 0.43984375 0.05 0.0984375 0.1
0 0.803125 0.2015625 0.1046875 0.08125
0 0.70234375 0.23046875 0.10625 0.0921875
0 0.6109375 0.25234375 0.1078125 0.0859375
0 0.55 0.209375 0.1078125 0.103125
0 0.43046875 0.1859375 0.1109375 0.1015625
0 0.18515625 0.246875 0.1265625 0.1
0 0.39140625 0.32265625 0.1015625 0.0828125
0 0.57265625 0.38671875 0.0859375 0.1171875
0 0.7671875 0.4421875 0.109375 0.0984375
0 0.8640625 0.59140625 0.103125 0.1203125
0 0.6890625 0.5171875 0.09375 0.090625
0 0.415625 0.515625 0.10625 0.115625
0 0.29296875 0.40078125 0.140625 0.096875
0 0.16640625 0.521875 0.1125 0.1015625
0 0.34921875 0.6328125 0.0953125 0.0984375
0 0.51015625 0.59296875 0.090625 0.1046875
0 0.79140625 0.72890625 0.134375 0.0765625
0 0.6015625 0.7296875 0.1015625 0.1078125
0 0.390625 0.7640625 0.1 0.0984375