0 0.82265625 0.3359375 0.0796875 0.1
1 0.67890625 0.25546875 0.1140625 0.059375
1 0.825 0.440625 0.1203125 0.0703125
1 0.7109375 0.38515625 0.0953125 0.0671875
1 0.60703125 0.34296875 0.0890625 0.0640625
1 0.4734375 0.27578125 0.0796875 0.0875
1 0.4828125 0.353125 0.096875 0.0546875
1 0.39765625 0.36171875 0.0875 0.06875
1 0.69375 0.4828125 0.1015625 0.071875
1 0.61640625 0.43359375 0.0734375 0.075
0 0.64296875 0.534375 0.09375 0.0546875
1 0.4984375 0.48671875 0.0859375 0.075
1 0.41640625 0.44375 0.0859375 0.06875
1 0.29453125 0.45078125 0.1015625 0.053125
1 0.81015625 0.6515625 0.1046875 0.059375
1 0.6578125 0.71328125 0.0890625 0.0765625
1 0.596875 0.63984375 0.078125 0.075
1 0.559375 0.7359375 0.0734375 0.0765625
0 0.40859375 0.67265625 0.0640625 0.06875
0 0.39609375 0.5890625 0.0984375 0.0625
1 0.27421875 0.60859375 0.0609375 0.075
1 0.09765625 0.54140625 0.078125 0.0703125