1 0.3234375 0.19609375 0.10703125 0.07890625
1 0.58046875 0.2140625 0.09296875 0.08515625
1 0.190625 0.390625 0.11015625 0.0859375
1 0.459375 0.3171875 0.11171875 0.0859375
1 0.546875 0.3609375 0.08359375 0.09140625
1 0.72265625 0.4359375 0.12734375 0.06640625
1 0.78359375 0.5515625 0.11875 0.0640625
1 0.65859375 0.64921875 0.1 0.090625
0 0.4328125 0.75546875 0.0734375 0.1
0 0.16484375 0.58984375 0.09921875 0.096875
0 0.31640625 0.44296875 0.0890625 0.07890625
1 0.459375 0.4734375 0.11171875 0.08359375
0 0.43984375 0.55625 0.1328125 0.07421875
1 0.43671875 0.63671875 0.1203125 0.0875