0 0.15625 0.65 0.090625 0.0796875
0 0.4015625 0.621875 0.1421875 0.075
0 0.69921875 0.59921875 0.121875 0.075
0 0.6046875 0.5328125 0.1015625 0.071875
0 0.42734375 0.5671875 0.121875 0.065625
0 0.340625 0.553125 0.0796875 0.0890625
0 0.26640625 0.48828125 0.10625 0.0921875
0 0.32734375 0.44765625 0.0984375 0.1140625
0 0.51875 0.4484375 0.1 0.096875
0 0.71015625 0.471875 0.090625 0.078125
0 0.77890625 0.4578125 0.096875 0.0859375
0 0.84765625 0.40390625 0.1234375 0.0875
0 0.58203125 0.34375 0.096875 0.0875
0 0.3921875 0.2796875 0.096875 0.0765625
0 0.23828125 0.35625 0.0953125 0.078125
0 0.62109375 0.2375 0.1171875 0.0734375
0 0.7046875 0.2734375 0.0953125 0.096875
0 0.75703125 0.3328125 0.1265625 0.0828125
0 0.90078125 0.240625 0.1203125 0.0875
0 0.50625 0.08828125 0.128125 0.0703125