1 0.1375 0.1796875 0.0734375 0.07734375
1 0.4890625 0.10703125 0.11953125 0.06640625
1 0.75625 0.14375 0.08359375 0.0734375
1 0.53125 0.2265625 0.096875 0.06875
1 0.22578125 0.26875 0.0953125 0.06796875
1 0.36796875 0.23359375 0.1046875 0.0765625
1 0.26796875 0.35390625 0.115625 0.06171875
1 0.33046875 0.5515625 0.10859375 0.06953125
1 0.6078125 0.515625 0.07890625 0.0796875
1 0.78046875 0.60703125 0.0859375 0.0875
1 0.4765625 0.36484375 0.09375 0.0828125
1 0.66953125 0.30078125 0.090625 0.0859375
1 0.87734375 0.5359375 0.09375 0.0796875
1 0.18515625 0.6453125 0.1171875 0.06953125
1 0.2453125 0.709375 0.10859375 0.08359375
1 0.41484375 0.765625 0.08828125 0.0859375
1 0.709375 0.8484375 0.08984375 0.07890625
1 0.4484375 0.63515625 0.0953125 0.090625
1 0.4921875 0.49453125 0.10234375 0.09609375
1 0.65 0.3859375 0.08671875 0.0734375
1 0.63828125 0.69140625 0.07890625 0.06640625
0 0.3375 0.43515625 0.121875 0.06328125
0 0.76875 0.3375 0.09609375 0.0734375
0 0.7140625 0.4078125 0.0875 0.08125
0 0.53828125 0.69140625 0.09375 0.0796875