1 0.41640625 0.1890625 0.1078125 0.07265625
1 0.5671875 0.22265625 0.07734375 0.09765625
1 0.73671875 0.23515625 0.10234375 0.0578125
1 0.4046875 0.2796875 0.10078125 0.07265625
1 0.334375 0.55546875 0.103125 0.06875
0 0.3859375 0.6328125 0.08828125 0.0921875
0 0.4234375 0.7390625 0.0828125 0.07890625
0 0.7578125 0.69140625 0.08984375 0.065625
0 0.4171875 0.45546875 0.0953125 0.06328125
0 0.125 0.61171875 0.11015625 0.0609375
0 0.42109375 0.3453125 0.08125 0.075
1 0.2265625 0.409375 0.0796875 0.0984375
1 0.534375 0.3875 0.09296875 0.08203125
1 0.69140625 0.3390625 0.075 0.07890625
1 0.8578125 0.40234375 0.08828125 0.08515625
1 0.75703125 0.5234375 0.08359375 0.0671875
1 0.8515625 0.578125 0.08203125 0.084375
1 0.57265625 0.4921875 0.08984375 0.084375
1 0.61484375 0.6140625 0.0921875 0.078125