1 0.3859375 0.20859375 0.13671875 0.0703125
1 0.33984375 0.2984375 0.1 0.10078125
1 0.45234375 0.26875 0.09140625 0.0859375
1 0.56953125 0.2890625 0.1109375 0.0890625
1 0.65859375 0.2375 0.09609375 0.10546875
1 0.7484375 0.26171875 0.07421875 0.08515625
1 0.31640625 0.4140625 0.1234375 0.05859375
0 0.44609375 0.40859375 0.08203125 0.09375
1 0.5171875 0.4 0.059375 0.07578125
1 0.66953125 0.35390625 0.11015625 0.0765625
1 0.6046875 0.415625 0.103125 0.096875
1 0.73046875 0.4328125 0.09765625 0.0859375
1 0.4109375 0.46953125 0.11953125 0.0734375
1 0.4015625 0.540625 0.1234375 0.06796875
1 0.31171875 0.6078125 0.1234375 0.06640625
1 0.215625 0.72109375 0.075 0.08515625
1 0.29921875 0.72265625 0.0890625 0.09140625
1 0.571875 0.5453125 0.1125 0.0765625
1 0.66640625 0.5828125 0.09375 0.09765625
1 0.778125 0.64375 0.1046875 0.0875
1 0.56640625 0.609375 0.12265625 0.06328125
0 0.4875 0.6796875 0.11015625 0.09140625
1 0.4609375 0.75546875 0.121875 0.0734375