0 0.590625 0.16171875 0.1140625 0.08984375
0 0.2828125 0.23203125 0.0875 0.109375
0 0.19765625 0.45390625 0.059375 0.0796875
0 0.1171875 0.56640625 0.09140625 0.06328125
0 0.303125 0.6515625 0.09140625 0.07578125
0 0.4515625 0.66796875 0.08125 0.06484375
0 0.490625 0.52890625 0.07890625 0.084375
0 0.70703125 0.26796875 0.0953125 0.090625
0 0.78203125 0.36015625 0.06796875 0.046875
0 0.67265625 0.45546875 0.08828125 0.0796875
0 0.85625 0.49375 0.10625 0.06796875
0 0.86484375 0.67890625 0.10703125 0.0890625
0 0.61171875 0.7875 0.12734375 0.08359375
1 0.46875 0.3640625 0.084375 0.08671875
1 0.6703125 0.59375 0.11796875 0.0625