1 0.49375 0.184375 0.09921875 0.0734375
1 0.3671875 0.26015625 0.109375 0.07265625
1 0.59921875 0.29375 0.08359375 0.08359375
1 0.7921875 0.26015625 0.11328125 0.0671875
1 0.134375 0.41953125 0.0859375 0.08515625
0 0.334375 0.33984375 0.10546875 0.08203125
1 0.49921875 0.390625 0.0875 0.0796875
0 0.396875 0.42578125 0.096875 0.078125
1 0.63046875 0.41484375 0.09921875 0.07890625
1 0.89921875 0.46484375 0.11796875 0.07578125
0 0.7921875 0.5 0.10859375 0.05703125
0 0.5359375 0.49453125 0.10703125 0.05859375
1 0.33359375 0.51953125 0.08046875 0.08984375
0 0.2203125 0.57421875 0.0953125 0.06640625
0 0.178125 0.70234375 0.11953125 0.07578125
1 0.47265625 0.634375 0.11484375 0.06328125
1 0.4171875 0.7328125 0.1046875 0.05859375
1 0.571875 0.75 0.0796875 0.0796875
1 0.58125 0.55546875 0.1 0.0609375
1 0.7828125 0.68984375 0.1296875 0.06484375
1 0.87890625 0.58203125 0.11796875 0.08046875