0 0.67265625 0.2484375 0.1203125 0.0890625
0 0.80390625 0.346875 0.1109375 0.0953125
0 0.79609375 0.48046875 0.0984375 0.1015625
0 0.640625 0.4609375 0.1015625 0.0828125
0 0.58046875 0.3765625 0.125 0.0765625
0 0.37421875 0.33203125 0.121875 0.0796875
0 0.75859375 0.6140625 0.1078125 0.06875
0 0.51953125 0.57109375 0.125 0.0765625
0 0.44140625 0.51640625 0.096875 0.0890625
0 0.3140625 0.54609375 0.115625 0.0703125
0 0.234375 0.68984375 0.109375 0.078125
0 0.40078125 0.6421875 0.1046875 0.09375
0 0.54453125 0.7140625 0.1140625 0.0765625
0 0.40078125 0.7203125 0.103125 0.0921875
0 0.62421875 0.77578125 0.11875 0.09375
0 0.54375 0.8484375 0.0875 0.121875
0 0.39375 0.87890625 0.128125 0.0875
0 0.340625 0.94609375 0.1015625 0.090625
0 0.21796875 0.9109375 0.09375 0.08125
0 0.125 0.81640625 0.0890625 0.084375