1 0.3875 0.13046875 0.1125 0.0984375
1 0.7828125 0.121875 0.084375 0.096875
1 0.56875 0.21796875 0.1046875 0.1046875
1 0.43828125 0.2734375 0.1390625 0.0890625
1 0.16875 0.253125 0.1078125 0.1
1 0.1578125 0.4453125 0.115625 0.103125
1 0.284375 0.42890625 0.1015625 0.1015625
1 0.6453125 0.4796875 0.1171875 0.0921875
1 0.7015625 0.65546875 0.1234375 0.0765625
1 0.50703125 0.853125 0.1109375 0.115625
1 0.4984375 0.62109375 0.13125 0.084375
1 0.3859375 0.4046875 0.109375 0.1109375
1 0.5859375 0.40390625 0.115625 0.0875
1 0.86328125 0.58671875 0.1046875 0.0828125
1 0.5859375 0.69296875 0.0890625 0.071875
1 0.7984375 0.33515625 0.1140625 0.0703125
0 0.68984375 0.55234375 0.121875 0.0734375
1 0.2046875 0.5734375 0.125 0.096875
0 0.31953125 0.67421875 0.1046875 0.084375
1 0.35546875 0.77109375 0.1171875 0.0828125