1 0.13203125 0.3125 0.08359375 0.08359375
1 0.48671875 0.22578125 0.128125 0.06171875
1 0.6765625 0.23046875 0.103125 0.08359375
1 0.3890625 0.290625 0.11875 0.06796875
1 0.62109375 0.36328125 0.0859375 0.08046875
1 0.27890625 0.4734375 0.10234375 0.08671875
1 0.3109375 0.61328125 0.0828125 0.0734375
1 0.1265625 0.771875 0.08671875 0.0875
1 0.459375 0.5453125 0.10546875 0.06484375
1 0.78203125 0.471875 0.0890625 0.09140625
1 0.57578125 0.51328125 0.1015625 0.071875
1 0.71875 0.88203125 0.1328125 0.0671875
0 0.4734375 0.41640625 0.08984375 0.08359375
0 0.88828125 0.44453125 0.07734375 0.0640625
0 0.70546875 0.57265625 0.10234375 0.0765625
0 0.59921875 0.58984375 0.103125 0.0703125