1 0.48125 0.80859375 0.13125 0.0828125
1 0.678125 0.7703125 0.1171875 0.0953125
1 0.3765625 0.6890625 0.1265625 0.0890625
1 0.54375 0.66953125 0.140625 0.071875
1 0.73828125 0.62265625 0.1265625 0.0734375
1 0.86640625 0.5109375 0.11875 0.0671875
1 0.7125 0.4734375 0.0890625 0.0984375
1 0.42578125 0.5671875 0.11875 0.0734375
1 0.22890625 0.57421875 0.1171875 0.09375
1 0.16875 0.37109375 0.1125 0.08125
1 0.50859375 0.5140625 0.1078125 0.09375
1 0.4921875 0.359375 0.09375 0.103125
1 0.59296875 0.27578125 0.1 0.0953125
1 0.68125 0.18984375 0.1046875 0.0875
0 0.6 0.48125 0.1046875 0.0734375
0 0.303125 0.465625 0.1140625 0.0890625
1 0.21171875 0.17265625 0.115625 0.0921875