1 0.23203125 0.23359375 0.1234375 0.1125
1 0.38203125 0.1609375 0.1078125 0.096875
1 0.565625 0.125 0.1203125 0.0765625
1 0.5671875 0.2453125 0.1078125 0.1015625
1 0.72109375 0.24296875 0.10625 0.096875
1 0.8234375 0.175 0.1140625 0.1015625
1 0.17421875 0.35078125 0.0984375 0.1
1 0.27421875 0.375 0.1125 0.10625
1 0.16953125 0.54296875 0.103125 0.0921875
0 0.15546875 0.68828125 0.1078125 0.078125
0 0.265625 0.6609375 0.140625 0.1015625
1 0.3828125 0.63671875 0.1171875 0.0890625
1 0.2765625 0.5390625 0.1203125 0.078125
1 0.6015625 0.459375 0.109375 0.09375
1 0.5296875 0.64765625 0.1015625 0.096875
1 0.5796875 0.60234375 0.10625 0.1015625
1 0.65 0.56328125 0.096875 0.0953125
1 0.3453125 0.7421875 0.0984375 0.1
1 0.41015625 0.828125 0.125 0.0921875
1 0.5265625 0.7546875 0.0875 0.1015625
1 0.45546875 0.73828125 0.1046875 0.1
1 0.6140625 0.725 0.121875 0.0859375
1 0.69375 0.64765625 0.125 0.0921875
1 0.8109375 0.52109375 0.103125 0.071875
0 0.7234375 0.3109375 0.121875 0.1015625
0 0.61015625 0.38984375 0.1203125 0.0828125
0 0.475 0.446875 0.10625 0.0921875
0 0.42578125 0.4953125 0.1125 0.1046875
0 0.29453125 0.47109375 0.0953125 0.0828125
1 0.421875 0.3515625 0.11875 0.1078125
1 0.3546875 0.4140625 0.13125 0.0953125