0 0.621875 0.06171875 0.08671875 0.08984375
0 0.24140625 0.1625 0.09609375 0.06796875
0 0.3375 0.2046875 0.09609375 0.0796875
0 0.425 0.2390625 0.0984375 0.0734375
0 0.490625 0.20546875 0.09609375 0.090625
0 0.6125 0.1984375 0.09921875 0.0890625
0 0.846875 0.29296875 0.11640625 0.084375
0 0.63203125 0.33984375 0.0921875 0.07109375
0 0.44375 0.37734375 0.07109375 0.1078125
0 0.24375 0.40546875 0.0984375 0.0859375
0 0.1265625 0.53984375 0.08828125 0.10859375
0 0.31015625 0.490625 0.08359375 0.0796875
0 0.58125 0.52734375 0.0921875 0.10390625
0 0.71875 0.43046875 0.13125 0.0796875
0 0.82734375 0.56796875 0.1015625 0.0890625
0 0.63046875 0.65234375 0.084375 0.0875
0 0.47734375 0.590625 0.07890625 0.0953125
0 0.1796875 0.6859375 0.1265625 0.059375
0 0.3671875 0.71328125 0.08828125 0.096875
0 0.571875 0.7765625 0.08828125 0.0875