0 0.3734375 0.77734375 0.1203125 0.0890625
0 0.22734375 0.703125 0.1109375 0.0953125
0 0.21171875 0.5703125 0.0984375 0.1015625
0 0.36796875 0.56328125 0.1015625 0.0828125
0 0.4421875 0.63515625 0.125 0.0765625
0 0.653125 0.64375 0.121875 0.0796875
0 0.225 0.43203125 0.1078125 0.06875
0 0.46796875 0.43359375 0.125 0.0765625
0 0.5546875 0.47421875 0.096875 0.0890625
0 0.675 0.421875 0.115625 0.0703125
0 0.72890625 0.26640625 0.109375 0.078125
0 0.5734375 0.34296875 0.1046875 0.09375
0 0.41875 0.296875 0.1140625 0.0765625
0 0.559375 0.265625 0.103125 0.0921875
0 0.3296875 0.25 0.11875 0.09375
0 0.39609375 0.16484375 0.0875 0.121875
0 0.5390625 0.10859375 0.128125 0.0875
0 0.57890625 0.0390625 0.1015625 0.078125
0 0.70625 0.046875 0.09375 0.08125
0 0.81484375 0.1234375 0.0890625 0.084375