0 0.45390625 0.25 0.08671875 0.07421875
0 0.25625 0.3203125 0.07734375 0.06796875
0 0.33125 0.47109375 0.1078125 0.05234375
0 0.8046875 0.31171875 0.0859375 0.07109375
0 0.91484375 0.4109375 0.075 0.06953125
0 0.6234375 0.46484375 0.07890625 0.08515625
0 0.884375 0.57734375 0.10234375 0.04921875
0 0.5984375 0.7125 0.084375 0.053125
0 0.82265625 0.759375 0.09921875 0.05859375
0 0.41640625 0.72578125 0.08671875 0.07265625
0 0.121875 0.68984375 0.09609375 0.05390625
1 0.48515625 0.57890625 0.0859375 0.08125
1 0.72734375 0.60859375 0.08359375 0.07890625
1 0.63671875 0.22421875 0.08828125 0.08203125
1 0.16328125 0.434375 0.09609375 0.0703125