0 0.746875 0.1796875 0.14375 0.090625
0 0.4390625 0.11953125 0.1140625 0.0828125
0 0.33828125 0.6546875 0.1109375 0.084375
0 0.175 0.665625 0.09375 0.090625
0 0.45390625 0.609375 0.096875 0.0921875
0 0.51796875 0.45234375 0.1109375 0.090625
0 0.7796875 0.41875 0.121875 0.0953125
1 0.72421875 0.28515625 0.103125 0.1
1 0.60703125 0.33203125 0.1015625 0.1046875
1 0.32421875 0.2453125 0.0890625 0.0875
1 0.4828125 0.33984375 0.1015625 0.084375
1 0.40625 0.40234375 0.1 0.1
1 0.65234375 0.45859375 0.10625 0.1
1 0.75546875 0.615625 0.1 0.09375
1 0.6265625 0.5890625 0.1 0.096875
1 0.3796875 0.50234375 0.09375 0.103125
1 0.2203125 0.57578125 0.0984375 0.0734375
1 0.31328125 0.7640625 0.0921875 0.0859375
1 0.40390625 0.8421875 0.1046875 0.103125
1 0.66875 0.87578125 0.115625 0.08125
1 0.5484375 0.7796875 0.1 0.090625
1 0.57109375 0.703125 0.0890625 0.0921875