0 0.42109375 0.27734375 0.121875 0.11875
0 0.578125 0.1234375 0.15625 0.1078125
0 0.646875 0.25390625 0.1140625 0.115625
0 0.39296875 0.40703125 0.1125 0.1171875
0 0.290625 0.471875 0.1078125 0.1015625
0 0.1359375 0.5453125 0.125 0.0890625
0 0.19296875 0.6359375 0.11875 0.1015625
0 0.259375 0.7 0.1203125 0.11875
0 0.3359375 0.75703125 0.1640625 0.0859375
0 0.61484375 0.70703125 0.134375 0.1125
0 0.48203125 0.4375 0.121875 0.1
0 0.48203125 0.51015625 0.1390625 0.0890625
0 0.696875 0.3640625 0.1484375 0.109375
0 0.67578125 0.45234375 0.1390625 0.0890625
0 0.63515625 0.57265625 0.115625 0.1140625
0 0.87109375 0.55703125 0.1296875 0.1140625
0 0.7640625 0.840625 0.115625 0.1125