0 0.37421875 0.2859375 0.128125 0.06328125
0 0.57109375 0.2734375 0.10078125 0.06875
0 0.603125 0.365625 0.0890625 0.090625
0 0.50859375 0.35859375 0.0859375 0.0796875
0 0.34453125 0.36171875 0.13125 0.06328125
0 0.2609375 0.4484375 0.0921875 0.10078125
0 0.1015625 0.43515625 0.08828125 0.071875
0 0.20859375 0.6890625 0.08046875 0.0796875
0 0.34296875 0.6171875 0.09140625 0.07265625
0 0.45078125 0.46328125 0.09140625 0.078125
0 0.46484375 0.53046875 0.06953125 0.06875
0 0.65 0.4453125 0.08671875 0.07890625
0 0.60859375 0.49453125 0.109375 0.0546875
0 0.5703125 0.56640625 0.08671875 0.06640625
0 0.7078125 0.58046875 0.09609375 0.06484375
0 0.86953125 0.4875 0.07734375 0.0921875
0 0.5515625 0.71875 0.06875 0.0875
0 0.7703125 0.715625 0.0953125 0.09375