0 0.39921875 0.19296875 0.1328125 0.1078125
0 0.18515625 0.68203125 0.134375 0.10625
0 0.5921875 0.61953125 0.0953125 0.0921875
0 0.86796875 0.35859375 0.1265625 0.1140625
0 0.834375 0.57421875 0.14375 0.115625
0 0.80078125 0.73203125 0.1328125 0.103125
0 0.8 0.44375 0.134375 0.121875
1 0.59609375 0.20703125 0.1265625 0.1015625
1 0.740625 0.20703125 0.140625 0.1125
1 0.6671875 0.28046875 0.1203125 0.1140625
1 0.415625 0.3296875 0.13125 0.1015625
1 0.54921875 0.365625 0.1171875 0.1234375
1 0.42890625 0.3953125 0.1296875 0.10625
1 0.1953125 0.471875 0.14375 0.128125
1 0.35859375 0.59609375 0.13125 0.109375
1 0.5859375 0.51171875 0.15625 0.0984375
1 0.709375 0.396875 0.128125 0.0890625
1 0.72578125 0.52734375 0.1375 0.1015625
1 0.61796875 0.73046875 0.1171875 0.109375
1 0.4140625 0.77890625 0.1359375 0.1109375
1 0.4421875 0.6296875 0.1140625 0.13125