1 0.34375 0.27578125 0.153125 0.1265625
1 0.4875 0.2046875 0.125 0.13125
1 0.6109375 0.103125 0.125 0.13125
1 0.2859375 0.440625 0.1578125 0.115625
1 0.12421875 0.56875 0.115625 0.1140625
1 0.28671875 0.578125 0.125 0.1015625
1 0.22421875 0.67890625 0.1421875 0.0953125
1 0.35078125 0.66796875 0.13125 0.11875
1 0.4734375 0.49453125 0.1328125 0.128125
1 0.7125 0.315625 0.115625 0.1109375
1 0.82109375 0.66484375 0.1296875 0.1015625
1 0.68515625 0.63984375 0.1359375 0.13125
0 0.271875 0.35703125 0.1453125 0.1171875
0 0.4375 0.4078125 0.14375 0.115625
0 0.61640625 0.33046875 0.11875 0.109375
1 0.6625 0.41953125 0.125 0.121875
1 0.825 0.4734375 0.1375 0.0953125
0 0.56875 0.64765625 0.1171875 0.0890625
0 0.628125 0.7015625 0.13125 0.09375