1 0.39375 0.22421875 0.1234375 0.0859375
0 0.284375 0.309375 0.11875 0.1234375
0 0.30859375 0.4125 0.14375 0.0796875
1 0.29375 0.48515625 0.121875 0.0984375
1 0.24609375 0.53984375 0.1234375 0.08125
0 0.45 0.31328125 0.0921875 0.08125
1 0.5578125 0.290625 0.128125 0.0921875
1 0.78359375 0.2796875 0.1078125 0.090625
1 0.67578125 0.35 0.11875 0.0953125
0 0.51796875 0.36328125 0.109375 0.096875
1 0.63828125 0.42265625 0.125 0.0859375
0 0.46484375 0.41953125 0.103125 0.0765625
1 0.61796875 0.47734375 0.13125 0.0859375
0 0.43671875 0.4734375 0.096875 0.08125
1 0.53515625 0.55234375 0.115625 0.0953125
1 0.35546875 0.58671875 0.1 0.1
1 0.33828125 0.65625 0.1125 0.071875
1 0.30703125 0.7640625 0.103125 0.1015625
0 0.45546875 0.58984375 0.1125 0.078125
1 0.55 0.62890625 0.1265625 0.08125
1 0.67109375 0.6578125 0.10625 0.0921875
1 0.54609375 0.71796875 0.1515625 0.0890625