1 0.33359375 0.2 0.109375 0.06953125
0 0.2140625 0.2765625 0.128125 0.059375
1 0.1734375 0.4125 0.1015625 0.05390625
1 0.45859375 0.28671875 0.09296875 0.075
1 0.64296875 0.28671875 0.10390625 0.05625
1 0.49140625 0.34453125 0.09296875 0.0734375
0 0.32109375 0.3953125 0.09140625 0.06328125
1 0.43671875 0.403125 0.11484375 0.053125
1 0.32734375 0.50078125 0.08125 0.06484375
0 0.41796875 0.45625 0.10234375 0.046875
0 0.43515625 0.5125 0.1015625 0.06328125
1 0.7125 0.425 0.1046875 0.059375
1 0.8671875 0.49375 0.0671875 0.0625
1 0.66875 0.5484375 0.09296875 0.06796875
0 0.678125 0.61953125 0.07578125 0.0859375
1 0.48359375 0.61796875 0.096875 0.06015625
1 0.165625 0.59765625 0.08046875 0.0796875
0 0.29765625 0.66875 0.06796875 0.08046875
1 0.36484375 0.64296875 0.07734375 0.0734375
1 0.33984375 0.7078125 0.090625 0.0625
1 0.45078125 0.68125 0.1078125 0.05546875
1 0.4875 0.7328125 0.0859375 0.05625
1 0.55703125 0.7515625 0.0984375 0.0859375