1 0.378125 0.1875 0.10546875 0.07109375
1 0.76171875 0.22421875 0.11640625 0.06796875
1 0.7953125 0.33125 0.10703125 0.07265625
1 0.61171875 0.3203125 0.09296875 0.065625
1 0.3375 0.29375 0.10625 0.075
1 0.22890625 0.34375 0.11015625 0.06875
1 0.49453125 0.37421875 0.09140625 0.06875
1 0.64921875 0.42421875 0.10390625 0.0671875
0 0.71484375 0.51328125 0.07421875 0.071875
0 0.85859375 0.48203125 0.0953125 0.07265625
0 0.52578125 0.56171875 0.08203125 0.07265625
0 0.53671875 0.63515625 0.08984375 0.05859375
0 0.53984375 0.83515625 0.096875 0.08125
1 0.321875 0.440625 0.1203125 0.0609375
1 0.46875 0.4921875 0.10078125 0.07734375
1 0.6921875 0.5984375 0.1125 0.0625
1 0.80703125 0.68828125 0.10625 0.0546875
1 0.7890625 0.7609375 0.1171875 0.06484375
1 0.2375 0.75859375 0.1 0.071875
1 0.2875 0.628125 0.084375 0.096875
1 0.11953125 0.55703125 0.08828125 0.090625
0 0.553125 0.2046875 0.08203125 0.08515625