1 0.21875 0.33671875 0.11328125 0.06171875
1 0.3375 0.29375 0.1109375 0.0703125
1 0.56171875 0.2515625 0.10390625 0.08671875
1 0.38203125 0.36328125 0.1 0.06796875
1 0.25078125 0.4515625 0.11953125 0.06953125
1 0.5234375 0.43046875 0.07890625 0.084375
1 0.85234375 0.440625 0.10390625 0.08125
1 0.396875 0.47734375 0.12578125 0.08046875
1 0.53828125 0.525 0.0921875 0.084375
1 0.846875 0.66171875 0.1015625 0.08515625
1 0.309375 0.5984375 0.125 0.06328125
1 0.40078125 0.56171875 0.07734375 0.07890625
1 0.309375 0.6625 0.1296875 0.06796875
1 0.48515625 0.60859375 0.12265625 0.07890625
0 0.1765625 0.60859375 0.12109375 0.0765625
0 0.490625 0.71796875 0.0875 0.07734375
0 0.5234375 0.7875 0.13125 0.06640625
0 0.5765625 0.6390625 0.0859375 0.103125