1 0.35234375 0.24453125 0.11328125 0.06953125
0 0.25703125 0.3453125 0.10234375 0.109375
0 0.29765625 0.44375 0.1359375 0.059375
1 0.29375 0.51796875 0.11015625 0.08203125
1 0.25546875 0.57890625 0.1140625 0.06484375
0 0.42109375 0.3234375 0.08203125 0.06953125
1 0.52421875 0.284375 0.11796875 0.075
1 0.7453125 0.23828125 0.096875 0.0765625
1 0.65 0.32421875 0.10703125 0.07890625
0 0.49609375 0.3625 0.09765625 0.08203125
1 0.62421875 0.40234375 0.11640625 0.06875
0 0.45234375 0.42578125 0.0953125 0.06171875
1 0.61328125 0.459375 0.12265625 0.06796875
0 0.43359375 0.48359375 0.08671875 0.06796875
1 0.54296875 0.54609375 0.1046875 0.0796875
1 0.37109375 0.60859375 0.0875 0.08671875
1 0.36484375 0.6796875 0.10546875 0.05625
1 0.35078125 0.790625 0.08984375 0.08828125
0 0.4703125 0.5953125 0.10390625 0.0625
1 0.56953125 0.61953125 0.11796875 0.0640625
1 0.69375 0.62890625 0.0953125 0.078125
1 0.5796875 0.7078125 0.14296875 0.0671875