0 0.42265625 0.24921875 0.128125 0.0703125
0 0.70078125 0.29296875 0.140625 0.0953125
0 0.29453125 0.4234375 0.1125 0.0953125
0 0.48359375 0.403125 0.1265625 0.075
0 0.7078125 0.4484375 0.1390625 0.096875
0 0.62265625 0.5546875 0.1390625 0.084375
0 0.14296875 0.50625 0.1328125 0.0875
0 0.49296875 0.6078125 0.125 0.09375
0 0.375 0.63984375 0.125 0.0734375
0 0.4125 0.69609375 0.109375 0.0609375
0 0.51875 0.68203125 0.1015625 0.096875
0 0.70078125 0.6421875 0.1265625 0.0796875
0 0.9234375 0.63046875 0.1109375 0.0890625
0 0.2953125 0.81015625 0.11875 0.0796875