1 0.7140625 0.76171875 0.140625 0.0921875
1 0.3859375 0.8265625 0.1125 0.0890625
1 0.61328125 0.69453125 0.10625 0.1
1 0.7109375 0.58046875 0.1171875 0.10625
1 0.4796875 0.64453125 0.121875 0.0953125
1 0.36640625 0.67578125 0.1109375 0.096875
1 0.1625 0.63828125 0.125 0.1015625
1 0.190625 0.50859375 0.121875 0.1015625
1 0.29921875 0.4796875 0.0953125 0.0984375
1 0.378125 0.5390625 0.1203125 0.0859375
1 0.44375 0.49375 0.1296875 0.0875
0 0.66484375 0.50546875 0.128125 0.096875
1 0.6515625 0.4390625 0.1 0.096875
1 0.865625 0.3296875 0.125 0.1046875
1 0.62109375 0.31953125 0.1203125 0.0828125
1 0.49609375 0.365625 0.121875 0.1125
1 0.409375 0.271875 0.1140625 0.0921875
1 0.278125 0.28359375 0.1203125 0.090625