0 0.49140625 0.18359375 0.08359375 0.1203125
0 0.615625 0.13671875 0.1265625 0.0671875
0 0.22109375 0.30859375 0.10546875 0.0921875
0 0.340625 0.278125 0.1234375 0.0734375
0 0.346875 0.43984375 0.08984375 0.078125
0 0.54921875 0.4140625 0.09296875 0.1015625
0 0.63203125 0.425 0.10546875 0.0703125
0 0.696875 0.30390625 0.128125 0.09140625
0 0.7890625 0.35703125 0.1015625 0.06875
0 0.14375 0.56875 0.0859375 0.0828125
0 0.35078125 0.640625 0.0875 0.07109375
0 0.50859375 0.6078125 0.11171875 0.07265625
1 0.6359375 0.6234375 0.08671875 0.06640625
0 0.85703125 0.5953125 0.10625 0.06484375
0 0.5046875 0.68828125 0.1359375 0.07734375
0 0.246875 0.809375 0.09140625 0.07578125
0 0.69609375 0.85546875 0.084375 0.09140625