0 0.17421875 0.7765625 0.109375 0.1171875
0 0.2703125 0.66171875 0.153125 0.1046875
0 0.50859375 0.6625 0.09375 0.1
0 0.6890625 0.86171875 0.1546875 0.103125
0 0.315625 0.48984375 0.15625 0.0921875
0 0.5359375 0.525 0.14375 0.125
0 0.76640625 0.53984375 0.1203125 0.121875
0 0.61015625 0.453125 0.1234375 0.1296875
0 0.16328125 0.35546875 0.11875 0.115625
0 0.284375 0.41328125 0.1421875 0.0953125
0 0.390625 0.41171875 0.109375 0.13125
0 0.31015625 0.34140625 0.1296875 0.084375
0 0.53359375 0.3390625 0.1328125 0.1015625
0 0.80859375 0.421875 0.1671875 0.0921875
0 0.88046875 0.31328125 0.1578125 0.11875
0 0.7609375 0.190625 0.134375 0.11875
0 0.52265625 0.23046875 0.128125 0.1125
0 0.5796875 0.2015625 0.11875 0.1171875
0 0.6453125 0.16953125 0.1109375 0.1125
0 0.66328125 0.07578125 0.15625 0.1046875