1 0.42265625 0.1734375 0.1140625 0.084375
1 0.79765625 0.26328125 0.125 0.0828125
1 0.815625 0.37421875 0.115625 0.0875
1 0.6359375 0.3375 0.1015625 0.078125
1 0.36796875 0.2734375 0.115625 0.0890625
1 0.253125 0.3078125 0.11875 0.0828125
1 0.51171875 0.375 0.1 0.08125
1 0.65859375 0.44609375 0.1125 0.08125
0 0.7109375 0.54296875 0.0828125 0.08125
0 0.8578125 0.53203125 0.1046875 0.0859375
0 0.5171875 0.56484375 0.090625 0.0828125
0 0.5171875 0.6390625 0.096875 0.0703125
0 0.49296875 0.8375 0.1078125 0.09375
1 0.33203125 0.41640625 0.128125 0.0765625
1 0.4703125 0.48828125 0.1109375 0.090625
1 0.6765625 0.62421875 0.1203125 0.078125
1 0.778125 0.72890625 0.1125 0.06875
1 0.75 0.7984375 0.125 0.08125
1 0.20390625 0.71953125 0.109375 0.084375
1 0.271875 0.59765625 0.096875 0.1078125
1 0.115625 0.50390625 0.1 0.1015625
0 0.59375 0.21484375 0.09375 0.0953125