0 0.8203125 0.77265625 0.09375 0.1203125
0 0.7265625 0.721875 0.0609375 0.13125
0 0.5375 0.78671875 0.0953125 0.096875
0 0.43515625 0.75078125 0.096875 0.078125
0 0.2984375 0.6921875 0.0921875 0.09375
0 0.303125 0.5578125 0.078125 0.1265625
0 0.39453125 0.5328125 0.075 0.11875
0 0.590625 0.6171875 0.0765625 0.1375
0 0.7625 0.478125 0.0875 0.1203125
0 0.6578125 0.42578125 0.0953125 0.0921875
0 0.63046875 0.35234375 0.1 0.0953125
0 0.49296875 0.4671875 0.0921875 0.1109375
0 0.46484375 0.3828125 0.0921875 0.1015625
0 0.546875 0.2515625 0.0828125 0.103125
0 0.42421875 0.165625 0.0984375 0.0953125
0 0.259375 0.20234375 0.084375 0.09375
0 0.32265625 0.28125 0.0765625 0.109375
0 0.159375 0.28984375 0.078125 0.13125
0 0.25234375 0.4171875 0.0578125 0.1265625
0 0.07890625 0.4890625 0.103125 0.0875