1 0.16640625 0.23515625 0.12421875 0.08203125
1 0.3515625 0.32265625 0.11328125 0.09921875
1 0.51640625 0.37109375 0.09375 0.09375
1 0.83125 0.375 0.12578125 0.0796875
1 0.84296875 0.4625 0.11484375 0.08515625
1 0.69375 0.53359375 0.13125 0.09453125
1 0.51484375 0.46953125 0.11328125 0.0796875
1 0.55703125 0.63515625 0.1328125 0.06796875
1 0.734375 0.77421875 0.10859375 0.1046875
1 0.46328125 0.68046875 0.08125 0.09609375
1 0.27734375 0.68671875 0.09296875 0.10390625
1 0.2390625 0.5421875 0.12578125 0.075
1 0.42578125 0.596875 0.10234375 0.08125
0 0.4078125 0.490625 0.109375 0.0984375
0 0.65703125 0.259375 0.11484375 0.10078125
0 0.640625 0.6734375 0.11875 0.08515625