1 0.47890625 0.2015625 0.11015625 0.07578125
1 0.41875 0.30703125 0.1203125 0.06015625
1 0.3203125 0.32109375 0.10625 0.07578125
1 0.628125 0.28671875 0.11875 0.0625
1 0.60859375 0.34765625 0.1203125 0.06015625
1 0.24921875 0.434375 0.090625 0.0734375
1 0.340625 0.4109375 0.0953125 0.0671875
1 0.41796875 0.375 0.12421875 0.05546875
1 0.56484375 0.46171875 0.0890625 0.08515625
1 0.92734375 0.621875 0.065625 0.08046875
1 0.73125 0.59453125 0.09921875 0.0875
1 0.6859375 0.52890625 0.0828125 0.08046875
0 0.653125 0.425 0.0921875 0.07578125
0 0.4515625 0.4578125 0.11796875 0.0796875
0 0.1546875 0.5078125 0.11484375 0.065625
1 0.165625 0.63046875 0.11171875 0.0859375
1 0.36953125 0.571875 0.090625 0.0875
1 0.46640625 0.55859375 0.1078125 0.071875
1 0.35390625 0.6375 0.11328125 0.065625
0 0.35625 0.25390625 0.1109375 0.06796875
1 0.53515625 0.63984375 0.1 0.0734375
0 0.61953125 0.71328125 0.0890625 0.078125
0 0.403125 0.803125 0.11484375 0.0578125