1 0.5125 0.16171875 0.096875 0.09375
1 0.37109375 0.21640625 0.128125 0.08125
1 0.25234375 0.31796875 0.1375 0.1
1 0.1765625 0.38125 0.109375 0.08125
1 0.2625 0.47734375 0.1359375 0.08125
1 0.47421875 0.46484375 0.128125 0.0796875
1 0.25546875 0.553125 0.1265625 0.0921875
1 0.18046875 0.67578125 0.115625 0.0984375
0 0.31640625 0.6484375 0.084375 0.096875
1 0.45703125 0.6234375 0.1 0.09375
1 0.54453125 0.64609375 0.125 0.090625
1 0.615625 0.80234375 0.109375 0.1046875
1 0.77890625 0.53828125 0.1 0.1078125
1 0.71640625 0.48046875 0.1359375 0.0765625
1 0.584375 0.28515625 0.090625 0.08125
0 0.6984375 0.22578125 0.071875 0.0953125
0 0.45234375 0.38125 0.09375 0.090625
0 0.51484375 0.546875 0.1046875 0.0890625