1 0.77109375 0.20390625 0.090625 0.0984375
1 0.61328125 0.23984375 0.109375 0.0890625
0 0.24296875 0.2015625 0.090625 0.0890625
1 0.384375 0.30234375 0.1140625 0.0890625
1 0.2796875 0.3609375 0.09375 0.0796875
1 0.29296875 0.50703125 0.115625 0.075
1 0.15625 0.52734375 0.121875 0.084375
1 0.25 0.66875 0.0890625 0.084375
1 0.18671875 0.759375 0.1109375 0.075
1 0.64453125 0.6921875 0.115625 0.0734375
1 0.784375 0.6765625 0.10625 0.0953125
0 0.79140625 0.5859375 0.125 0.08125
1 0.80390625 0.5171875 0.109375 0.1015625
1 0.8234375 0.38984375 0.1125 0.084375
1 0.68359375 0.3484375 0.1140625 0.090625
1 0.53359375 0.34296875 0.1046875 0.0828125
1 0.50703125 0.41640625 0.0890625 0.0875
1 0.515625 0.58046875 0.109375 0.0703125
0 0.43515625 0.77890625 0.09375 0.1
0 0.38046875 0.65859375 0.1078125 0.0890625
0 0.56953125 0.48671875 0.1234375 0.0765625