1 0.38359375 0.22734375 0.1125 0.084375
1 0.63046875 0.21953125 0.1203125 0.0984375
1 0.27265625 0.3078125 0.1234375 0.103125
1 0.1984375 0.42109375 0.1046875 0.10625
1 0.346875 0.44765625 0.115625 0.090625
1 0.47578125 0.29765625 0.11875 0.1171875
1 0.8203125 0.37109375 0.1421875 0.096875
1 0.7375 0.56640625 0.1171875 0.096875
1 0.565625 0.6265625 0.103125 0.0859375
1 0.4921875 0.68125 0.1046875 0.1015625
1 0.7296875 0.7734375 0.134375 0.0953125
1 0.31875 0.67890625 0.103125 0.103125
1 0.425 0.7671875 0.125 0.0953125
0 0.61875 0.35234375 0.1234375 0.090625
0 0.75078125 0.43984375 0.1109375 0.096875
0 0.63671875 0.4703125 0.1140625 0.084375
0 0.48046875 0.440625 0.1203125 0.109375
0 0.56171875 0.5453125 0.121875 0.0859375
0 0.3328125 0.528125 0.1421875 0.096875