1 0.75625 0.25703125 0.11875 0.08125
1 0.6375 0.19921875 0.128125 0.0828125
1 0.35 0.20703125 0.0984375 0.0953125
1 0.246875 0.2734375 0.0875 0.0875
1 0.78125 0.4640625 0.1015625 0.08125
1 0.6703125 0.615625 0.090625 0.0875
1 0.7703125 0.69375 0.0875 0.0875
1 0.58359375 0.6921875 0.1171875 0.0765625
1 0.11875 0.43984375 0.08125 0.0859375
1 0.3296875 0.5625 0.1171875 0.0703125
0 0.24609375 0.77421875 0.0859375 0.08125
0 0.46171875 0.7125 0.1046875 0.0578125
0 0.68984375 0.34921875 0.0828125 0.078125
0 0.5359375 0.37421875 0.0984375 0.0921875
0 0.50078125 0.49609375 0.1125 0.0765625
0 0.365625 0.34921875 0.1015625 0.0578125
0 0.36875 0.4828125 0.0875 0.0875