0 0.396875 0.1703125 0.08046875 0.0875
0 0.540625 0.30546875 0.090625 0.07578125
0 0.72734375 0.38671875 0.0984375 0.05546875
0 0.28359375 0.3859375 0.08203125 0.0703125
0 0.3625 0.578125 0.090625 0.08203125
0 0.58046875 0.58046875 0.11875 0.06484375
0 0.746875 0.64609375 0.071875 0.0765625
0 0.484375 0.73046875 0.0921875 0.09140625
0 0.1140625 0.61640625 0.10234375 0.08828125
0 0.53203125 0.878125 0.103125 0.0859375
1 0.66640625 0.16953125 0.10703125 0.08046875
1 0.44296875 0.4015625 0.08046875 0.07578125
1 0.91875 0.4515625 0.096875 0.08046875
1 0.7140625 0.790625 0.090625 0.0734375
1 0.23203125 0.71796875 0.07734375 0.084375