1 0.2578125 0.80078125 0.0953125 0.090625
1 0.3625 0.83359375 0.0921875 0.0890625
0 0.46796875 0.84609375 0.103125 0.06875
1 0.59140625 0.8 0.1 0.090625
1 0.74921875 0.76796875 0.08125 0.0921875
1 0.390625 0.746875 0.1234375 0.071875
1 0.55 0.72265625 0.0828125 0.084375
1 0.71640625 0.68359375 0.1125 0.075
1 0.75703125 0.61171875 0.1171875 0.0765625
1 0.5875 0.63203125 0.1171875 0.0703125
1 0.6015625 0.56796875 0.103125 0.065625
0 0.4046875 0.678125 0.1 0.075
1 0.45 0.6140625 0.0953125 0.090625
1 0.35078125 0.5796875 0.0984375 0.0640625
1 0.240625 0.6 0.1015625 0.096875
1 0.128125 0.4671875 0.1046875 0.0734375
0 0.35078125 0.471875 0.1140625 0.0671875
1 0.30859375 0.3640625 0.078125 0.0734375
1 0.56171875 0.49609375 0.0953125 0.084375
1 0.4609375 0.45234375 0.090625 0.0828125
1 0.3984375 0.38984375 0.096875 0.0703125
1 0.515625 0.37890625 0.1078125 0.0765625
0 0.6375 0.39609375 0.1140625 0.0640625
1 0.47890625 0.325 0.1046875 0.0671875
1 0.67421875 0.51796875 0.090625 0.0609375
1 0.75078125 0.46953125 0.096875 0.08125
1 0.765625 0.3265625 0.0921875 0.0875
1 0.66484375 0.2921875 0.090625 0.0890625
1 0.36015625 0.14375 0.0859375 0.0890625