0 0.80546875 0.2109375 0.08828125 0.115625
0 0.71484375 0.26640625 0.0546875 0.12890625
0 0.52265625 0.21171875 0.090625 0.0921875
0 0.421875 0.253125 0.09375 0.0734375
0 0.28828125 0.31875 0.08828125 0.0890625
0 0.3 0.45234375 0.07109375 0.12265625
0 0.39296875 0.47265625 0.06953125 0.11484375
0 0.584375 0.378125 0.06953125 0.13359375
0 0.76328125 0.5078125 0.08203125 0.115625
0 0.66171875 0.565625 0.090625 0.0875
0 0.63828125 0.640625 0.09609375 0.08984375
0 0.49453125 0.5328125 0.08671875 0.10703125
0 0.47109375 0.61875 0.08671875 0.09765625
0 0.56015625 0.7453125 0.078125 0.09921875
0 0.4421875 0.8375 0.09375 0.08984375
0 0.275 0.81015625 0.0796875 0.0890625
0 0.334375 0.72734375 0.07109375 0.10625
0 0.17109375 0.72734375 0.07109375 0.12734375
0 0.25703125 0.5953125 0.0515625 0.1234375
0 0.0796875 0.5328125 0.0984375 0.0828125