1 0.4578125 0.8890625 0.1265625 0.0921875
1 0.3640625 0.7234375 0.159375 0.1109375
1 0.19140625 0.63046875 0.1515625 0.1078125
1 0.25078125 0.5421875 0.153125 0.1046875
1 0.40625 0.5640625 0.1203125 0.1109375
1 0.56328125 0.68515625 0.1453125 0.134375
1 0.703125 0.6921875 0.1125 0.10625
1 0.80625 0.67421875 0.1125 0.1203125
1 0.69453125 0.5421875 0.140625 0.115625
1 0.3859375 0.484375 0.140625 0.1265625
1 0.23671875 0.23046875 0.1578125 0.1078125
1 0.70546875 0.42578125 0.134375 0.1140625
1 0.86484375 0.40390625 0.1015625 0.090625
0 0.49765625 0.32734375 0.1234375 0.1203125
0 0.25703125 0.45078125 0.0984375 0.1125
1 0.496875 0.05546875 0.1359375 0.1