1 0.29921875 0.82578125 0.1625 0.1125
1 0.62109375 0.8546875 0.1328125 0.128125
0 0.2984375 0.6671875 0.1234375 0.128125
0 0.2625 0.56796875 0.103125 0.1109375
0 0.4140625 0.6265625 0.1203125 0.128125
0 0.7609375 0.67890625 0.1265625 0.1234375
0 0.6140625 0.59921875 0.1546875 0.1015625
0 0.24375 0.396875 0.14375 0.10625
0 0.52421875 0.2140625 0.1234375 0.1171875
0 0.59453125 0.42421875 0.11875 0.09375
1 0.80859375 0.5171875 0.1203125 0.1234375
1 0.63359375 0.52265625 0.134375 0.096875
1 0.48828125 0.490625 0.13125 0.096875
1 0.47109375 0.40078125 0.1421875 0.11875
1 0.29609375 0.2546875 0.1078125 0.0953125
1 0.8640625 0.2546875 0.1296875 0.1328125