0 0.2046875 0.190625 0.09921875 0.1078125
0 0.28828125 0.31484375 0.14375 0.090625
0 0.52578125 0.3390625 0.084375 0.09140625
0 0.72578125 0.16015625 0.14609375 0.0890625
0 0.315625 0.490625 0.1484375 0.07734375
0 0.53828125 0.47890625 0.1328125 0.1125
0 0.76875 0.48828125 0.109375 0.11171875
0 0.6046875 0.5578125 0.1109375 0.11796875
0 0.15 0.60859375 0.1078125 0.1046875
0 0.2765625 0.5640625 0.134375 0.08125
0 0.38203125 0.5765625 0.096875 0.121875
0 0.29453125 0.6375 0.1234375 0.071875
0 0.51640625 0.66328125 0.12421875 0.0890625
0 0.7984375 0.61015625 0.1609375 0.075
0 0.85859375 0.72578125 0.14765625 0.103125
0 0.72734375 0.83515625 0.1234375 0.10703125
0 0.49453125 0.7703125 0.11875 0.10078125
0 0.54765625 0.80546875 0.1078125 0.10625
0 0.61015625 0.84375 0.10078125 0.103125
0 0.61796875 0.9390625 0.14765625 0.0890625