0 0.45234375 0.184375 0.1140625 0.0640625
0 0.37109375 0.28359375 0.109375 0.0671875
0 0.1875 0.52578125 0.1046875 0.096875
0 0.8515625 0.5734375 0.1046875 0.071875
0 0.43203125 0.50234375 0.096875 0.0703125
1 0.6859375 0.2734375 0.1234375 0.06875
1 0.6046875 0.33984375 0.1078125 0.0640625
1 0.76015625 0.39296875 0.090625 0.0875
0 0.6765625 0.51171875 0.1 0.08125
1 0.484375 0.4515625 0.1015625 0.0765625
1 0.38515625 0.421875 0.109375 0.0671875
1 0.503125 0.521875 0.1 0.0734375
1 0.49765625 0.58359375 0.115625 0.065625
1 0.39140625 0.5890625 0.1 0.078125
1 0.26953125 0.546875 0.084375 0.0765625
1 0.2265625 0.628125 0.125 0.06875
1 0.47265625 0.66796875 0.1171875 0.0796875
1 0.55234375 0.734375 0.1140625 0.0765625