1 0.409375 0.11875 0.12734375 0.09609375
1 0.10703125 0.4078125 0.103125 0.10078125
1 0.603125 0.79296875 0.1328125 0.0796875
1 0.2890625 0.7109375 0.1046875 0.12265625
1 0.38359375 0.70546875 0.10234375 0.109375
1 0.58125 0.709375 0.1140625 0.06484375
0 0.359375 0.29296875 0.08515625 0.10390625
0 0.6765625 0.21640625 0.13671875 0.08671875
0 0.8328125 0.25390625 0.13828125 0.08671875
0 0.5234375 0.3484375 0.13359375 0.09375
0 0.82734375 0.4140625 0.08828125 0.10703125
0 0.7703125 0.52421875 0.09453125 0.103125
0 0.6015625 0.44453125 0.15625 0.09453125
0 0.39921875 0.50703125 0.16015625 0.0828125
0 0.659375 0.584375 0.1640625 0.078125