1 0.5421875 0.20390625 0.115625 0.0828125
1 0.59453125 0.31328125 0.1234375 0.06875
1 0.69140625 0.334375 0.1109375 0.0828125
1 0.38671875 0.278125 0.1234375 0.0703125
1 0.40234375 0.340625 0.1234375 0.06875
1 0.7546875 0.45234375 0.0953125 0.0796875
1 0.66484375 0.42265625 0.1 0.0734375
1 0.590625 0.38125 0.128125 0.0640625
1 0.43828125 0.45703125 0.0953125 0.090625
1 0.06484375 0.59140625 0.0703125 0.084375
1 0.2625 0.578125 0.1046875 0.09375
1 0.3125 0.515625 0.0875 0.0859375
0 0.35234375 0.41484375 0.096875 0.08125
0 0.5515625 0.4609375 0.1234375 0.0875
0 0.84375 0.53203125 0.11875 0.0734375
1 0.82421875 0.653125 0.1171875 0.09375
1 0.625 0.58046875 0.096875 0.09375
1 0.5296875 0.5609375 0.1125 0.0796875
1 0.6359375 0.64765625 0.1171875 0.0734375
0 0.6609375 0.26484375 0.115625 0.075
1 0.45546875 0.63671875 0.1046875 0.0796875
0 0.365625 0.7046875 0.09375 0.084375
0 0.57578125 0.809375 0.11875 0.065625