1 0.746875 0.19453125 0.1125 0.115625
1 0.59609375 0.24140625 0.153125 0.1015625
1 0.30703125 0.34921875 0.1328125 0.1109375
1 0.63046875 0.35078125 0.1171875 0.0953125
1 0.8609375 0.40859375 0.1078125 0.109375
1 0.34296875 0.496875 0.140625 0.10625
1 0.134375 0.5546875 0.11875 0.1265625
1 0.77890625 0.62890625 0.115625 0.10625
1 0.753125 0.80078125 0.1171875 0.1046875
1 0.70625 0.86171875 0.1171875 0.1078125
1 0.665625 0.70625 0.134375 0.096875
1 0.3328125 0.7703125 0.109375 0.1015625
0 0.51484375 0.72734375 0.1125 0.0984375
1 0.4078125 0.64453125 0.103125 0.09375
1 0.54140625 0.609375 0.1125 0.1140625
0 0.6265625 0.55546875 0.1203125 0.0890625
0 0.4390625 0.4515625 0.1125 0.109375
0 0.5921875 0.471875 0.134375 0.0859375
0 0.775 0.33359375 0.121875 0.1
0 0.8171875 0.54375 0.125 0.0875