0 0.4625 0.25859375 0.103125 0.1140625
0 0.65390625 0.203125 0.1125 0.103125
0 0.77265625 0.26953125 0.115625 0.096875
0 0.79609375 0.3984375 0.11875 0.084375
0 0.54609375 0.365625 0.11875 0.0953125
0 0.37890625 0.41640625 0.1359375 0.0890625
0 0.159375 0.4234375 0.1296875 0.0859375
0 0.30546875 0.50859375 0.0953125 0.103125
0 0.34375 0.61328125 0.159375 0.09375
0 0.5171875 0.52109375 0.103125 0.1078125
0 0.775 0.46875 0.13125 0.0921875
0 0.7125 0.56640625 0.1109375 0.103125
0 0.86015625 0.60625 0.103125 0.1171875
0 0.578125 0.5921875 0.125 0.08125
0 0.528125 0.64765625 0.1140625 0.096875
0 0.65703125 0.7328125 0.1296875 0.0859375
0 0.38046875 0.73828125 0.121875 0.0921875
0 0.55390625 0.85078125 0.1140625 0.10625
0 0.17109375 0.69140625 0.1125 0.1046875