1 0.66328125 0.228125 0.1078125 0.08125
1 0.6390625 0.4109375 0.1109375 0.075
1 0.5796875 0.46015625 0.084375 0.08125
1 0.46015625 0.48359375 0.1203125 0.075
1 0.12890625 0.559375 0.0828125 0.0921875
1 0.33203125 0.53828125 0.1125 0.078125
1 0.27109375 0.57578125 0.10625 0.075
1 0.81875 0.63984375 0.1203125 0.0765625
1 0.61640625 0.6078125 0.0828125 0.09375
1 0.73046875 0.7609375 0.11875 0.0765625
1 0.5171875 0.8421875 0.1234375 0.0734375
1 0.53828125 0.71328125 0.109375 0.065625
1 0.41171875 0.65390625 0.1171875 0.0765625
0 0.43359375 0.1796875 0.0859375 0.1078125
0 0.22421875 0.30625 0.1171875 0.071875
0 0.41171875 0.3515625 0.1328125 0.0765625
1 0.58359375 0.26328125 0.1171875 0.071875
0 0.74296875 0.4609375 0.0859375 0.0828125
0 0.678125 0.675 0.1 0.0734375
0 0.2578125 0.753125 0.1203125 0.0671875
0 0.17109375 0.43359375 0.0921875 0.0921875