1 0.178125 0.2046875 0.1125 0.1140625
1 0.32890625 0.27265625 0.096875 0.1140625
1 0.4953125 0.43359375 0.109375 0.090625
1 0.584375 0.61953125 0.1 0.096875
1 0.60078125 0.74140625 0.109375 0.0921875
1 0.409375 0.88046875 0.1265625 0.0859375
1 0.3359375 0.70390625 0.1125 0.0875
1 0.22578125 0.5828125 0.1234375 0.103125
1 0.3078125 0.5625 0.0828125 0.0875
1 0.4109375 0.29453125 0.109375 0.1
1 0.58828125 0.26328125 0.13125 0.0953125
0 0.80703125 0.26171875 0.1171875 0.10625
0 0.64375 0.3828125 0.1109375 0.115625
0 0.76015625 0.484375 0.128125 0.078125
0 0.7953125 0.61015625 0.10625 0.1015625
0 0.55 0.52578125 0.0921875 0.0921875
0 0.3484375 0.50859375 0.1046875 0.084375
0 0.4046875 0.384375 0.1390625 0.084375