1 0.48984375 0.07421875 0.0984375 0.1015625
1 0.75703125 0.2203125 0.109375 0.090625
1 0.5359375 0.24453125 0.121875 0.06875
1 0.23671875 0.23671875 0.090625 0.084375
1 0.26015625 0.3875 0.1046875 0.0609375
1 0.4171875 0.3546875 0.10625 0.065625
1 0.61796875 0.36640625 0.1125 0.084375
1 0.7453125 0.44140625 0.1 0.078125
1 0.45859375 0.51171875 0.090625 0.0828125
1 0.60625 0.5328125 0.0921875 0.084375
0 0.68984375 0.615625 0.125 0.0703125
1 0.859375 0.68125 0.0734375 0.0640625
1 0.6171875 0.66015625 0.1046875 0.078125
1 0.66796875 0.81953125 0.1265625 0.071875
1 0.13515625 0.48515625 0.1328125 0.071875
0 0.29921875 0.571875 0.1390625 0.065625
0 0.4828125 0.73203125 0.1203125 0.0640625
1 0.403125 0.79921875 0.090625 0.090625
1 0.12421875 0.79765625 0.125 0.075
1 0.14609375 0.62734375 0.1015625 0.0953125
1 0.2453125 0.653125 0.096875 0.0953125