1 0.18984375 0.2390625 0.096875 0.109375
1 0.4609375 0.20390625 0.13671875 0.0828125
1 0.3453125 0.32734375 0.10859375 0.0765625
1 0.4953125 0.3078125 0.13828125 0.0703125
1 0.86015625 0.46953125 0.09296875 0.09140625
1 0.6359375 0.47734375 0.10390625 0.078125
1 0.50234375 0.4234375 0.128125 0.0828125
1 0.1640625 0.4671875 0.14375 0.0828125
1 0.2578125 0.5765625 0.090625 0.08828125
1 0.30390625 0.7671875 0.09375 0.10390625
1 0.52734375 0.69296875 0.11953125 0.08359375
1 0.64765625 0.696875 0.0984375 0.09375
1 0.5796875 0.62734375 0.125 0.06953125
0 0.6734375 0.34609375 0.09609375 0.1
0 0.80234375 0.29609375 0.08671875 0.09921875
0 0.38203125 0.5421875 0.1265625 0.0765625
0 0.7828125 0.66484375 0.1109375 0.0875