1 0.796875 0.2703125 0.0890625 0.0796875
1 0.6671875 0.1828125 0.096875 0.0625
1 0.48359375 0.28984375 0.0625 0.0703125
1 0.31640625 0.34296875 0.0703125 0.0765625
1 0.23046875 0.58125 0.1046875 0.0609375
1 0.6640625 0.57734375 0.0984375 0.065625
1 0.7359375 0.734375 0.1015625 0.071875
1 0.5859375 0.8484375 0.1015625 0.071875
1 0.8890625 0.58515625 0.078125 0.0828125
1 0.66171875 0.3953125 0.071875 0.0859375
1 0.15078125 0.73046875 0.0859375 0.0890625
1 0.35546875 0.79453125 0.0828125 0.071875
1 0.3515625 0.66953125 0.0703125 0.071875
1 0.4453125 0.48203125 0.0984375 0.0609375
1 0.478125 0.1140625 0.0953125 0.0671875
1 0.28203125 0.15859375 0.078125 0.0875
0 0.1703125 0.309375 0.0671875 0.084375
0 0.15234375 0.45703125 0.0859375 0.05625
0 0.56796875 0.63359375 0.0734375 0.078125
0 0.85078125 0.43984375 0.0984375 0.0796875