1 0.509375 0.84140625 0.1125 0.0765625
1 0.8390625 0.734375 0.1171875 0.0765625
1 0.79609375 0.609375 0.115625 0.0796875
1 0.1828125 0.5484375 0.1046875 0.090625
1 0.3640625 0.31484375 0.1296875 0.0859375
1 0.28828125 0.1734375 0.1015625 0.071875
1 0.5265625 0.2 0.134375 0.065625
1 0.53203125 0.26875 0.090625 0.084375
1 0.890625 0.43984375 0.103125 0.0921875
0 0.75390625 0.4015625 0.0890625 0.1
0 0.64453125 0.45546875 0.1046875 0.084375
0 0.61328125 0.5640625 0.11875 0.0671875
1 0.6046875 0.70703125 0.103125 0.103125
0 0.43671875 0.7171875 0.1015625 0.0859375
0 0.29296875 0.71328125 0.103125 0.1015625
0 0.15546875 0.6859375 0.0859375 0.09375
0 0.4875 0.590625 0.1234375 0.0859375
1 0.46640625 0.45703125 0.1078125 0.0734375
1 0.31953125 0.4953125 0.1015625 0.0578125
0 0.1828125 0.34765625 0.0859375 0.0765625