1 0.53984375 0.81953125 0.1171875 0.0875
1 0.39453125 0.765625 0.090625 0.1078125
1 0.22890625 0.7296875 0.109375 0.071875
1 0.5640625 0.73125 0.109375 0.0859375
1 0.671875 0.46796875 0.1109375 0.0828125
0 0.63125 0.384375 0.1 0.103125
0 0.609375 0.27421875 0.09375 0.0890625
0 0.27109375 0.27421875 0.0984375 0.078125
0 0.57578125 0.55546875 0.103125 0.0765625
0 0.88671875 0.44140625 0.1171875 0.075
0 0.55625 0.6640625 0.090625 0.0859375
1 0.7578125 0.628125 0.0921875 0.1078125
1 0.45 0.60625 0.103125 0.09375
1 0.28828125 0.6328125 0.0859375 0.0890625
1 0.13203125 0.546875 0.1 0.096875
1 0.2484375 0.44140625 0.0921875 0.078125
1 0.1625 0.3734375 0.09375 0.0953125
1 0.42734375 0.49765625 0.1 0.0953125
1 0.40234375 0.37109375 0.1015625 0.090625