0 0.64609375 0.25546875 0.1125 0.1
0 0.5 0.29375 0.08125 0.1015625
0 0.434375 0.4015625 0.0859375 0.096875
0 0.6046875 0.42265625 0.121875 0.0859375
0 0.8328125 0.3703125 0.134375 0.0765625
0 0.76484375 0.5359375 0.0984375 0.0890625
0 0.85703125 0.63125 0.1140625 0.096875
0 0.55625 0.5859375 0.11875 0.0921875
0 0.621875 0.765625 0.115625 0.0984375
0 0.44140625 0.8125 0.090625 0.1109375
0 0.290625 0.6578125 0.128125 0.0625
0 0.29375 0.50703125 0.0875 0.0859375
1 0.278125 0.2953125 0.0984375 0.1
1 0.09453125 0.48671875 0.0984375 0.103125