0 0.425 0.77109375 0.1171875 0.096875
0 0.17734375 0.76796875 0.0828125 0.0890625
0 0.17734375 0.5546875 0.103125 0.0921875
0 0.26640625 0.64375 0.1171875 0.09375
0 0.3390625 0.62578125 0.1046875 0.0875
0 0.7328125 0.7765625 0.1296875 0.071875
0 0.60390625 0.6203125 0.115625 0.08125
0 0.5765625 0.5671875 0.0890625 0.0875
0 0.4984375 0.53515625 0.1234375 0.0796875
0 0.33125 0.5328125 0.1359375 0.0703125
0 0.3453125 0.46796875 0.1140625 0.0984375
0 0.44453125 0.42578125 0.084375 0.1015625
0 0.6453125 0.52734375 0.0984375 0.103125
0 0.78515625 0.53125 0.1109375 0.075
0 0.6296875 0.4234375 0.1015625 0.0796875
0 0.6328125 0.36015625 0.125 0.065625
0 0.4875 0.3359375 0.125 0.090625
1 0.23046875 0.28125 0.134375 0.0796875