0 0.48828125 0.77734375 0.1234375 0.0859375
0 0.48671875 0.67421875 0.1328125 0.0890625
1 0.1875 0.70546875 0.10625 0.0921875
1 0.25625 0.63984375 0.1203125 0.0890625
0 0.4125 0.53515625 0.1078125 0.08125
1 0.2953125 0.5359375 0.121875 0.0859375
1 0.34375 0.46640625 0.0890625 0.1046875
0 0.5078125 0.48671875 0.1015625 0.0953125
1 0.7015625 0.67421875 0.0828125 0.0765625
1 0.759375 0.603125 0.13125 0.0765625
0 0.86484375 0.55390625 0.1296875 0.0671875
1 0.61875 0.54296875 0.115625 0.0734375
1 0.715625 0.4390625 0.1359375 0.084375
0 0.515625 0.34765625 0.1171875 0.090625
1 0.17265625 0.2984375 0.0921875 0.1109375
0 0.38671875 0.234375 0.128125 0.075
1 0.62109375 0.17734375 0.115625 0.0828125