0 0.703125 0.31171875 0.1171875 0.06328125
0 0.390625 0.21328125 0.12578125 0.0625
0 0.21484375 0.27421875 0.08515625 0.08828125
0 0.38828125 0.31015625 0.08046875 0.0703125
0 0.26484375 0.396875 0.109375 0.075
0 0.371875 0.42890625 0.09140625 0.08828125
0 0.55390625 0.3953125 0.1109375 0.05546875
0 0.6953125 0.45234375 0.0796875 0.0671875
0 0.6171875 0.4625 0.09296875 0.06796875
0 0.4109375 0.509375 0.08984375 0.06484375
0 0.43125 0.5703125 0.11875 0.05859375
0 0.10703125 0.58125 0.11875 0.0578125
0 0.28515625 0.63203125 0.08984375 0.0640625
1 0.35625 0.62109375 0.0953125 0.07734375
0 0.38203125 0.6921875 0.11484375 0.06796875
0 0.4078125 0.8125 0.0890625 0.084375
0 0.609375 0.6046875 0.078125 0.0890625
0 0.8046875 0.57890625 0.0953125 0.0703125
0 0.7125 0.63125 0.1015625 0.0546875
0 0.89609375 0.634375 0.06328125 0.06875
0 0.78203125 0.68984375 0.10546875 0.075
0 0.58828125 0.70703125 0.10390625 0.07890625
0 0.6484375 0.8609375 0.0875 0.08828125