1 0.18046875 0.43125 0.115625 0.0953125
1 0.20234375 0.5265625 0.121875 0.0890625
1 0.584375 0.25546875 0.1109375 0.08125
1 0.41640625 0.378125 0.1046875 0.0828125
1 0.51796875 0.38125 0.1109375 0.075
1 0.73515625 0.31640625 0.0890625 0.0859375
1 0.70546875 0.409375 0.1140625 0.1015625
1 0.62109375 0.46484375 0.11875 0.0921875
1 0.38125 0.48046875 0.0796875 0.084375
1 0.29609375 0.63046875 0.1140625 0.096875
1 0.22109375 0.6984375 0.1140625 0.09375
1 0.4234375 0.684375 0.1125 0.103125
1 0.61796875 0.7078125 0.1015625 0.0921875
1 0.69453125 0.590625 0.0953125 0.103125
1 0.84921875 0.54296875 0.1046875 0.0828125
1 0.7 0.50390625 0.1125 0.0875
1 0.45625 0.5296875 0.1015625 0.1125
0 0.56015625 0.59609375 0.10625 0.1015625
0 0.3609375 0.2828125 0.1296875 0.1015625
0 0.22734375 0.35859375 0.1171875 0.1