0 0.275 0.3 0.11328125 0.06328125
0 0.47578125 0.2921875 0.10234375 0.08125
0 0.60234375 0.3609375 0.1296875 0.05703125
0 0.68984375 0.4125 0.11171875 0.0765625
0 0.15234375 0.38828125 0.1203125 0.10703125
0 0.290625 0.51015625 0.10234375 0.0796875
0 0.1953125 0.5484375 0.08984375 0.07578125
0 0.41796875 0.5015625 0.12265625 0.0765625
0 0.49609375 0.4625 0.125 0.06328125
0 0.6703125 0.52421875 0.08359375 0.09453125
0 0.83515625 0.5765625 0.0890625 0.08828125
0 0.65234375 0.63828125 0.096875 0.05859375
0 0.4875 0.58671875 0.11796875 0.06796875
0 0.34609375 0.6453125 0.1015625 0.07578125
0 0.19296875 0.69765625 0.10078125 0.084375
0 0.28984375 0.803125 0.0796875 0.08984375
0 0.41953125 0.740625 0.1125 0.09375
0 0.62734375 0.74375 0.125 0.06171875
0 0.70546875 0.803125 0.09375 0.06484375