1 0.1859375 0.25 0.07734375 0.08671875
1 0.34765625 0.2609375 0.0984375 0.075
0 0.70703125 0.16484375 0.07890625 0.078125
1 0.58359375 0.28671875 0.103125 0.07421875
1 0.69609375 0.328125 0.08359375 0.06796875
1 0.70546875 0.47421875 0.10703125 0.05859375
1 0.84375 0.4734375 0.1125 0.06796875
1 0.7734375 0.62734375 0.07890625 0.07265625
1 0.85 0.70703125 0.103125 0.059375
1 0.3875 0.7125 0.1078125 0.0578125
1 0.246875 0.71875 0.0953125 0.08203125
0 0.22578125 0.63046875 0.115625 0.0640625
1 0.20234375 0.56484375 0.096875 0.0875
1 0.16328125 0.4421875 0.103125 0.06875
1 0.2953125 0.37890625 0.10390625 0.07578125
1 0.4421875 0.35 0.0953125 0.06953125
1 0.4796875 0.41875 0.078125 0.07578125
1 0.496875 0.58203125 0.10234375 0.05546875
0 0.6078125 0.765625 0.08046875 0.0890625
0 0.64296875 0.63828125 0.09765625 0.075
0 0.42890625 0.49765625 0.115625 0.05859375