1 0.39609375 0.25390625 0.1015625 0.08359375
1 0.665625 0.275 0.10859375 0.05859375
1 0.64453125 0.3453125 0.125 0.0640625
0 0.371875 0.36171875 0.09921875 0.0515625
1 0.121875 0.453125 0.08671875 0.0671875
1 0.3734375 0.43203125 0.10390625 0.0625
1 0.22890625 0.54609375 0.0734375 0.07109375
1 0.7515625 0.421875 0.10234375 0.06875
1 0.90546875 0.5234375 0.07265625 0.071875
0 0.73125 0.5 0.07890625 0.084375
1 0.625 0.465625 0.09453125 0.07265625
1 0.4828125 0.4734375 0.09296875 0.0578125
1 0.38359375 0.51015625 0.09375 0.07734375
1 0.5859375 0.534375 0.0953125 0.0546875
1 0.73984375 0.675 0.06328125 0.06953125
1 0.55703125 0.62265625 0.08671875 0.07890625
1 0.38046875 0.62578125 0.09296875 0.06015625