1 0.590625 0.13125 0.0625 0.0765625
1 0.34453125 0.14921875 0.090625 0.065625
1 0.16328125 0.12421875 0.084375 0.0671875
1 0.24609375 0.26796875 0.0828125 0.078125
1 0.55234375 0.27578125 0.08125 0.0734375
1 0.70390625 0.34765625 0.0796875 0.0703125
1 0.42734375 0.29453125 0.0765625 0.065625
1 0.11875 0.4078125 0.1046875 0.065625
1 0.38046875 0.375 0.084375 0.0609375
1 0.43046875 0.4578125 0.1125 0.05625
1 0.54375 0.4171875 0.0859375 0.0625
1 0.89765625 0.3703125 0.075 0.0765625
1 0.79140625 0.60390625 0.1 0.05625
1 0.66796875 0.7234375 0.0921875 0.0625
1 0.60546875 0.49140625 0.06875 0.0765625
1 0.75234375 0.82890625 0.096875 0.0609375
1 0.359375 0.5390625 0.0640625 0.0734375
0 0.74140625 0.21328125 0.0765625 0.065625
0 0.84140625 0.4671875 0.109375 0.0640625
0 0.5296875 0.6421875 0.084375 0.0765625
0 0.29296875 0.7265625 0.0765625 0.0609375
0 0.35 0.84453125 0.08125 0.0703125
1 0.18046875 0.62890625 0.08125 0.0546875
0 0.15390625 0.51875 0.109375 0.0546875