0 0.8046875 0.22421875 0.13125 0.0859375
0 0.60390625 0.22109375 0.125 0.090625
0 0.46015625 0.24375 0.10625 0.1015625
0 0.33125 0.36875 0.125 0.0828125
0 0.24765625 0.4015625 0.10625 0.1125
0 0.75859375 0.36484375 0.1 0.10625
0 0.6515625 0.3375 0.096875 0.0984375
0 0.72890625 0.46640625 0.1046875 0.0984375
0 0.63203125 0.4453125 0.1234375 0.1078125
0 0.53359375 0.52421875 0.103125 0.109375
0 0.3453125 0.5296875 0.109375 0.1125
0 0.875 0.5921875 0.1421875 0.08125
0 0.84140625 0.70546875 0.1546875 0.096875
0 0.5765625 0.6484375 0.1296875 0.0953125
0 0.65859375 0.759375 0.121875 0.09375
0 0.6015625 0.8109375 0.134375 0.0875
0 0.45 0.74609375 0.1546875 0.0796875
0 0.29765625 0.66953125 0.1203125 0.090625
0 0.128125 0.62578125 0.10625 0.09375