1 0.23046875 0.08828125 0.0734375 0.07578125
1 0.34921875 0.23828125 0.08125 0.08671875
1 0.54921875 0.23203125 0.09453125 0.0921875
1 0.6125 0.1515625 0.10234375 0.08671875
1 0.7265625 0.14609375 0.08359375 0.07890625
1 0.19453125 0.3484375 0.08125 0.071875
1 0.32890625 0.35859375 0.103125 0.0859375
1 0.66640625 0.33984375 0.10234375 0.07109375
1 0.86171875 0.371875 0.1140625 0.06640625
1 0.6859375 0.4296875 0.115625 0.0640625
1 0.8375 0.4953125 0.103125 0.0703125
1 0.628125 0.53359375 0.10078125 0.0640625
1 0.50234375 0.49296875 0.08671875 0.075
1 0.7703125 0.7109375 0.0984375 0.0640625
1 0.74921875 0.80234375 0.103125 0.084375
1 0.490625 0.7546875 0.08671875 0.06484375
1 0.49375 0.628125 0.08359375 0.08359375
1 0.2875 0.67890625 0.1140625 0.059375
1 0.09921875 0.49453125 0.1171875 0.06171875
0 0.3296875 0.48125 0.1171875 0.06796875
0 0.36640625 0.56328125 0.109375 0.06796875
0 0.2515625 0.6078125 0.1125 0.06171875
0 0.715625 0.61875 0.08515625 0.0859375
0 0.8890625 0.6234375 0.1 0.0609375
0 0.503125 0.384375 0.08125 0.08046875
0 0.240625 0.87734375 0.109375 0.08671875