0 0.1296875 0.55625 0.1015625 0.0921875
0 0.3734375 0.5921875 0.15 0.09375
0 0.66640625 0.64765625 0.13125 0.0921875
0 0.59296875 0.55859375 0.1109375 0.0859375
0 0.4125 0.54609375 0.1296875 0.084375
0 0.3328125 0.51015625 0.0921875 0.0984375
0 0.27734375 0.428125 0.11875 0.10625
0 0.346875 0.40546875 0.1125 0.1265625
0 0.53125 0.4546875 0.1109375 0.109375
0 0.7109375 0.52734375 0.1015625 0.090625
0 0.7796875 0.53125 0.1078125 0.0984375
0 0.8609375 0.496875 0.134375 0.1046875
0 0.61953125 0.3703125 0.1078125 0.1
0 0.453125 0.259375 0.10625 0.0890625
0 0.284375 0.29375 0.1046875 0.090625
0 0.684375 0.278125 0.125 0.0890625
0 0.75625 0.334375 0.1078125 0.109375
0 0.79140625 0.40546875 0.1359375 0.1
0 0.94453125 0.35234375 0.1109375 0.1046875
0 0.61328125 0.10390625 0.1359375 0.0890625