0 0.5 0.19375 0.1265625 0.1
0 0.42421875 0.30703125 0.1078125 0.0953125
0 0.5296875 0.303125 0.1140625 0.1
0 0.58515625 0.34375 0.1109375 0.103125
0 0.753125 0.3890625 0.115625 0.109375
0 0.68203125 0.47265625 0.1359375 0.1
0 0.18828125 0.32578125 0.140625 0.090625
0 0.378125 0.459375 0.153125 0.0828125
0 0.53828125 0.528125 0.1296875 0.090625
0 0.3703125 0.5125 0.1375 0.08125
0 0.31953125 0.59140625 0.1296875 0.0828125
0 0.2640625 0.64609375 0.1546875 0.115625
0 0.40234375 0.65078125 0.1140625 0.1046875
0 0.353125 0.73125 0.1484375 0.109375
0 0.5625 0.67109375 0.109375 0.1140625
0 0.84765625 0.6203125 0.1609375 0.1
1 0.7296875 0.709375 0.1109375 0.1125
1 0.66875 0.8390625 0.1421875 0.09375
0 0.41484375 0.87578125 0.109375 0.134375
0 0.4921875 0.88828125 0.10625 0.10625