0 0.5796875 0.19375 0.1078125 0.1359375
0 0.46875 0.1203125 0.1390625 0.09375
0 0.81484375 0.3765625 0.1234375 0.1140625
0 0.70546875 0.31953125 0.1375 0.1
0 0.6625 0.47578125 0.1046875 0.096875
0 0.47109375 0.40546875 0.1140625 0.1203125
0 0.38828125 0.396875 0.11875 0.0921875
0 0.35234375 0.26484375 0.1453125 0.1171875
0 0.25078125 0.2953125 0.1140625 0.0890625
0 0.83203125 0.646875 0.103125 0.1
0 0.6140625 0.6703125 0.1015625 0.0890625
0 0.4671875 0.603125 0.125 0.0953125
1 0.33984375 0.58984375 0.1 0.084375
0 0.13046875 0.5125 0.11875 0.0875
0 0.453125 0.68203125 0.15 0.10625
0 0.67734375 0.85859375 0.10625 0.09375
0 0.22890625 0.80234375 0.103125 0.1078125