1 0.2328125 0.22109375 0.0890625 0.08359375
1 0.33359375 0.1796875 0.08515625 0.08125
0 0.43828125 0.1578125 0.0984375 0.06015625
1 0.56484375 0.19296875 0.09375 0.0828125
1 0.725 0.2109375 0.07421875 0.0859375
1 0.36953125 0.26328125 0.11875 0.0625
1 0.53046875 0.27421875 0.07578125 0.07734375
1 0.69921875 0.2984375 0.10703125 0.06640625
1 0.74609375 0.36640625 0.1125 0.06640625
1 0.57578125 0.3609375 0.1125 0.0609375
1 0.5953125 0.4234375 0.09921875 0.0578125
0 0.38984375 0.33046875 0.09375 0.0671875
1 0.440625 0.390625 0.0890625 0.08359375
1 0.34453125 0.43359375 0.09375 0.05546875
1 0.2328125 0.42265625 0.09375 0.08828125
1 0.13203125 0.56484375 0.1 0.065625
0 0.35390625 0.540625 0.11015625 0.0578125
1 0.32109375 0.65234375 0.07265625 0.06796875
1 0.56171875 0.4984375 0.0890625 0.07734375
1 0.46484375 0.55078125 0.08359375 0.0765625
1 0.40859375 0.61875 0.09140625 0.0625
1 0.52578125 0.61953125 0.1015625 0.0671875
0 0.64609375 0.59140625 0.11015625 0.05390625
1 0.49453125 0.67578125 0.1 0.059375
1 0.671875 0.4671875 0.08671875 0.05390625
1 0.75234375 0.50859375 0.09140625 0.07421875
1 0.7796875 0.65 0.08515625 0.08046875
1 0.68203125 0.69296875 0.08359375 0.08203125
1 0.39140625 0.8671875 0.0796875 0.0828125