0 0.53203125 0.88984375 0.0953125 0.121875
0 0.29765625 0.68671875 0.1109375 0.109375
0 0.4734375 0.65546875 0.1140625 0.096875
0 0.175 0.55546875 0.1203125 0.10625
0 0.7390625 0.62265625 0.125 0.09375
0 0.5015625 0.4671875 0.096875 0.0890625
0 0.28359375 0.4140625 0.1015625 0.078125
0 0.225 0.2234375 0.1046875 0.096875
0 0.54921875 0.290625 0.109375 0.071875
0 0.69453125 0.21328125 0.0953125 0.078125
0 0.86875 0.33828125 0.1140625 0.1015625
1 0.62421875 0.75703125 0.121875 0.1078125
1 0.38671875 0.78046875 0.1015625 0.09375
1 0.65390625 0.4375 0.103125 0.103125
1 0.378125 0.33359375 0.1171875 0.1046875
1 0.4515625 0.190625 0.10625 0.0875