1 0.83046875 0.13515625 0.084375 0.0859375
1 0.68984375 0.26484375 0.09375 0.0984375
1 0.49296875 0.22734375 0.1078125 0.10625
1 0.44375 0.13828125 0.1140625 0.1015625
1 0.33125 0.11484375 0.0953125 0.090625
1 0.82578125 0.3984375 0.0921875 0.084375
1 0.69140625 0.38671875 0.115625 0.1015625
1 0.3609375 0.315625 0.1125 0.0859375
1 0.1625 0.3171875 0.1234375 0.0828125
1 0.32734375 0.4015625 0.125 0.08125
1 0.1671875 0.4421875 0.1125 0.0859375
1 0.36796875 0.51328125 0.109375 0.0796875
1 0.4984375 0.49296875 0.096875 0.0875
1 0.2 0.66640625 0.1078125 0.078125
1 0.20625 0.759375 0.115625 0.1
1 0.46953125 0.753125 0.0953125 0.078125
1 0.4859375 0.62734375 0.0953125 0.0953125
1 0.68203125 0.71015625 0.121875 0.0765625
1 0.896875 0.55703125 0.125 0.0796875
0 0.67109375 0.5078125 0.1265625 0.0859375
0 0.621875 0.58359375 0.11875 0.084375
0 0.728125 0.6453125 0.1203125 0.078125
0 0.26875 0.58359375 0.096875 0.0984375
0 0.09609375 0.5609375 0.1078125 0.0765625
0 0.51484375 0.38515625 0.0921875 0.0921875
0 0.696875 0.91328125 0.121875 0.103125