0 0.63359375 0.303125 0.1359375 0.1046875
0 0.69921875 0.396875 0.1109375 0.0921875
0 0.75546875 0.490625 0.1140625 0.1015625
0 0.34140625 0.159375 0.1171875 0.103125
0 0.46953125 0.32734375 0.115625 0.1078125
0 0.3921875 0.34140625 0.1125 0.121875
0 0.29375 0.36484375 0.1453125 0.103125
0 0.509375 0.44765625 0.134375 0.090625
0 0.146875 0.47578125 0.10625 0.1125
0 0.34296875 0.54765625 0.1046875 0.1015625
0 0.46015625 0.51875 0.1125 0.0796875
0 0.53671875 0.5984375 0.1328125 0.0953125
0 0.70078125 0.60546875 0.13125 0.1015625
0 0.7640625 0.771875 0.13125 0.0875
0 0.5859375 0.71875 0.1390625 0.1125
0 0.42578125 0.64453125 0.10625 0.1015625
0 0.165625 0.66171875 0.1328125 0.103125
0 0.38828125 0.7359375 0.109375 0.1171875
0 0.47734375 0.88671875 0.134375 0.0921875
0 0.615625 0.8203125 0.11875 0.1140625