0 0.35078125 0.18359375 0.109375 0.07890625
0 0.2 0.26796875 0.11015625 0.08515625
0 0.3 0.32421875 0.11171875 0.075
0 0.48671875 0.24296875 0.08828125 0.10078125
0 0.4265625 0.315625 0.1359375 0.05859375
0 0.465625 0.36796875 0.1125 0.05234375
0 0.63671875 0.29140625 0.07578125 0.08203125
0 0.7515625 0.35703125 0.13203125 0.0578125
0 0.79140625 0.39921875 0.11796875 0.05390625
0 0.63984375 0.44921875 0.09453125 0.059375
0 0.509375 0.4625 0.09921875 0.06953125
0 0.33046875 0.44375 0.1203125 0.0515625
0 0.15859375 0.4484375 0.1171875 0.0546875
1 0.20078125 0.55546875 0.09296875 0.09375
0 0.14765625 0.62734375 0.0890625 0.0859375
0 0.36328125 0.675 0.084375 0.08359375
0 0.42890625 0.5578125 0.1078125 0.08671875
0 0.5125 0.54296875 0.08828125 0.08515625
0 0.6453125 0.53125 0.090625 0.07734375
0 0.74453125 0.6046875 0.0828125 0.08359375
0 0.58046875 0.82734375 0.0828125 0.07421875
0 0.52734375 0.9109375 0.0921875 0.07265625