0 0.58984375 0.19296875 0.1390625 0.0875
0 0.45 0.1859375 0.14375 0.0921875
0 0.45546875 0.30078125 0.13125 0.09375
0 0.63828125 0.37890625 0.1453125 0.1046875
0 0.77890625 0.52265625 0.125 0.0921875
0 0.4859375 0.53984375 0.0828125 0.1109375
0 0.7265625 0.6796875 0.1484375 0.0921875
0 0.58984375 0.69296875 0.1375 0.1203125
0 0.48515625 0.78046875 0.1203125 0.1015625
0 0.34765625 0.64609375 0.103125 0.1109375
0 0.21640625 0.6828125 0.134375 0.096875
0 0.14921875 0.53203125 0.1203125 0.103125
0 0.3625 0.4796875 0.103125 0.096875
0 0.27578125 0.3125 0.0859375 0.090625
1 0.84375 0.27578125 0.146875 0.096875
1 0.1703125 0.3546875 0.15 0.0921875