1 0.615625 0.13515625 0.14765625 0.07890625
1 0.296875 0.18515625 0.11015625 0.1046875
0 0.65546875 0.2890625 0.10078125 0.10703125
0 0.7140625 0.3765625 0.08359375 0.09296875
0 0.553125 0.35625 0.09765625 0.1078125
0 0.20390625 0.38984375 0.10625 0.1
0 0.365625 0.43125 0.14296875 0.06875
0 0.7734375 0.53828125 0.12890625 0.07734375
0 0.54609375 0.78359375 0.103125 0.09453125
0 0.4265625 0.59609375 0.10390625 0.07109375
1 0.19609375 0.5578125 0.09921875 0.10234375
1 0.36484375 0.51015625 0.121875 0.06875
1 0.51328125 0.50625 0.1171875 0.07109375
1 0.55234375 0.5890625 0.1234375 0.0921875
1 0.75703125 0.6890625 0.09296875 0.075
1 0.20625 0.82578125 0.10625 0.11015625