0 0.54140625 0.75078125 0.0875 0.075
0 0.740625 0.68359375 0.078125 0.06875
0 0.66796875 0.53203125 0.109375 0.0546875
0 0.1921875 0.6828125 0.0875 0.071875
0 0.08359375 0.58203125 0.0765625 0.0703125
0 0.37578125 0.5328125 0.0796875 0.0859375
0 0.1171875 0.415625 0.103125 0.0515625
0 0.40546875 0.2859375 0.0859375 0.0546875
0 0.18203125 0.23515625 0.1 0.0609375
0 0.5875 0.27578125 0.0875 0.0734375
0 0.88125 0.31640625 0.096875 0.05625
1 0.51640625 0.42109375 0.0875 0.0828125
1 0.27421875 0.3875 0.084375 0.0796875
1 0.35859375 0.7734375 0.0890625 0.0828125
1 0.83515625 0.571875 0.096875 0.071875