0 0.42109375 0.26875 0.0875 0.10078125
0 0.6 0.18125 0.09921875 0.08671875
0 0.72890625 0.22578125 0.103125 0.08046875
0 0.77421875 0.3484375 0.10859375 0.06640625
0 0.521875 0.359375 0.10625 0.07734375
0 0.36640625 0.43828125 0.12578125 0.06875
0 0.1515625 0.48359375 0.11953125 0.06640625
0 0.31015625 0.5421875 0.08046875 0.090625
0 0.365625 0.6390625 0.14921875 0.06875
0 0.5203125 0.51796875 0.0875 0.09375
0 0.765625 0.42109375 0.1203125 0.07265625
0 0.72109375 0.528125 0.096875 0.0875
0 0.8734375 0.5421875 0.0859375 0.103125
0 0.59296875 0.57734375 0.115625 0.06171875
0 0.553125 0.640625 0.1015625 0.0796875
0 0.6953125 0.70234375 0.1203125 0.065625
0 0.4234375 0.75546875 0.1109375 0.0734375
0 0.6140625 0.8359375 0.09921875 0.08984375
0 0.209375 0.7453125 0.09921875 0.08828125