1 0.3046875 0.1765625 0.10546875 0.08984375
1 0.46796875 0.1421875 0.0921875 0.0765625
1 0.6546875 0.15234375 0.1109375 0.0515625
1 0.6265625 0.26875 0.09140625 0.08125
1 0.7765625 0.30390625 0.090625 0.0765625
1 0.8921875 0.2625 0.0984375 0.0796875
1 0.2203125 0.2765625 0.08125 0.08203125
1 0.3109375 0.32421875 0.09375 0.08671875
1 0.16875 0.46171875 0.0875 0.07265625
0 0.1203125 0.59921875 0.096875 0.05703125
0 0.23359375 0.59921875 0.1265625 0.07265625
1 0.353125 0.60390625 0.10390625 0.065625
1 0.2734375 0.48359375 0.11015625 0.053125
1 0.60859375 0.48515625 0.09453125 0.0734375
1 0.49296875 0.65078125 0.08515625 0.07890625
1 0.55234375 0.61875 0.0890625 0.08203125
1 0.63046875 0.59765625 0.0796875 0.07890625
1 0.29140625 0.69765625 0.08125 0.08203125
1 0.33359375 0.796875 0.11171875 0.06640625
1 0.4640625 0.75390625 0.06875 0.08828125
1 0.39921875 0.7203125 0.08828125 0.08125
1 0.55625 0.74609375 0.11015625 0.0609375
1 0.65234375 0.68984375 0.11171875 0.0671875
1 0.796875 0.59609375 0.09375 0.05
0 0.7625 0.3703125 0.10625 0.07890625
0 0.63359375 0.41953125 0.11015625 0.0578125
0 0.48828125 0.4421875 0.09140625 0.071875
0 0.42890625 0.47734375 0.0953125 0.084375
0 0.3078125 0.42265625 0.08125 0.065625
1 0.46015625 0.33671875 0.1015625 0.0859375
1 0.3796875 0.38125 0.11875 0.06875