0 0.50234375 0.22265625 0.121875 0.0828125
0 0.50703125 0.325 0.13125 0.0859375
1 0.80546875 0.28359375 0.103125 0.0890625
1 0.73828125 0.35234375 0.1171875 0.084375
0 0.58671875 0.46171875 0.1046875 0.078125
1 0.703125 0.45703125 0.1203125 0.0828125
1 0.65703125 0.528125 0.0859375 0.103125
0 0.49296875 0.5140625 0.0984375 0.0921875
1 0.29296875 0.3328125 0.08125 0.075
1 0.2375 0.40546875 0.1296875 0.071875
0 0.13359375 0.45859375 0.128125 0.0640625
1 0.3796875 0.4609375 0.1140625 0.06875
1 0.28671875 0.56875 0.1328125 0.0796875
0 0.48984375 0.653125 0.115625 0.0875
1 0.834375 0.68984375 0.0875 0.1078125
0 0.62265625 0.76171875 0.1265625 0.071875
1 0.390625 0.8265625 0.1140625 0.0796875