1 0.16484375 0.2796875 0.103125 0.059375
1 0.396875 0.225 0.09453125 0.08828125
0 0.49296875 0.284375 0.07734375 0.07578125
1 0.7859375 0.2390625 0.0984375 0.05859375
1 0.82734375 0.3796875 0.09296875 0.0703125
1 0.6484375 0.384375 0.07109375 0.06484375
0 0.4296875 0.4 0.0796875 0.07421875
1 0.2890625 0.40546875 0.0953125 0.05859375
1 0.17265625 0.584375 0.06953125 0.08828125
0 0.521875 0.45546875 0.09765625 0.06796875
0 0.334375 0.49140625 0.109375 0.05859375
1 0.36796875 0.60546875 0.10234375 0.0546875
1 0.51953125 0.60703125 0.08984375 0.06953125
1 0.71328125 0.54921875 0.096875 0.05703125
1 0.76328125 0.640625 0.0734375 0.09140625
0 0.62265625 0.67265625 0.10546875 0.05234375
1 0.58515625 0.81328125 0.09921875 0.05859375
0 0.25625 0.74921875 0.08671875 0.0796875
1 0.4203125 0.8578125 0.121875 0.06796875