1 0.34375 0.14296875 0.11171875 0.0828125
1 0.478125 0.26875 0.11953125 0.08515625
1 0.64140625 0.23515625 0.121875 0.09140625
1 0.7671875 0.3875 0.1140625 0.1015625
1 0.41015625 0.41796875 0.1 0.09375
1 0.2625 0.30546875 0.11328125 0.10546875
1 0.18828125 0.475 0.1078125 0.0796875
1 0.17421875 0.58984375 0.1421875 0.06328125
1 0.82265625 0.55625 0.1109375 0.09765625
1 0.51484375 0.6609375 0.140625 0.0765625
1 0.53046875 0.81484375 0.13671875 0.09375
1 0.453125 0.55859375 0.15234375 0.0640625
0 0.67265625 0.4984375 0.1046875 0.1015625
0 0.1625 0.67578125 0.1265625 0.0734375