1 0.5640625 0.12265625 0.1578125 0.0984375
1 0.2546875 0.21640625 0.1234375 0.11875
0 0.62421875 0.26953125 0.1140625 0.1203125
0 0.69453125 0.34765625 0.0953125 0.103125
0 0.5328125 0.35 0.1109375 0.1203125
0 0.19140625 0.43203125 0.11875 0.1140625
0 0.35703125 0.45078125 0.1515625 0.0875
0 0.77578125 0.5 0.1390625 0.0953125
0 0.58515625 0.77421875 0.115625 0.1078125
0 0.440625 0.60546875 0.1125 0.084375
1 0.20703125 0.59921875 0.1125 0.115625
1 0.3671875 0.52890625 0.1296875 0.084375
1 0.5140625 0.5046875 0.1265625 0.0859375
1 0.5640625 0.58125 0.134375 0.1078125
1 0.78046875 0.6515625 0.103125 0.0875
1 0.2546875 0.86328125 0.1203125 0.1234375