1 0.7734375 0.25234375 0.1046875 0.103125
1 0.559375 0.17890625 0.0984375 0.0984375
1 0.35078125 0.090625 0.1265625 0.0921875
1 0.34609375 0.259375 0.109375 0.0875
1 0.20390625 0.303125 0.1359375 0.09375
1 0.7515625 0.509375 0.1109375 0.0859375
1 0.5890625 0.6828125 0.11875 0.0796875
1 0.3078125 0.45078125 0.1 0.0921875
1 0.3640625 0.65703125 0.1109375 0.103125
1 0.5484375 0.8375 0.090625 0.096875
1 0.83984375 0.6984375 0.1234375 0.109375
0 0.50234375 0.375 0.109375 0.109375
0 0.6203125 0.4640625 0.121875 0.0875
1 0.53359375 0.5671875 0.0921875 0.0796875
0 0.25546875 0.5921875 0.078125 0.0953125
0 0.146875 0.6625 0.0859375 0.0953125