0 0.6140625 0.25546875 0.1203125 0.0984375
0 0.94765625 0.36953125 0.1015625 0.08125
0 0.94453125 0.4328125 0.0984375 0.0828125
0 0.73515625 0.365625 0.11875 0.0859375
0 0.83515625 0.45078125 0.1078125 0.1109375
0 0.746875 0.55625 0.109375 0.0875
0 0.57734375 0.37109375 0.103125 0.10625
0 0.47109375 0.3546875 0.1234375 0.0921875
0 0.3875 0.2765625 0.1203125 0.08125
0 0.215625 0.2859375 0.103125 0.09375
0 0.58671875 0.5234375 0.0859375 0.090625
0 0.46484375 0.4796875 0.128125 0.0921875
0 0.61875 0.709375 0.1203125 0.090625
0 0.56953125 0.74921875 0.115625 0.0921875
0 0.5 0.8109375 0.1 0.090625
0 0.3578125 0.7296875 0.1 0.08125
0 0.35234375 0.59375 0.103125 0.0953125
0 0.25859375 0.6390625 0.071875 0.078125
0 0.196875 0.75625 0.1125 0.0796875
0 0.053125 0.565625 0.0921875 0.0953125
0 0.1671875 0.50546875 0.1 0.09375