1 0.55390625 0.165625 0.08671875 0.084375
1 0.40625 0.203125 0.1203125 0.0671875
1 0.2765625 0.2890625 0.128125 0.08515625
1 0.19375 0.34296875 0.1015625 0.06875
1 0.2671875 0.4484375 0.128125 0.06640625
1 0.47890625 0.46171875 0.12109375 0.06484375
1 0.25078125 0.52265625 0.11796875 0.07890625
1 0.16171875 0.6359375 0.10625 0.0859375
0 0.3 0.625 0.07421875 0.0890625
1 0.4421875 0.6171875 0.08984375 0.0828125
1 0.5265625 0.65078125 0.11640625 0.07734375
1 0.578125 0.8140625 0.0984375 0.09296875
1 0.771875 0.571875 0.08828125 0.09765625
1 0.7171875 0.50703125 0.1296875 0.06171875
1 0.61015625 0.296875 0.08203125 0.07109375
0 0.73046875 0.25234375 0.0609375 0.08828125
0 0.4671875 0.3765625 0.084375 0.08125
0 0.509375 0.5484375 0.09609375 0.078125