0 0.4765625 0.19765625 0.1109375 0.0953125
0 0.52265625 0.51171875 0.1484375 0.084375
1 0.16015625 0.50078125 0.125 0.0953125
1 0.19140625 0.3609375 0.1125 0.115625
1 0.34921875 0.34296875 0.1171875 0.103125
1 0.3796875 0.51640625 0.1109375 0.1078125
1 0.29921875 0.61796875 0.1234375 0.109375
1 0.44296875 0.7328125 0.1421875 0.1
1 0.62734375 0.8265625 0.11875 0.0984375
1 0.62109375 0.7296875 0.1140625 0.1125
1 0.77578125 0.646875 0.1125 0.1046875
1 0.56640625 0.61328125 0.1328125 0.0953125
1 0.67734375 0.5046875 0.1234375 0.1015625
1 0.7953125 0.52578125 0.13125 0.0859375
1 0.790625 0.41171875 0.1390625 0.1109375
1 0.66171875 0.421875 0.1 0.096875
1 0.521875 0.3984375 0.125 0.10625
1 0.60234375 0.35390625 0.084375 0.090625