0 0.38125 0.12734375 0.084375 0.1140625
0 0.65546875 0.27265625 0.1015625 0.0984375
0 0.490625 0.3421875 0.10625 0.0859375
0 0.80390625 0.37265625 0.1109375 0.0953125
0 0.2390625 0.434375 0.1171875 0.08125
0 0.50546875 0.5328125 0.0890625 0.0796875
0 0.73046875 0.53515625 0.0953125 0.0671875
0 0.83046875 0.7078125 0.096875 0.0875
0 0.49921875 0.71484375 0.1046875 0.059375
0 0.375 0.8234375 0.0890625 0.06875
0 0.17734375 0.740625 0.10625 0.090625
1 0.32109375 0.278125 0.1125 0.0953125
1 0.546875 0.20078125 0.09375 0.0828125
1 0.3640625 0.5953125 0.0921875 0.09375
1 0.65625 0.63515625 0.1078125 0.0921875
1 0.6171875 0.790625 0.0984375 0.0765625