0 0.63984375 0.3328125 0.1078125 0.1046875
0 0.48203125 0.29609375 0.1515625 0.09375
0 0.8125 0.44453125 0.140625 0.0953125
0 0.69453125 0.50625 0.14375 0.0875
0 0.4984375 0.415625 0.121875 0.096875
0 0.2609375 0.3125 0.1140625 0.0734375
0 0.28125 0.36484375 0.13125 0.090625
0 0.1890625 0.36640625 0.1046875 0.09375
0 0.2515625 0.45546875 0.1203125 0.0765625
0 0.140625 0.4828125 0.103125 0.1234375
0 0.36875 0.49453125 0.125 0.09375
0 0.540625 0.52109375 0.1078125 0.0890625
0 0.87734375 0.64375 0.121875 0.084375
0 0.68984375 0.6921875 0.1140625 0.103125
0 0.6328125 0.72265625 0.11875 0.103125
0 0.4859375 0.63828125 0.0953125 0.096875
0 0.375 0.6015625 0.0953125 0.10625
0 0.1828125 0.62421875 0.121875 0.1015625
0 0.08203125 0.65390625 0.0953125 0.096875
0 0.25234375 0.6921875 0.1109375 0.10625
0 0.35703125 0.75078125 0.1046875 0.109375
0 0.54296875 0.83984375 0.1171875 0.1109375
0 0.103125 0.796875 0.115625 0.075