0 0.6484375 0.18359375 0.12578125 0.08515625
0 0.4421875 0.24609375 0.08359375 0.0859375
0 0.17890625 0.384375 0.10859375 0.06953125
0 0.57109375 0.32578125 0.09921875 0.0640625
0 0.2953125 0.38515625 0.11796875 0.08125
0 0.3625 0.6953125 0.0765625 0.08671875
0 0.5171875 0.63359375 0.09140625 0.07890625
0 0.740625 0.60390625 0.10078125 0.09375
0 0.4453125 0.39296875 0.11953125 0.0640625
0 0.37734375 0.51875 0.09765625 0.078125
1 0.79296875 0.30234375 0.09765625 0.09140625
1 0.3 0.465625 0.0984375 0.08984375
1 0.5375 0.44921875 0.121875 0.06015625
1 0.65234375 0.503125 0.0828125 0.0859375
1 0.56171875 0.51953125 0.08359375 0.0828125
1 0.415625 0.63671875 0.10546875 0.0765625
1 0.68046875 0.740625 0.11640625 0.06953125
1 0.29296875 0.8328125 0.1203125 0.08515625
1 0.2234375 0.59765625 0.08203125 0.08671875