0 0.578125 0.275 0.1265625 0.0875
0 0.665625 0.34921875 0.1015625 0.0796875
0 0.74375 0.425 0.103125 0.0875
0 0.25859375 0.2125 0.10625 0.0890625
0 0.42578125 0.34140625 0.103125 0.0953125
0 0.3546875 0.37421875 0.0984375 0.109375
0 0.265625 0.4234375 0.1359375 0.084375
0 0.4953125 0.446875 0.128125 0.071875
0 0.15234375 0.56796875 0.0921875 0.1
0 0.3609375 0.5859375 0.09375 0.0890625
0 0.46640625 0.528125 0.1046875 0.065625
0 0.5609375 0.58515625 0.1234375 0.078125
0 0.721875 0.55 0.121875 0.0859375
0 0.82578125 0.69453125 0.1234375 0.06875
0 0.63984375 0.6890625 0.1265625 0.0953125
0 0.46640625 0.659375 0.09375 0.0890625
0 0.21875 0.74296875 0.1234375 0.0859375
0 0.453125 0.75703125 0.0953125 0.1046875
0 0.578125 0.87890625 0.1265625 0.075
0 0.69453125 0.77890625 0.10625 0.1