1 0.23046875 0.6828125 0.1171875 0.06875
1 0.35234375 0.7171875 0.115625 0.078125
1 0.57890625 0.74375 0.109375 0.09375
1 0.3921875 0.64453125 0.1046875 0.075
1 0.2546875 0.565625 0.1234375 0.078125
1 0.528125 0.56796875 0.084375 0.0890625
1 0.85546875 0.534375 0.109375 0.0890625
1 0.3984375 0.5296875 0.13125 0.0890625
1 0.53671875 0.47265625 0.0984375 0.090625
1 0.834375 0.31484375 0.1078125 0.0921875
1 0.303125 0.41484375 0.1296875 0.071875
1 0.396875 0.4453125 0.0828125 0.084375
1 0.2984375 0.3515625 0.134375 0.0765625
1 0.47734375 0.39296875 0.128125 0.0875
0 0.16953125 0.4140625 0.1265625 0.084375
0 0.47578125 0.28359375 0.0921875 0.0828125
0 0.503125 0.21171875 0.1359375 0.075
0 0.56640625 0.35625 0.0921875 0.109375