1 0.49765625 0.13671875 0.0890625 0.0921875
1 0.43203125 0.22734375 0.11875 0.059375
1 0.56328125 0.2046875 0.1140625 0.0640625
1 0.8203125 0.1953125 0.11875 0.0671875
1 0.6984375 0.31484375 0.1203125 0.0796875
1 0.31484375 0.40859375 0.1109375 0.0625
1 0.11484375 0.40546875 0.10625 0.096875
1 0.66640625 0.64609375 0.109375 0.0671875
1 0.85703125 0.52890625 0.1109375 0.0640625
1 0.52578125 0.71796875 0.1078125 0.075
1 0.4578125 0.8828125 0.10625 0.0859375
1 0.18125 0.671875 0.084375 0.075
0 0.321875 0.5484375 0.1171875 0.0625
0 0.24375 0.2328125 0.1015625 0.0890625
0 0.5125 0.3609375 0.1171875 0.0640625
0 0.6265625 0.409375 0.075 0.096875
0 0.41484375 0.4515625 0.1015625 0.06875
0 0.540625 0.52265625 0.1046875 0.08125
0 0.44453125 0.64140625 0.0765625 0.084375