0 0.63984375 0.234375 0.10625 0.0734375
0 0.471875 0.271875 0.10625 0.06875
0 0.284375 0.31484375 0.11328125 0.0890625
0 0.4234375 0.39921875 0.08984375 0.0703125
0 0.54375 0.42734375 0.1046875 0.07578125
0 0.6984375 0.4109375 0.09453125 0.06796875
0 0.465625 0.5078125 0.09375 0.08125
0 0.1515625 0.44375 0.1546875 0.0609375
0 0.23359375 0.56484375 0.0796875 0.08515625
0 0.35234375 0.53671875 0.08984375 0.0828125
0 0.39609375 0.63359375 0.08125 0.08046875
0 0.5578125 0.57265625 0.11171875 0.06171875
0 0.70234375 0.6125 0.06640625 0.09140625
0 0.5734375 0.73828125 0.0890625 0.08203125
0 0.3296875 0.721875 0.09921875 0.06015625
0 0.8328125 0.76171875 0.08984375 0.07265625