0 0.60078125 0.31875 0.11875 0.075
0 0.38359375 0.22109375 0.1015625 0.075
0 0.140625 0.34921875 0.134375 0.075
0 0.4 0.42421875 0.128125 0.071875
0 0.6421875 0.45703125 0.0953125 0.0859375
0 0.834375 0.540625 0.0953125 0.0828125
0 0.8328125 0.68125 0.1 0.0953125
0 0.64140625 0.65703125 0.1046875 0.0875
0 0.48515625 0.596875 0.1234375 0.065625
0 0.16015625 0.6 0.1328125 0.065625
0 0.64140625 0.86875 0.1 0.1109375
0 0.3484375 0.83125 0.1109375 0.0859375
0 0.13046875 0.80625 0.1328125 0.078125
1 0.865625 0.38984375 0.1328125 0.0890625
1 0.74375 0.2453125 0.0890625 0.0953125
1 0.3109375 0.28984375 0.11875 0.0953125
1 0.221875 0.48984375 0.1234375 0.071875
1 0.38046875 0.6734375 0.1125 0.0734375