1 0.30546875 0.20625 0.071875 0.075
1 0.43828125 0.20078125 0.1015625 0.0921875
1 0.45625 0.34296875 0.109375 0.065625
1 0.71328125 0.315625 0.1078125 0.084375
1 0.56171875 0.28203125 0.1 0.0640625
1 0.18125 0.38125 0.1046875 0.0765625
1 0.12421875 0.47890625 0.1046875 0.0640625
1 0.3421875 0.48828125 0.109375 0.0578125
1 0.84921875 0.4875 0.1078125 0.0640625
1 0.78046875 0.58359375 0.1234375 0.05625
1 0.58203125 0.5640625 0.1171875 0.0640625
1 0.53125 0.61640625 0.0875 0.075
1 0.28359375 0.65234375 0.128125 0.059375
1 0.725 0.80625 0.09375 0.08125
1 0.47109375 0.76015625 0.0859375 0.06875
1 0.2421875 0.71328125 0.115625 0.053125
1 0.86953125 0.66796875 0.0828125 0.071875
1 0.49453125 0.4265625 0.096875 0.0703125
0 0.62734375 0.40859375 0.0703125 0.0765625
0 0.728125 0.19140625 0.096875 0.0859375