1 0.7171875 0.2234375 0.1171875 0.09375
1 0.46015625 0.20546875 0.1046875 0.096875
1 0.821875 0.434375 0.1203125 0.1
1 0.565625 0.325 0.121875 0.1
1 0.47265625 0.35546875 0.0953125 0.1015625
1 0.28828125 0.40546875 0.1359375 0.0828125
1 0.21171875 0.51171875 0.1265625 0.0796875
1 0.321875 0.62578125 0.1109375 0.103125
0 0.53125 0.7625 0.0859375 0.109375
0 0.81953125 0.6359375 0.1125 0.109375
0 0.68984375 0.46875 0.0984375 0.090625
1 0.54375 0.4796875 0.121875 0.0984375
0 0.5515625 0.5640625 0.1421875 0.0921875
1 0.54375 0.64453125 0.13125 0.103125