0 0.42890625 0.20859375 0.1203125 0.096875
0 0.5828125 0.28515625 0.1203125 0.0921875
0 0.75390625 0.37265625 0.13125 0.1140625
0 0.5984375 0.42109375 0.1046875 0.090625
0 0.475 0.41875 0.1203125 0.0984375
0 0.32890625 0.365625 0.1078125 0.0890625
0 0.53125 0.515625 0.1109375 0.1015625
0 0.8515625 0.5296875 0.1640625 0.096875
0 0.74296875 0.62734375 0.0984375 0.1015625
0 0.634375 0.57109375 0.1078125 0.1015625
0 0.56875 0.6546875 0.0984375 0.0984375
0 0.4265625 0.55625 0.1234375 0.0875
0 0.2765625 0.56015625 0.0859375 0.1046875
0 0.37109375 0.71328125 0.10625 0.1015625
0 0.61171875 0.75625 0.1109375 0.0828125
0 0.1140625 0.6734375 0.1046875 0.0921875