0 0.56953125 0.68984375 0.121875 0.0828125
0 0.428125 0.72421875 0.096875 0.09375
0 0.25390625 0.76328125 0.1234375 0.071875
0 0.178125 0.59296875 0.090625 0.09375
0 0.2046875 0.4640625 0.1015625 0.0625
0 0.45 0.5578125 0.121875 0.0875
0 0.56796875 0.5546875 0.1125 0.09375
0 0.66015625 0.52265625 0.09375 0.096875
0 0.59375 0.47265625 0.096875 0.0765625
0 0.85390625 0.5125 0.1296875 0.0796875
0 0.51875 0.4046875 0.1109375 0.09375
0 0.36328125 0.36875 0.109375 0.0828125
0 0.46875 0.34296875 0.1171875 0.090625
0 0.7046875 0.353125 0.084375 0.090625
0 0.49140625 0.2421875 0.0953125 0.0703125
0 0.6421875 0.21796875 0.1203125 0.090625