0 0.446875 0.228125 0.121875 0.10625
0 0.5875 0.19765625 0.15 0.0953125
0 0.77265625 0.325 0.1421875 0.1265625
0 0.696875 0.3640625 0.1046875 0.1078125
0 0.8390625 0.44609375 0.121875 0.1171875
0 0.65625 0.53984375 0.1078125 0.1109375
0 0.796875 0.66484375 0.1125 0.1171875
0 0.6046875 0.7171875 0.096875 0.1
0 0.50703125 0.4546875 0.1328125 0.0875
0 0.38125 0.37734375 0.11875 0.1265625
0 0.28203125 0.44921875 0.1125 0.1109375
0 0.34296875 0.4890625 0.0953125 0.1
0 0.2859375 0.52265625 0.1203125 0.0875
0 0.1828125 0.490625 0.1171875 0.125
0 0.41875 0.57578125 0.1140625 0.1
0 0.37109375 0.70625 0.121875 0.08125
0 0.134375 0.68125 0.11875 0.1125
0 0.19375 0.79140625 0.14375 0.103125
0 0.41875 0.859375 0.115625 0.109375
0 0.4125 0.946875 0.096875 0.1015625