1 0.3640625 0.82421875 0.115625 0.0828125
1 0.3 0.78125 0.0859375 0.084375
1 0.59609375 0.8234375 0.125 0.0828125
1 0.74453125 0.73046875 0.1015625 0.0875
0 0.5671875 0.67421875 0.115625 0.096875
0 0.45703125 0.684375 0.0984375 0.084375
1 0.32578125 0.61640625 0.11875 0.0765625
1 0.11484375 0.609375 0.0921875 0.090625
1 0.26484375 0.49765625 0.1109375 0.103125
1 0.2234375 0.34453125 0.128125 0.0796875
1 0.38671875 0.1890625 0.10625 0.096875
1 0.55859375 0.4640625 0.084375 0.09375
1 0.628125 0.44921875 0.084375 0.09375
1 0.721875 0.4671875 0.115625 0.0828125
1 0.88046875 0.45390625 0.109375 0.0796875
0 0.48984375 0.571875 0.0875 0.0703125
1 0.35703125 0.5359375 0.0859375 0.0859375