0 0.37578125 0.2421875 0.11875 0.07265625
0 0.58125 0.21640625 0.11328125 0.0859375
0 0.67109375 0.3796875 0.0953125 0.09921875
0 0.4640625 0.4171875 0.10703125 0.0859375
0 0.2 0.40625 0.10546875 0.090625
0 0.19140625 0.65 0.1140625 0.08671875
0 0.3796875 0.61328125 0.09921875 0.09609375
0 0.3796875 0.76171875 0.09296875 0.11796875
0 0.55703125 0.73125 0.09453125 0.08046875
0 0.6 0.5578125 0.1390625 0.08125
0 0.86484375 0.7140625 0.0796875 0.1
0 0.81953125 0.5953125 0.0890625 0.09140625
0 0.15 0.8328125 0.0984375 0.08515625
0 0.8796875 0.4484375 0.09765625 0.08515625
1 0.19140625 0.29609375 0.12265625 0.09921875
1 0.3515625 0.471875 0.10703125 0.1
1 0.80546875 0.240625 0.1 0.103125
1 0.68203125 0.68125 0.1359375 0.0640625