0 0.3625 0.25078125 0.109375 0.0953125
0 0.50703125 0.29375 0.078125 0.1
0 0.56875 0.40390625 0.0828125 0.09375
0 0.39765625 0.41875 0.11875 0.0828125
0 0.171875 0.35859375 0.1328125 0.071875
0 0.234375 0.5265625 0.0953125 0.0859375
0 0.1390625 0.61875 0.1109375 0.09375
0 0.440625 0.58359375 0.115625 0.0890625
0 0.36875 0.7609375 0.1140625 0.09375
0 0.54765625 0.8140625 0.0875 0.1078125
0 0.70390625 0.66484375 0.1265625 0.0578125
0 0.70546875 0.5140625 0.084375 0.0828125
1 0.72890625 0.303125 0.0953125 0.096875
1 0.90546875 0.50078125 0.0953125 0.1