1 0.328125 0.86328125 0.115625 0.096875
1 0.4953125 0.71875 0.1328125 0.1
1 0.628125 0.70546875 0.13125 0.096875
1 0.7734375 0.73359375 0.121875 0.10625
0 0.678125 0.64921875 0.1140625 0.1015625
0 0.88671875 0.525 0.1203125 0.0859375
1 0.7671875 0.575 0.103125 0.1
1 0.6359375 0.56171875 0.1078125 0.084375
1 0.259375 0.6421875 0.1296875 0.0921875
1 0.39921875 0.61875 0.1375 0.1046875
1 0.43515625 0.5703125 0.11875 0.09375
1 0.4859375 0.52734375 0.109375 0.0875
1 0.14609375 0.47421875 0.1453125 0.090625
1 0.3265625 0.4984375 0.1375 0.1
1 0.29296875 0.35859375 0.14375 0.090625
1 0.58203125 0.44765625 0.125 0.09375
1 0.740625 0.46328125 0.1171875 0.1
0 0.75 0.34375 0.11875 0.0921875
1 0.653125 0.25859375 0.1078125 0.0984375
1 0.35 0.2671875 0.1203125 0.090625
1 0.47265625 0.321875 0.121875 0.0953125
1 0.5015625 0.14140625 0.1203125 0.0921875