1 0.5109375 0.16171875 0.1015625 0.1
1 0.6484375 0.2265625 0.13125 0.0890625
1 0.759375 0.3359375 0.1421875 0.1078125
1 0.83046875 0.40390625 0.1125 0.0875
1 0.73828125 0.49375 0.1390625 0.0890625
1 0.528125 0.46640625 0.13125 0.0875
1 0.740625 0.56953125 0.13125 0.1
1 0.80625 0.69765625 0.1203125 0.1046875
0 0.67265625 0.6609375 0.090625 0.1015625
1 0.534375 0.62578125 0.1046875 0.0984375
1 0.4453125 0.64296875 0.1296875 0.0984375
1 0.36328125 0.79375 0.1140625 0.109375
1 0.21953125 0.51875 0.1046875 0.1125
1 0.28515625 0.465625 0.1390625 0.0859375
1 0.43046875 0.2796875 0.09375 0.0859375
0 0.32109375 0.21328125 0.0765625 0.0984375
0 0.55546875 0.38515625 0.0984375 0.0953125
0 0.48125 0.54609375 0.109375 0.0953125