1 0.5703125 0.15546875 0.11015625 0.06875
1 0.540625 0.33046875 0.07265625 0.0734375
1 0.66875 0.28828125 0.0984375 0.07421875
1 0.734375 0.41953125 0.09140625 0.0625
1 0.615625 0.4296875 0.10625 0.04921875
1 0.56484375 0.503125 0.07265625 0.07421875
1 0.48359375 0.43125 0.07578125 0.0765625
1 0.378125 0.41328125 0.10078125 0.05859375
1 0.24140625 0.3578125 0.0734375 0.07734375
1 0.528125 0.578125 0.078125 0.07890625
1 0.7671875 0.53125 0.05546875 0.06484375
1 0.8703125 0.76328125 0.08125 0.07890625
1 0.5421875 0.74375 0.0921875 0.06171875
1 0.3609375 0.59453125 0.10703125 0.05859375
1 0.4078125 0.7015625 0.09296875 0.071875
1 0.1375 0.49765625 0.10859375 0.0640625
0 0.30234375 0.2140625 0.1046875 0.059375
0 0.39375 0.2859375 0.1125 0.065625
0 0.8390625 0.41015625 0.07734375 0.06953125
0 0.678125 0.62578125 0.07578125 0.0734375
1 0.4203125 0.49375 0.09296875 0.05078125
0 0.27421875 0.52421875 0.0796875 0.078125