1 0.44140625 0.1203125 0.1171875 0.06171875
1 0.3203125 0.23359375 0.1078125 0.09765625
1 0.57578125 0.26328125 0.1125 0.07890625
1 0.69375 0.40234375 0.09609375 0.10703125
1 0.809375 0.51484375 0.0984375 0.08671875
1 0.58671875 0.35390625 0.11328125 0.07890625
1 0.55546875 0.44609375 0.0875 0.08359375
1 0.24609375 0.4390625 0.125 0.0671875
1 0.20078125 0.63125 0.1171875 0.0921875
1 0.4078125 0.6328125 0.11015625 0.0765625
1 0.36015625 0.71484375 0.11328125 0.059375
1 0.71953125 0.79609375 0.09609375 0.08671875
1 0.83984375 0.75 0.09921875 0.0703125
1 0.49921875 0.51328125 0.10625 0.07578125
0 0.3734375 0.40234375 0.10078125 0.09375
0 0.34765625 0.509375 0.12109375 0.0828125
0 0.71796875 0.56484375 0.11796875 0.06875
0 0.63671875 0.6421875 0.12578125 0.071875
0 0.50078125 0.7015625 0.090625 0.0921875