1 0.2015625 0.36640625 0.1015625 0.0765625
1 0.203125 0.4640625 0.11015625 0.0671875
1 0.63359375 0.278125 0.1 0.06171875
1 0.44375 0.36328125 0.09296875 0.06484375
1 0.5421875 0.3875 0.10234375 0.0546875
1 0.76796875 0.36953125 0.075 0.071875
1 0.71953125 0.45390625 0.09921875 0.08203125
1 0.62578125 0.490625 0.10625 0.07109375
1 0.38828125 0.45625 0.065625 0.07265625
1 0.2734375 0.58515625 0.10078125 0.07734375
1 0.1859375 0.6359375 0.1 0.075
1 0.38671875 0.6640625 0.096875 0.084375
1 0.571875 0.728125 0.08828125 0.07578125
1 0.67109375 0.62890625 0.07890625 0.08828125
1 0.8328125 0.61484375 0.09375 0.06484375
1 0.69453125 0.5453125 0.1 0.06796875
1 0.45078125 0.51953125 0.08359375 0.096875
0 0.5390625 0.60625 0.090625 0.084375
0 0.409375 0.25859375 0.115625 0.07890625
0 0.2625 0.3046875 0.10234375 0.08125