0 0.44921875 0.2234375 0.11015625 0.0875
0 0.2015625 0.2046875 0.07578125 0.0828125
0 0.18359375 0.4171875 0.09609375 0.08359375
0 0.2796875 0.33671875 0.1109375 0.08515625
0 0.35078125 0.3609375 0.09765625 0.07890625
0 0.75625 0.24453125 0.12421875 0.06171875
0 0.6140625 0.3890625 0.11015625 0.07265625
0 0.58203125 0.43984375 0.0828125 0.08125
0 0.5015625 0.46484375 0.11796875 0.06953125
0 0.33515625 0.45234375 0.13125 0.059375
0 0.34296875 0.51875 0.10625 0.0890625
0 0.43828125 0.56875 0.0765625 0.0953125
0 0.646875 0.48515625 0.090625 0.0953125
0 0.78671875 0.49375 0.10625 0.06640625
0 0.62265625 0.5875 0.09609375 0.071875
0 0.6203125 0.65078125 0.1203125 0.05546875
0 0.4734375 0.6625 0.11796875 0.08046875
1 0.2125 0.69453125 0.1296875 0.06796875