0 0.78046875 0.24140625 0.0828125 0.0953125
0 0.71875 0.43515625 0.11875 0.084375
0 0.50546875 0.3859375 0.0859375 0.1125
0 0.36484375 0.33203125 0.0859375 0.0890625
0 0.33203125 0.459375 0.1171875 0.084375
0 0.190625 0.46015625 0.1140625 0.0671875
0 0.1453125 0.58046875 0.096875 0.0703125
0 0.42890625 0.57265625 0.1171875 0.1
0 0.578125 0.50859375 0.1234375 0.0703125
0 0.85 0.58125 0.14375 0.06875
0 0.725 0.628125 0.121875 0.0828125
0 0.5515625 0.6265625 0.1171875 0.0796875
1 0.45859375 0.68984375 0.1265625 0.075
0 0.24375 0.6859375 0.1046875 0.0796875
0 0.14296875 0.73359375 0.1234375 0.084375
0 0.5796875 0.746875 0.1046875 0.1
0 0.61484375 0.85703125 0.10625 0.096875
0 0.49375 0.74375 0.1109375 0.0859375
0 0.38125 0.77578125 0.1171875 0.0890625
0 0.253125 0.83671875 0.1 0.1078125