1 0.51875 0.14609375 0.10625 0.078125
1 0.540625 0.26015625 0.0859375 0.0921875
1 0.64140625 0.31953125 0.1078125 0.0765625
1 0.78828125 0.38359375 0.0921875 0.05625
1 0.6203125 0.41328125 0.090625 0.075
1 0.64296875 0.4625 0.0953125 0.059375
1 0.434375 0.42109375 0.1078125 0.0640625
1 0.5265625 0.43671875 0.103125 0.078125
1 0.559375 0.4859375 0.0953125 0.0578125
1 0.69765625 0.62734375 0.1078125 0.0671875
1 0.48359375 0.7109375 0.090625 0.08125
1 0.38671875 0.4640625 0.1203125 0.084375
1 0.18984375 0.44296875 0.090625 0.09375
1 0.50703125 0.515625 0.1046875 0.075
1 0.590625 0.53125 0.078125 0.0765625
0 0.65703125 0.55703125 0.090625 0.0828125
0 0.753125 0.32265625 0.0875 0.0734375
0 0.71640625 0.37265625 0.08125 0.0578125
0 0.71484375 0.42109375 0.1046875 0.06875
0 0.51875 0.38046875 0.0859375 0.071875