0 0.41171875 0.79921875 0.1234375 0.09375
0 0.53203125 0.75703125 0.1484375 0.0921875
0 0.7046875 0.72109375 0.1140625 0.1234375
0 0.8140625 0.61875 0.1359375 0.096875
0 0.790625 0.5203125 0.1453125 0.0921875
0 0.56875 0.67109375 0.134375 0.1
0 0.40859375 0.6546875 0.1453125 0.0921875
0 0.225 0.65234375 0.115625 0.103125
0 0.27578125 0.5640625 0.1015625 0.1140625
0 0.36796875 0.55625 0.1171875 0.103125
0 0.5109375 0.5484375 0.1296875 0.075
0 0.6078125 0.4359375 0.109375 0.1078125
0 0.4234375 0.4046875 0.134375 0.084375
0 0.19296875 0.37421875 0.1171875 0.096875
0 0.1109375 0.49375 0.10625 0.1015625
0 0.390625 0.2203125 0.096875 0.1015625
0 0.7375 0.3328125 0.1140625 0.1234375
0 0.63984375 0.246875 0.125 0.0921875
0 0.75546875 0.16171875 0.08125 0.0921875