1 0.32578125 0.190625 0.0875 0.0796875
1 0.46484375 0.19453125 0.0953125 0.0921875
1 0.1765625 0.25703125 0.11484375 0.0765625
1 0.33125 0.26015625 0.1171875 0.06171875
1 0.76875 0.29140625 0.11171875 0.071875
1 0.5203125 0.296875 0.10390625 0.05390625
1 0.20390625 0.40234375 0.09609375 0.078125
1 0.18125 0.5109375 0.1234375 0.06875
1 0.42734375 0.45078125 0.10703125 0.0625
1 0.62421875 0.396875 0.09453125 0.08828125
1 0.746875 0.49609375 0.10859375 0.065625
1 0.63359375 0.59296875 0.1171875 0.07109375
1 0.46796875 0.54609375 0.090625 0.07109375
1 0.45625 0.60390625 0.11875 0.05703125
1 0.36796875 0.6578125 0.09765625 0.06015625
1 0.73125 0.8109375 0.096875 0.07265625
1 0.28828125 0.709375 0.0859375 0.07890625
0 0.415625 0.3125 0.08203125 0.0765625
0 0.36640625 0.5046875 0.11328125 0.06171875
0 0.2296875 0.6390625 0.07734375 0.08046875
0 0.378125 0.75546875 0.1 0.0625