1 0.60625 0.1734375 0.1203125 0.0890625
0 0.73828125 0.22578125 0.1375 0.0828125
1 0.80390625 0.3515625 0.109375 0.071875
1 0.5 0.2828125 0.10625 0.090625
1 0.31875 0.31796875 0.1125 0.075
1 0.47890625 0.34609375 0.1046875 0.0890625
0 0.65546875 0.36328125 0.1015625 0.0796875
1 0.54375 0.39296875 0.1234375 0.0734375
1 0.66953125 0.46796875 0.0921875 0.0796875
0 0.571875 0.44140625 0.109375 0.065625
0 0.56640625 0.5 0.1125 0.08125
1 0.27734375 0.4671875 0.1140625 0.078125
1 0.13828125 0.5640625 0.078125 0.0734375
1 0.34375 0.5796875 0.1046875 0.084375
0 0.34765625 0.6515625 0.090625 0.0984375
1 0.53828125 0.6125 0.10625 0.078125
1 0.846875 0.53203125 0.09375 0.09375
0 0.73046875 0.62734375 0.0828125 0.0921875
1 0.66015625 0.61484375 0.090625 0.0875
1 0.696875 0.6734375 0.1015625 0.078125
1 0.5828125 0.66875 0.1171875 0.075
1 0.55703125 0.72578125 0.0953125 0.071875
1 0.4921875 0.7578125 0.1125 0.103125