0 0.54765625 0.19375 0.115625 0.0828125
0 0.34375 0.25546875 0.1125 0.11875
0 0.16328125 0.21875 0.1625 0.1
0 0.56484375 0.30859375 0.1109375 0.1203125
0 0.85546875 0.3625 0.1453125 0.09375
0 0.5515625 0.49921875 0.121875 0.1421875
0 0.76640625 0.5421875 0.1375 0.10625
0 0.378125 0.39453125 0.15 0.115625
0 0.2578125 0.51171875 0.1171875 0.1171875
0 0.39375 0.59453125 0.1078125 0.09375
0 0.553125 0.65 0.109375 0.1
0 0.75234375 0.68046875 0.14375 0.0890625
0 0.34375 0.70078125 0.11875 0.0921875
0 0.390625 0.77265625 0.0953125 0.1140625
0 0.59609375 0.7796875 0.11875 0.11875