1 0.44765625 0.2703125 0.1046875 0.059375
1 0.55234375 0.2703125 0.0734375 0.08046875
1 0.64921875 0.378125 0.0875 0.0625
1 0.4203125 0.365625 0.11328125 0.05859375
1 0.18984375 0.38671875 0.065625 0.06796875
1 0.09453125 0.48515625 0.08046875 0.08125
1 0.43203125 0.5078125 0.096875 0.05859375
1 0.65703125 0.56953125 0.10546875 0.059375
1 0.8484375 0.5046875 0.0859375 0.059375
1 0.5125 0.58828125 0.08046875 0.06171875
1 0.39453125 0.58984375 0.07578125 0.07734375
1 0.36328125 0.68203125 0.07578125 0.06953125
1 0.28359375 0.61328125 0.07109375 0.071875
1 0.30625 0.48046875 0.09296875 0.07265625
1 0.29453125 0.178125 0.1 0.07734375
0 0.5109375 0.12890625 0.06875 0.084375
0 0.778125 0.23984375 0.0890625 0.06796875
0 0.77890625 0.39140625 0.078125 0.07890625
0 0.771875 0.5484375 0.07421875 0.06484375
0 0.75546875 0.67265625 0.09765625 0.05
0 0.5296875 0.4765625 0.08984375 0.0609375
0 0.61328125 0.44765625 0.07734375 0.06171875
0 0.21171875 0.24140625 0.09609375 0.0734375
0 0.4328125 0.79140625 0.071875 0.0828125