0 0.16484375 0.63515625 0.0875 0.1046875
1 0.3 0.728125 0.1171875 0.06875
1 0.17109375 0.53125 0.125 0.0796875
1 0.2796875 0.5953125 0.0984375 0.075
1 0.3796875 0.646875 0.09375 0.071875
1 0.50703125 0.72578125 0.0859375 0.0921875
1 0.50390625 0.64765625 0.1015625 0.0625
1 0.58984375 0.64609375 0.0921875 0.075
1 0.30546875 0.5 0.10625 0.0796875
1 0.378125 0.55546875 0.0796875 0.08125
0 0.36015625 0.453125 0.096875 0.0625
1 0.5 0.51328125 0.090625 0.08125
1 0.57890625 0.56328125 0.090625 0.075
1 0.70078125 0.56640625 0.1046875 0.0625
1 0.20390625 0.321875 0.1078125 0.06875
1 0.3609375 0.27421875 0.09375 0.0828125
1 0.415625 0.35234375 0.0828125 0.08125
1 0.4609375 0.259375 0.078125 0.08125
0 0.60625 0.3359375 0.06875 0.071875
0 0.61171875 0.4203125 0.1015625 0.0703125
1 0.734375 0.41171875 0.0671875 0.0796875
1 0.9046875 0.49375 0.0828125 0.0765625