1 0.68046875 0.84765625 0.146875 0.1234375
1 0.90390625 0.49453125 0.125 0.1234375
1 0.32890625 0.240625 0.1484375 0.109375
1 0.65390625 0.24453125 0.13125 0.14375
1 0.56328125 0.27265625 0.125 0.13125
1 0.3703125 0.31640625 0.1265625 0.090625
0 0.68671875 0.6671875 0.1078125 0.121875
0 0.39765625 0.81796875 0.153125 0.1171875
0 0.23671875 0.81953125 0.1546875 0.1171875
0 0.5140625 0.65234375 0.1515625 0.1234375
0 0.203125 0.6625 0.1109375 0.125
0 0.23203125 0.5421875 0.1171875 0.1234375
0 0.41484375 0.578125 0.175 0.1296875
0 0.59609375 0.46875 0.175 0.11875
0 0.325 0.45703125 0.178125 0.115625