1 0.20078125 0.23828125 0.14453125 0.08515625
1 0.434375 0.22890625 0.1078125 0.10703125
1 0.61171875 0.25625 0.1078125 0.07578125
1 0.38984375 0.425 0.1234375 0.0859375
1 0.6015625 0.3453125 0.13671875 0.08125
1 0.56328125 0.43515625 0.14375 0.08671875
0 0.28828125 0.51015625 0.1375 0.0859375
1 0.23671875 0.634375 0.121875 0.1125
1 0.43203125 0.4984375 0.08203125 0.0953125
1 0.72265625 0.45703125 0.09921875 0.09609375
0 0.83046875 0.509375 0.11171875 0.08828125
1 0.82265625 0.60390625 0.10546875 0.09140625
1 0.5796875 0.55859375 0.10703125 0.09921875
1 0.4984375 0.62265625 0.11015625 0.0890625
1 0.6359375 0.77109375 0.12265625 0.07734375
1 0.37890625 0.684375 0.11171875 0.096875
1 0.36171875 0.79609375 0.103125 0.10234375