0 0.49453125 0.190625 0.1171875 0.0875
0 0.30390625 0.28671875 0.115625 0.1234375
0 0.11953125 0.28125 0.165625 0.10625
0 0.53125 0.3 0.1140625 0.1234375
0 0.8265625 0.303125 0.146875 0.0984375
0 0.55078125 0.48984375 0.1265625 0.146875
0 0.76953125 0.4953125 0.140625 0.109375
0 0.36171875 0.4171875 0.153125 0.1203125
0 0.2640625 0.55390625 0.1203125 0.1203125
0 0.41171875 0.61171875 0.1109375 0.096875
0 0.578125 0.6390625 0.1125 0.103125
0 0.7796875 0.634375 0.1453125 0.09375
0 0.38046875 0.725 0.121875 0.096875
0 0.43984375 0.7875 0.0984375 0.1171875
0 0.64375 0.759375 0.1234375 0.1234375