0 0.671875 0.81328125 0.1046875 0.1109375
0 0.48125 0.75 0.125 0.084375
0 0.58828125 0.63984375 0.11875 0.0984375
0 0.84140625 0.5484375 0.1375 0.0765625
0 0.58515625 0.55234375 0.0875 0.078125
0 0.48515625 0.603125 0.1171875 0.090625
0 0.72578125 0.45859375 0.1296875 0.0828125
0 0.75546875 0.359375 0.1046875 0.0953125
0 0.665625 0.2890625 0.09375 0.0921875
0 0.55703125 0.25 0.0875 0.0953125
0 0.52109375 0.4390625 0.0921875 0.0953125
0 0.37109375 0.53828125 0.08125 0.084375
0 0.41875 0.3609375 0.109375 0.08125
0 0.30390625 0.34453125 0.1203125 0.0703125
0 0.36875 0.28515625 0.1328125 0.0796875