1 0.3359375 0.7921875 0.1140625 0.084375
1 0.72109375 0.809375 0.125 0.0828125
1 0.76875 0.70859375 0.115625 0.0875
1 0.5859375 0.69375 0.1015625 0.078125
1 0.31015625 0.68125 0.115625 0.0890625
1 0.21015625 0.6171875 0.11875 0.0828125
1 0.47734375 0.6234375 0.1 0.08125
1 0.6375 0.59609375 0.1125 0.08125
0 0.71484375 0.51640625 0.0828125 0.08125
0 0.85234375 0.56796875 0.1046875 0.0859375
0 0.534375 0.4421875 0.090625 0.0828125
0 0.55546875 0.37109375 0.096875 0.0703125
0 0.5859375 0.1734375 0.1078125 0.09375
1 0.315625 0.534375 0.128125 0.0765625
1 0.46796875 0.503125 0.1109375 0.090625
1 0.70390625 0.42890625 0.1203125 0.078125
1 0.83046875 0.35625 0.1125 0.06875
1 0.82265625 0.28203125 0.125 0.08125
1 0.27578125 0.20703125 0.109375 0.084375
1 0.30703125 0.34375 0.096875 0.1078125
1 0.13125 0.390625 0.1 0.1015625
0 0.51171875 0.8 0.09375 0.0953125