1 0.33125 0.18984375 0.078125 0.0796875
1 0.4640625 0.19609375 0.1078125 0.1
1 0.4703125 0.33984375 0.1140625 0.075
1 0.72890625 0.334375 0.1140625 0.0921875
1 0.58046875 0.28828125 0.1046875 0.071875
1 0.1921875 0.35390625 0.1109375 0.0859375
1 0.128125 0.44609375 0.109375 0.0734375
1 0.34375 0.475 0.1140625 0.0671875
1 0.84921875 0.51796875 0.1125 0.071875
1 0.771875 0.6078125 0.1265625 0.065625
1 0.57578125 0.57109375 0.121875 0.0734375
1 0.52109375 0.61875 0.09375 0.0828125
1 0.27109375 0.6328125 0.13125 0.0703125
1 0.69765625 0.825 0.1 0.0875
1 0.4484375 0.75703125 0.090625 0.075
1 0.225 0.68984375 0.11875 0.0625
1 0.85390625 0.7 0.0890625 0.0796875
1 0.50078125 0.4265625 0.1015625 0.078125
0 0.63515625 0.41953125 0.0765625 0.0828125
0 0.75390625 0.2125 0.1046875 0.09375