0 0.4875 0.22265625 0.11796875 0.0765625
0 0.49765625 0.325 0.1265625 0.07890625
1 0.79375 0.26796875 0.09921875 0.084375
1 0.73046875 0.33984375 0.11328125 0.07890625
0 0.584375 0.45703125 0.1015625 0.0734375
1 0.70078125 0.44609375 0.11640625 0.0765625
1 0.65859375 0.51953125 0.08125 0.0984375
0 0.49375 0.5140625 0.09375 0.08671875
1 0.284375 0.34375 0.07734375 0.0703125
1 0.2328125 0.41953125 0.12578125 0.065625
0 0.13203125 0.478125 0.125 0.05703125
1 0.378125 0.4671875 0.1109375 0.06328125
1 0.290625 0.5796875 0.1296875 0.0734375
0 0.49765625 0.653125 0.1109375 0.08125
1 0.84375 0.671875 0.0828125 0.10390625
0 0.6359375 0.7546875 0.12265625 0.06484375
1 0.4078125 0.83203125 0.11015625 0.07421875