1 0.64453125 0.278125 0.075 0.0828125
1 0.9125 0.35390625 0.0890625 0.0671875
1 0.825 0.50625 0.0859375 0.0703125
1 0.72890625 0.45234375 0.10625 0.0765625
1 0.590625 0.43203125 0.0734375 0.0765625
1 0.3734375 0.2203125 0.1046875 0.071875
1 0.26484375 0.22421875 0.090625 0.059375
1 0.253125 0.41328125 0.103125 0.0640625
1 0.2375 0.478125 0.09375 0.071875
1 0.0609375 0.55234375 0.078125 0.0734375
1 0.30859375 0.5796875 0.090625 0.0609375
1 0.38125 0.60703125 0.0765625 0.0671875
1 0.46484375 0.72421875 0.075 0.071875
1 0.625 0.8359375 0.0703125 0.0671875
1 0.67265625 0.6875 0.096875 0.0625
1 0.84375 0.6875 0.078125 0.0796875
1 0.77578125 0.615625 0.096875 0.0625
1 0.70859375 0.5609375 0.0984375 0.059375
1 0.76953125 0.53671875 0.0625 0.0609375
1 0.7109375 0.51171875 0.0765625 0.0671875
1 0.65703125 0.465625 0.0703125 0.0765625
0 0.775 0.35546875 0.1125 0.0609375
0 0.45625 0.28125 0.1046875 0.06875
0 0.465625 0.42109375 0.0875 0.059375
0 0.39609375 0.4515625 0.078125 0.078125
0 0.50546875 0.6390625 0.09375 0.0625
0 0.4421875 0.55390625 0.0921875 0.06875
1 0.3859375 0.51171875 0.1015625 0.0578125
1 0.4640625 0.47578125 0.084375 0.0703125
1 0.50234375 0.5109375 0.0765625 0.0625
1 0.53828125 0.3625 0.090625 0.0671875
1 0.4484375 0.36328125 0.0984375 0.065625