1 0.14765625 0.69140625 0.090625 0.0984375
1 0.30859375 0.70859375 0.109375 0.090625
0 0.6453125 0.865625 0.090625 0.090625
1 0.5453125 0.72421875 0.1140625 0.090625
1 0.66328125 0.703125 0.09375 0.08125
1 0.69765625 0.5609375 0.115625 0.0765625
1 0.83359375 0.5859375 0.121875 0.0859375
1 0.79140625 0.421875 0.090625 0.0859375
1 0.88046875 0.35703125 0.1125 0.0765625
1 0.42578125 0.27109375 0.115625 0.075
1 0.2890625 0.240625 0.1078125 0.096875
0 0.25234375 0.32421875 0.125 0.0828125
1 0.21796875 0.384375 0.1109375 0.103125
1 0.15859375 0.4984375 0.1140625 0.0859375
1 0.27734375 0.58359375 0.115625 0.0921875
1 0.4171875 0.6375 0.10625 0.084375
1 0.465625 0.5765625 0.090625 0.0875
1 0.5109375 0.41875 0.1109375 0.071875
0 0.65234375 0.25703125 0.0953125 0.1015625
0 0.66484375 0.38828125 0.109375 0.090625
0 0.4296875 0.48984375 0.1234375 0.078125