1 0.2546875 0.7140625 0.1234375 0.0828125
1 0.3796875 0.73359375 0.121875 0.090625
1 0.6078125 0.73203125 0.11875 0.1046875
1 0.41015625 0.65703125 0.1109375 0.0859375
1 0.26484375 0.5953125 0.13125 0.090625
1 0.5359375 0.5640625 0.09375 0.0984375
1 0.85703125 0.49140625 0.1171875 0.1
1 0.403125 0.5421875 0.1390625 0.103125
1 0.5328125 0.46796875 0.10625 0.1
1 0.809375 0.275 0.115625 0.103125
1 0.29375 0.43984375 0.134375 0.0859375
1 0.390625 0.45859375 0.090625 0.0921875
1 0.28203125 0.3765625 0.140625 0.0921875
1 0.46484375 0.39609375 0.1359375 0.1015625
0 0.16171875 0.45546875 0.1328125 0.0984375
0 0.44921875 0.2875 0.1 0.0921875
0 0.46796875 0.21328125 0.1421875 0.090625
0 0.5484375 0.34921875 0.1046875 0.1171875