0 0.3671875 0.2484375 0.10703125 0.09375
0 0.5109375 0.29375 0.07578125 0.0984375
0 0.5703125 0.40546875 0.08046875 0.0921875
0 0.39921875 0.4171875 0.11796875 0.08046875
0 0.17421875 0.353125 0.13125 0.06953125
0 0.23359375 0.521875 0.09453125 0.084375
0 0.13671875 0.6125 0.109375 0.09140625
0 0.4390625 0.5828125 0.11484375 0.08671875
0 0.3640625 0.75859375 0.11171875 0.0921875
0 0.5421875 0.81484375 0.08515625 0.10625
0 0.70078125 0.66875 0.125 0.05625
0 0.70546875 0.51796875 0.0828125 0.08125
1 0.73203125 0.30703125 0.09296875 0.0953125
1 0.90546875 0.5078125 0.09375 0.09765625