0 0.77109375 0.7578125 0.1125 0.0953125
0 0.74765625 0.65390625 0.121875 0.0890625
0 0.79921875 0.5609375 0.109375 0.0921875
1 0.86328125 0.41171875 0.10625 0.090625
0 0.55859375 0.75234375 0.128125 0.09375
0 0.5578125 0.64921875 0.1171875 0.084375
0 0.31796875 0.65703125 0.0890625 0.084375
0 0.19609375 0.56015625 0.0984375 0.0859375
0 0.3875 0.56484375 0.11875 0.071875
0 0.6578125 0.49609375 0.1125 0.0828125
0 0.553125 0.521875 0.1171875 0.0875
1 0.42734375 0.4671875 0.103125 0.09375
0 0.13984375 0.46015625 0.0875 0.0953125
0 0.0875 0.321875 0.0890625 0.109375
0 0.36171875 0.340625 0.0859375 0.0796875
0 0.24296875 0.2984375 0.128125 0.09375
0 0.36640625 0.23828125 0.115625 0.08125
0 0.57265625 0.1796875 0.1015625 0.0984375
0 0.72734375 0.315625 0.0953125 0.090625
0 0.6078125 0.3890625 0.1125 0.096875