1 0.7984375 0.73828125 0.1265625 0.109375
1 0.51328125 0.80703125 0.1359375 0.0921875
1 0.66953125 0.6765625 0.1359375 0.0921875
1 0.44921875 0.66484375 0.1484375 0.0890625
1 0.675 0.5515625 0.0984375 0.0953125
1 0.690625 0.44375 0.11875 0.0765625
1 0.84296875 0.42265625 0.1234375 0.1
1 0.7109375 0.28828125 0.115625 0.0984375
1 0.73828125 0.146875 0.1359375 0.0953125
1 0.50625 0.27890625 0.1265625 0.0890625
1 0.409375 0.240625 0.0953125 0.08125
1 0.2890625 0.34296875 0.103125 0.084375
1 0.2859375 0.5390625 0.1125 0.1
0 0.38125 0.85390625 0.096875 0.1078125
1 0.31015625 0.6546875 0.109375 0.0953125
0 0.43359375 0.5625 0.1296875 0.09375
0 0.49609375 0.46328125 0.109375 0.096875