1 0.79921875 0.80390625 0.1328125 0.096875
1 0.62578125 0.69375 0.125 0.1125
1 0.46796875 0.62578125 0.1046875 0.1046875
1 0.15625 0.58359375 0.134375 0.09375
1 0.1546875 0.4953125 0.125 0.0984375
1 0.31171875 0.44296875 0.1421875 0.109375
1 0.48125 0.528125 0.121875 0.0921875
1 0.46015625 0.35859375 0.140625 0.084375
1 0.30078125 0.19921875 0.1203125 0.1171875
1 0.55859375 0.325 0.0921875 0.1046875
1 0.74375 0.3421875 0.1046875 0.1140625
1 0.7640625 0.48984375 0.134375 0.0890625
1 0.58515625 0.41328125 0.1109375 0.09375
0 0.590625 0.5203125 0.1203125 0.1109375
0 0.31484375 0.71953125 0.1265625 0.1140625
0 0.38125 0.3109375 0.128125 0.0984375