1 0.73359375 0.6828125 0.1109375 0.0828125
1 0.521875 0.80859375 0.1203125 0.096875
1 0.7921875 0.5578125 0.1234375 0.1015625
1 0.80234375 0.4234375 0.103125 0.10625
1 0.659375 0.471875 0.1140625 0.0890625
1 0.61953125 0.66484375 0.1171875 0.115625
1 0.2828125 0.76796875 0.1421875 0.0953125
1 0.26015625 0.5578125 0.1171875 0.0953125
1 0.38125 0.42109375 0.103125 0.0859375
1 0.41953125 0.3375 0.103125 0.1
1 0.16640625 0.37265625 0.134375 0.09375
1 0.571875 0.25546875 0.1015625 0.1015625
1 0.4359375 0.23046875 0.125 0.09375
0 0.46796875 0.68671875 0.121875 0.0890625
0 0.31015625 0.6734375 0.1109375 0.0953125
0 0.3953125 0.5921875 0.1140625 0.0828125
0 0.54609375 0.5421875 0.11875 0.1078125
0 0.42421875 0.48984375 0.121875 0.084375
0 0.63203125 0.39453125 0.140625 0.0953125