0 0.68828125 0.265625 0.11875 0.0921875
0 0.515625 0.2703125 0.1171875 0.0875
0 0.3234375 0.27734375 0.128125 0.109375
0 0.44375 0.38671875 0.1015625 0.0859375
0 0.55703125 0.43671875 0.1171875 0.09375
0 0.71171875 0.45078125 0.10625 0.084375
0 0.46484375 0.50078125 0.1078125 0.096875
0 0.16875 0.378125 0.1640625 0.0890625
0 0.22578125 0.5125 0.09375 0.0984375
0 0.3484375 0.5078125 0.1046875 0.0984375
0 0.37265625 0.6109375 0.0953125 0.09375
0 0.54296875 0.58203125 0.121875 0.08125
0 0.67734375 0.64921875 0.0828125 0.103125
0 0.5265625 0.74765625 0.103125 0.096875
0 0.290625 0.68515625 0.109375 0.078125
0 0.7765625 0.8203125 0.1015625 0.0890625