0 0.59921875 0.24140625 0.10859375 0.0890625
0 0.46640625 0.18671875 0.13984375 0.071875
0 0.26171875 0.28046875 0.125 0.10625
0 0.3296875 0.33203125 0.08984375 0.09375
0 0.17578125 0.38828125 0.10546875 0.1
0 0.3390625 0.51171875 0.09296875 0.096875
0 0.17890625 0.6109375 0.09609375 0.1015625
0 0.359375 0.69609375 0.0828125 0.0875
0 0.50078125 0.45390625 0.1234375 0.06640625
0 0.63828125 0.4 0.1015625 0.1109375
0 0.7234375 0.4875 0.09765625 0.0953125
0 0.65625 0.51640625 0.08125 0.0875
0 0.70703125 0.559375 0.109375 0.06953125
0 0.8140625 0.54609375 0.09921875 0.11015625
0 0.5671875 0.5890625 0.10078125 0.084375
0 0.59140625 0.72578125 0.1125 0.0625
0 0.82890625 0.7421875 0.103125 0.09609375
0 0.75078125 0.83984375 0.13203125 0.08125
0 0.51796875 0.86796875 0.1015625 0.09375
0 0.50859375 0.95546875 0.0828125 0.0890625