0 0.4921875 0.8828125 0.084375 0.06875
0 0.6671875 0.81953125 0.0890625 0.0875
0 0.74453125 0.71796875 0.1 0.078125
1 0.6125 0.7640625 0.0796875 0.0890625
1 0.3109375 0.79921875 0.0953125 0.090625
1 0.4171875 0.76796875 0.0875 0.075
1 0.47890625 0.7109375 0.071875 0.0984375
1 0.19765625 0.7109375 0.0734375 0.08125
1 0.26328125 0.6359375 0.0765625 0.0734375
1 0.378125 0.64921875 0.0671875 0.0765625
1 0.4296875 0.63359375 0.084375 0.0625
1 0.66328125 0.64453125 0.1046875 0.053125
1 0.50859375 0.6015625 0.0734375 0.071875
1 0.5875 0.59765625 0.096875 0.0640625
1 0.75703125 0.56015625 0.084375 0.0890625
1 0.8484375 0.55546875 0.10625 0.065625
0 0.77109375 0.47578125 0.103125 0.059375
1 0.66796875 0.496875 0.0984375 0.0546875
0 0.55234375 0.45859375 0.1 0.059375
1 0.46640625 0.50234375 0.065625 0.071875
1 0.3625 0.5609375 0.096875 0.059375
1 0.32578125 0.49453125 0.096875 0.0578125
1 0.1890625 0.48046875 0.1015625 0.0578125
1 0.28828125 0.36328125 0.1015625 0.0578125
0 0.42421875 0.32890625 0.11875 0.0625
1 0.6484375 0.31640625 0.0859375 0.06875
0 0.55859375 0.22578125 0.084375 0.0625
1 0.6 0.19140625 0.084375 0.065625
1 0.41640625 0.084375 0.1078125 0.0765625
0 0.1984375 0.215625 0.1 0.0453125
1 0.3546875 0.23671875 0.08125 0.0765625