1 0.65 0.196875 0.1296875 0.06484375
1 0.315625 0.20703125 0.09921875 0.06875
1 0.56640625 0.28515625 0.08984375 0.08203125
1 0.6875 0.37421875 0.1 0.0859375
1 0.44765625 0.3640625 0.10859375 0.0734375
1 0.33046875 0.35859375 0.0953125 0.07734375
1 0.13984375 0.44140625 0.11015625 0.07890625
1 0.196875 0.5609375 0.10625 0.08046875
1 0.30859375 0.56484375 0.078125 0.0828125
1 0.37265625 0.4890625 0.10859375 0.0625
1 0.446875 0.51875 0.11796875 0.0625
0 0.659375 0.4578125 0.1140625 0.07265625
1 0.6609375 0.525 0.08359375 0.08046875
1 0.89453125 0.58359375 0.10859375 0.08203125
1 0.65859375 0.6484375 0.11015625 0.059375
1 0.5265625 0.63203125 0.1046875 0.09140625
1 0.46328125 0.74296875 0.10078125 0.07109375
1 0.3328125 0.7609375 0.1078125 0.06875