1 0.403125 0.25546875 0.140625 0.0828125
1 0.82734375 0.371875 0.10703125 0.12734375
1 0.43828125 0.54609375 0.1125 0.1109375
0 0.42421875 0.43046875 0.11015625 0.1078125
1 0.21875 0.4890625 0.12421875 0.0796875
0 0.60546875 0.48671875 0.11171875 0.1125
0 0.503125 0.66484375 0.11328125 0.1109375
0 0.72578125 0.83515625 0.17734375 0.0953125
1 0.64921875 0.75859375 0.14296875 0.09609375
0 0.22421875 0.80078125 0.16015625 0.09375
1 0.240625 0.64296875 0.15546875 0.096875
1 0.25546875 0.32265625 0.153125 0.1109375
1 0.571875 0.18203125 0.15 0.084375
1 0.75234375 0.20703125 0.12265625 0.13359375