0 0.43828125 0.8828125 0.10625 0.059375
0 0.53671875 0.84296875 0.134375 0.0734375
0 0.5921875 0.70234375 0.134375 0.0765625
0 0.37890625 0.6859375 0.1171875 0.075
0 0.190625 0.7 0.109375 0.0890625
0 0.30859375 0.57109375 0.0875 0.0953125
0 0.1109375 0.48828125 0.121875 0.1
0 0.3015625 0.48359375 0.134375 0.0703125
0 0.4578125 0.49609375 0.125 0.0796875
0 0.6125 0.55859375 0.13125 0.071875
0 0.79296875 0.68984375 0.0765625 0.0890625
0 0.87578125 0.48359375 0.1265625 0.1
0 0.38203125 0.40234375 0.0734375 0.08125
0 0.19140625 0.3203125 0.1015625 0.090625
0 0.47890625 0.3078125 0.1265625 0.0765625
0 0.484375 0.21015625 0.1140625 0.109375
0 0.68125 0.19609375 0.1046875 0.0875
0 0.86953125 0.23671875 0.121875 0.071875