1 0.23515625 0.734375 0.1234375 0.0796875
1 0.5609375 0.784375 0.13125 0.084375
1 0.54140625 0.69375 0.1265625 0.0984375
1 0.35546875 0.63515625 0.1171875 0.0921875
1 0.55859375 0.59140625 0.1171875 0.08125
1 0.77890625 0.5890625 0.1109375 0.071875
1 0.61640625 0.37109375 0.115625 0.06875
1 0.49375 0.41875 0.103125 0.09375
1 0.61953125 0.246875 0.1171875 0.084375
1 0.321875 0.47265625 0.11875 0.06875
1 0.384375 0.37265625 0.1265625 0.071875
0 0.42421875 0.22734375 0.1328125 0.0859375
0 0.146875 0.58671875 0.09375 0.075
0 0.33828125 0.55859375 0.1234375 0.06875
0 0.6140625 0.4890625 0.1046875 0.0859375
0 0.78671875 0.42265625 0.0984375 0.0984375
0 0.72890625 0.66015625 0.1015625 0.075