1 0.34296875 0.146875 0.10234375 0.08671875
1 0.734375 0.090625 0.07421875 0.08828125
1 0.53359375 0.21171875 0.09453125 0.09453125
1 0.4109375 0.2828125 0.13046875 0.0734375
1 0.14140625 0.2953125 0.0984375 0.0890625
1 0.15390625 0.4875 0.10546875 0.090625
1 0.27734375 0.45546875 0.09140625 0.090625
1 0.64140625 0.4625 0.10859375 0.0796875
1 0.71875 0.6296875 0.11640625 0.06328125
1 0.55 0.85 0.0984375 0.1046875
1 0.51328125 0.6203125 0.1234375 0.0703125
1 0.375 0.41953125 0.09765625 0.09921875
1 0.5734375 0.39453125 0.1078125 0.075
1 0.87109375 0.5421875 0.09609375 0.071875
1 0.60859375 0.68125 0.0828125 0.0625
1 0.77578125 0.3 0.10859375 0.0578125
0 0.69453125 0.52890625 0.11484375 0.06015625
1 0.215625 0.60859375 0.115625 0.08359375
0 0.3421875 0.69453125 0.09609375 0.0734375
1 0.38984375 0.78671875 0.11015625 0.06953125