1 0.35703125 0.13828125 0.07890625 0.09921875
1 0.40703125 0.22578125 0.11171875 0.08046875
1 0.55234375 0.21953125 0.125 0.07890625
1 0.7078125 0.21875 0.10234375 0.08125
1 0.6421875 0.2984375 0.1046875 0.07734375
1 0.7078125 0.40625 0.09609375 0.0859375
1 0.84375 0.4546875 0.11875 0.0703125
1 0.56796875 0.396875 0.0953125 0.096875
1 0.328125 0.44140625 0.1140625 0.06875
1 0.16484375 0.55390625 0.1171875 0.06640625
1 0.38671875 0.625 0.09765625 0.08515625
1 0.3953125 0.853125 0.1015625 0.08125
1 0.81015625 0.634375 0.10625 0.078125
0 0.7796875 0.315625 0.1109375 0.06953125
0 0.3265625 0.271875 0.1125 0.06796875
1 0.3671875 0.37578125 0.0953125 0.08046875
1 0.4453125 0.5078125 0.09921875 0.0859375
0 0.546875 0.5 0.10078125 0.07578125
0 0.66015625 0.6109375 0.0828125 0.0859375
0 0.53046875 0.7421875 0.1078125 0.08203125
0 0.31796875 0.67265625 0.1140625 0.06875