1 0.67578125 0.7890625 0.134375 0.0765625
1 0.3421875 0.8078125 0.1046875 0.0765625
1 0.58515625 0.70859375 0.096875 0.0890625
1 0.69765625 0.60859375 0.1078125 0.09375
1 0.459375 0.63984375 0.1140625 0.0828125
1 0.34375 0.65546875 0.1015625 0.0859375
1 0.14609375 0.58984375 0.1171875 0.0875
1 0.19296875 0.465625 0.1125 0.0890625
1 0.30390625 0.45234375 0.084375 0.0890625
1 0.37421875 0.521875 0.1140625 0.071875
1 0.4453125 0.4859375 0.1234375 0.071875
0 0.6625 0.528125 0.1203125 0.0828125
1 0.6578125 0.4609375 0.090625 0.0875
1 0.8859375 0.38203125 0.115625 0.090625
1 0.6453125 0.33828125 0.115625 0.06875
1 0.51484375 0.36640625 0.1125 0.1
1 0.4421875 0.2609375 0.10625 0.0796875
1 0.3109375 0.2546875 0.1140625 0.078125