1 0.27265625 0.13828125 0.140625 0.1171875
1 0.44453125 0.23359375 0.1265625 0.1078125
1 0.6328125 0.2046875 0.1484375 0.09375
1 0.3140625 0.33828125 0.1328125 0.0875
1 0.1796875 0.36875 0.121875 0.1078125
1 0.13203125 0.53203125 0.1234375 0.115625
1 0.76875 0.3421875 0.16875 0.096875
1 0.73671875 0.56953125 0.1109375 0.11875
1 0.6375 0.5453125 0.11875 0.1109375
1 0.8734375 0.5984375 0.1359375 0.109375
1 0.734375 0.73359375 0.1375 0.090625
1 0.4203125 0.82578125 0.1234375 0.0875
1 0.18984375 0.59375 0.140625 0.103125
1 0.33828125 0.42734375 0.1453125 0.10625
1 0.37578125 0.50390625 0.109375 0.109375
1 0.33671875 0.61328125 0.1296875 0.08125
1 0.28359375 0.6796875 0.1203125 0.0953125
1 0.2796875 0.80234375 0.1140625 0.0796875
1 0.496875 0.43125 0.121875 0.1
1 0.56796875 0.3234375 0.1265625 0.0765625
0 0.50625 0.53125 0.1109375 0.1046875
0 0.49453125 0.67578125 0.1015625 0.121875
0 0.61796875 0.71796875 0.14375 0.096875