1 0.59375 0.7984375 0.140625 0.0796875
1 0.64609375 0.7125 0.10625 0.1078125
1 0.53125 0.734375 0.096875 0.0921875
1 0.415625 0.70546875 0.1171875 0.096875
1 0.3234375 0.75078125 0.103125 0.1125
1 0.23515625 0.7203125 0.0796875 0.090625
1 0.67734375 0.5984375 0.1265625 0.0671875
0 0.54765625 0.5953125 0.0890625 0.1
1 0.47578125 0.5984375 0.0640625 0.0796875
1 0.3203125 0.63359375 0.115625 0.084375
1 0.38984375 0.5765625 0.109375 0.103125
1 0.265625 0.55078125 0.103125 0.0921875
1 0.58671875 0.53671875 0.125 0.08125
1 0.60078125 0.46640625 0.128125 0.0765625
1 0.6953125 0.40546875 0.128125 0.075
1 0.79921875 0.29921875 0.08125 0.090625
1 0.715625 0.2921875 0.0953125 0.096875
1 0.43125 0.45 0.1171875 0.084375
1 0.33984375 0.40546875 0.1 0.1046875
1 0.2328125 0.3375 0.1109375 0.0953125
1 0.44140625 0.3859375 0.1265625 0.071875
0 0.525 0.321875 0.115625 0.0984375
1 0.55703125 0.24765625 0.1265625 0.08125