1 0.39921875 0.19375 0.10546875 0.06171875
1 0.603125 0.146875 0.1046875 0.07421875
1 0.38515625 0.2703125 0.10625 0.0703125
1 0.378125 0.3546875 0.0859375 0.07578125
1 0.1625 0.41875 0.1171875 0.07734375
1 0.159375 0.51796875 0.1203125 0.07421875
1 0.23828125 0.67265625 0.109375 0.06953125
1 0.4359375 0.75390625 0.09765625 0.08046875
1 0.50546875 0.41953125 0.09296875 0.0625
1 0.61171875 0.3546875 0.084375 0.0734375
1 0.81796875 0.34609375 0.08203125 0.07734375
1 0.87734375 0.478125 0.10390625 0.0734375
1 0.83046875 0.54296875 0.1 0.06640625
0 0.775 0.43359375 0.0984375 0.0703125
0 0.709375 0.47578125 0.09921875 0.0484375
0 0.62578125 0.55546875 0.08828125 0.053125
0 0.55234375 0.4765625 0.1015625 0.06015625
0 0.43515625 0.52109375 0.08359375 0.09765625
0 0.31484375 0.53828125 0.10546875 0.0609375
0 0.62109375 0.25234375 0.08828125 0.09375