1 0.18125 0.25703125 0.10625 0.0671875
1 0.41640625 0.21875 0.1 0.0953125
0 0.5078125 0.284375 0.0828125 0.08125
1 0.803125 0.259375 0.1015625 0.065625
1 0.83515625 0.403125 0.096875 0.0765625
1 0.65625 0.3953125 0.075 0.0703125
0 0.43671875 0.3953125 0.084375 0.0796875
1 0.29609375 0.390625 0.0984375 0.065625
1 0.1671875 0.56171875 0.075 0.0921875
0 0.525 0.45703125 0.1015625 0.075
0 0.33515625 0.4796875 0.1125 0.065625
1 0.3609375 0.59609375 0.10625 0.0609375
1 0.51171875 0.6078125 0.09375 0.075
1 0.709375 0.5640625 0.1 0.0640625
1 0.753125 0.65859375 0.0796875 0.096875
0 0.61015625 0.68046875 0.109375 0.059375
1 0.56328125 0.81875 0.103125 0.065625
0 0.23984375 0.73125 0.0921875 0.0859375
1 0.3953125 0.8515625 0.1265625 0.0765625