0 0.8109375 0.76171875 0.096875 0.0984375
0 0.86796875 0.64296875 0.10625 0.0984375
1 0.753125 0.55 0.1125 0.0984375
0 0.6 0.67265625 0.1125 0.10625
0 0.44296875 0.70390625 0.109375 0.121875
0 0.2875 0.6390625 0.11875 0.090625
0 0.61953125 0.5875 0.1171875 0.08125
0 0.4984375 0.53984375 0.1234375 0.0859375
0 0.359375 0.5609375 0.103125 0.0890625
0 0.42265625 0.47421875 0.0859375 0.103125
0 0.6015625 0.4640625 0.1171875 0.0859375
0 0.7578125 0.4140625 0.140625 0.0859375
0 0.92890625 0.4109375 0.1046875 0.096875
1 0.66640625 0.33984375 0.121875 0.0859375
0 0.5578125 0.3578125 0.121875 0.1078125
0 0.6875 0.190625 0.1171875 0.096875
0 0.37890625 0.390625 0.128125 0.0765625
0 0.22890625 0.48671875 0.1078125 0.1046875
0 0.271875 0.42109375 0.0859375 0.0875
0 0.10703125 0.39765625 0.1109375 0.0859375
0 0.1265625 0.26640625 0.0953125 0.1
0 0.21328125 0.2859375 0.10625 0.090625
0 0.346875 0.3359375 0.134375 0.0765625
0 0.47421875 0.2546875 0.0921875 0.109375
0 0.39609375 0.2765625 0.1234375 0.096875
0 0.509375 0.11796875 0.1296875 0.0875
0 0.2890625 0.16875 0.096875 0.0921875