0 0.478125 0.19453125 0.13125 0.10625
0 0.56171875 0.30234375 0.1125 0.1015625
0 0.45703125 0.30546875 0.11875 0.10625
0 0.4046875 0.35 0.115625 0.1078125
0 0.23984375 0.40703125 0.1203125 0.1140625
0 0.31640625 0.48515625 0.1390625 0.1078125
0 0.7984375 0.3046875 0.14375 0.0984375
0 0.61875 0.45078125 0.15625 0.0921875
0 0.4640625 0.53046875 0.1328125 0.0984375
0 0.6296875 0.50390625 0.140625 0.0890625
0 0.68671875 0.57890625 0.1328125 0.090625
0 0.7453125 0.6296875 0.159375 0.1234375
0 0.6078125 0.64375 0.11875 0.1109375
0 0.6625 0.7203125 0.153125 0.11875
0 0.45 0.675 0.1140625 0.11875
0 0.1609375 0.64375 0.1640625 0.109375
1 0.2859375 0.725 0.1171875 0.1171875
1 0.35546875 0.85 0.1453125 0.1015625
0 0.6109375 0.86875 0.1171875 0.1390625
0 0.534375 0.88671875 0.1109375 0.1109375