0 0.41953125 0.259375 0.109375 0.0859375
0 0.359375 0.3984375 0.0921875 0.0953125
0 0.19609375 0.42578125 0.0953125 0.1140625
0 0.13828125 0.571875 0.1234375 0.0984375
0 0.33359375 0.4984375 0.0953125 0.096875
0 0.440625 0.465625 0.09375 0.090625
0 0.315625 0.61328125 0.1296875 0.1046875
0 0.45078125 0.6203125 0.1078125 0.1046875
0 0.6109375 0.49921875 0.103125 0.109375
0 0.6703125 0.390625 0.1109375 0.0859375
0 0.63984375 0.29453125 0.109375 0.1015625
0 0.74453125 0.48984375 0.11875 0.084375
0 0.88984375 0.43515625 0.109375 0.0953125
0 0.57578125 0.60859375 0.1078125 0.0984375
0 0.6671875 0.68828125 0.1171875 0.0796875
0 0.4203125 0.72109375 0.1125 0.1015625
0 0.521875 0.80625 0.0953125 0.1125
0 0.6671875 0.84140625 0.1140625 0.09375
0 0.77109375 0.73515625 0.1109375 0.0875
0 0.87265625 0.6171875 0.1078125 0.0921875
0 0.85078125 0.215625 0.128125 0.090625