1 0.83203125 0.67421875 0.1015625 0.09375
1 0.71953125 0.78359375 0.1046875 0.078125
1 0.5203125 0.71015625 0.071875 0.0796875
1 0.346875 0.6859375 0.08125 0.0859375
1 0.2203125 0.46640625 0.1125 0.0765625
1 0.6484375 0.3953125 0.10625 0.0796875
1 0.69140625 0.228125 0.1109375 0.0875
1 0.52421875 0.14140625 0.1109375 0.0875
1 0.86796875 0.3484375 0.0890625 0.09375
1 0.67734375 0.575 0.084375 0.0953125
1 0.11640625 0.33359375 0.0984375 0.1
1 0.30625 0.23515625 0.0921875 0.084375
1 0.32421875 0.35859375 0.0796875 0.08125
1 0.44921875 0.5265625 0.1046875 0.075
1 0.5453125 0.884375 0.103125 0.08125
1 0.3453125 0.87421875 0.090625 0.0984375
0 0.20859375 0.7453125 0.0796875 0.0921875
0 0.165625 0.603125 0.0921875 0.0703125
0 0.54375 0.35703125 0.084375 0.0875
0 0.85546875 0.4984375 0.109375 0.09375