1 0.2234375 0.19296875 0.1234375 0.1078125
1 0.6625 0.2234375 0.125 0.0828125
1 0.57421875 0.29765625 0.140625 0.0828125
1 0.353125 0.3140625 0.1671875 0.0875
1 0.203125 0.57734375 0.15 0.08125
1 0.54765625 0.7109375 0.1109375 0.09375
1 0.5265625 0.7921875 0.1125 0.1078125
1 0.78046875 0.56796875 0.1109375 0.0953125
1 0.5671875 0.38671875 0.1296875 0.103125
1 0.4390625 0.46015625 0.0921875 0.096875
0 0.43828125 0.2125 0.15 0.09375
0 0.70859375 0.41796875 0.115625 0.103125
0 0.64296875 0.49453125 0.125 0.1
0 0.5234375 0.634375 0.1453125 0.084375
0 0.32578125 0.4828125 0.1078125 0.10625