1 0.7859375 0.759375 0.0953125 0.0890625
1 0.68828125 0.8078125 0.090625 0.0875
0 0.58515625 0.83671875 0.103125 0.0671875
1 0.45703125 0.8109375 0.1 0.0890625
1 0.29609375 0.80390625 0.0796875 0.090625
1 0.646875 0.72734375 0.1234375 0.0703125
1 0.48515625 0.72734375 0.08125 0.0828125
1 0.315625 0.71484375 0.1109375 0.0734375
1 0.2640625 0.65078125 0.1171875 0.0734375
1 0.434375 0.64375 0.1171875 0.06875
1 0.41015625 0.5828125 0.103125 0.0640625
0 0.621875 0.66171875 0.0984375 0.0734375
1 0.5671875 0.6046875 0.0953125 0.0890625
1 0.659375 0.55546875 0.096875 0.0625
1 0.771875 0.55859375 0.1 0.0953125
1 0.8625 0.409375 0.1046875 0.071875
0 0.64296875 0.44921875 0.1140625 0.065625
1 0.66796875 0.3359375 0.0765625 0.0734375
1 0.43828125 0.50625 0.09375 0.0828125
1 0.53125 0.446875 0.0890625 0.0828125
1 0.5828125 0.375 0.0953125 0.06875
1 0.465625 0.3828125 0.10625 0.0734375
0 0.34765625 0.41875 0.1140625 0.0609375
1 0.49296875 0.32421875 0.103125 0.065625
1 0.33046875 0.54453125 0.090625 0.059375
1 0.24765625 0.509375 0.096875 0.0796875
1 0.21015625 0.36953125 0.090625 0.0859375
1 0.3046875 0.3203125 0.0890625 0.0875
1 0.5828125 0.12578125 0.0859375 0.0875