0 0.63671875 0.8171875 0.0890625 0.0953125
0 0.4796875 0.69765625 0.0984375 0.084375
0 0.2859375 0.63671875 0.103125 0.065625
0 0.72734375 0.590625 0.0890625 0.078125
0 0.62890625 0.4078125 0.0984375 0.090625
0 0.41171875 0.428125 0.125 0.0765625
0 0.2390625 0.38046875 0.0796875 0.084375
0 0.49140625 0.26953125 0.1015625 0.1
0 0.871875 0.34375 0.1109375 0.0984375
0 0.42890625 0.12734375 0.1109375 0.096875
1 0.36875 0.84609375 0.115625 0.090625
1 0.5671875 0.5921875 0.0875 0.084375
1 0.08828125 0.5921875 0.1046875 0.090625
1 0.25703125 0.23359375 0.0984375 0.0828125
1 0.74375 0.25546875 0.0859375 0.0921875