0 0.61640625 0.8453125 0.146875 0.115625
0 0.3484375 0.7515625 0.1328125 0.1
0 0.1984375 0.55078125 0.1796875 0.121875
0 0.3359375 0.61875 0.13125 0.0859375
0 0.47578125 0.66640625 0.13125 0.109375
0 0.665625 0.71640625 0.1421875 0.1015625
0 0.69921875 0.609375 0.1015625 0.1140625
0 0.79609375 0.6421875 0.121875 0.109375
0 0.88125 0.575 0.1046875 0.1109375
0 0.44609375 0.57265625 0.11875 0.109375
0 0.60625 0.4828125 0.1203125 0.128125
0 0.42109375 0.4515625 0.146875 0.109375
0 0.2078125 0.35390625 0.121875 0.121875
0 0.44765625 0.34609375 0.1265625 0.0921875
0 0.228125 0.18203125 0.1453125 0.1015625
0 0.25625 0.128125 0.14375 0.1109375
0 0.51953125 0.2375 0.103125 0.1078125
0 0.46953125 0.12265625 0.109375 0.109375
0 0.68359375 0.33984375 0.140625 0.115625
0 0.75625 0.3890625 0.11875 0.1109375