1 0.6296875 0.2453125 0.09921875 0.09375
1 0.4328125 0.29375 0.09453125 0.10078125
1 0.25390625 0.35234375 0.1125 0.09140625
1 0.1578125 0.5625 0.10859375 0.09453125
1 0.3703125 0.49140625 0.0984375 0.07109375
1 0.7046875 0.49296875 0.0859375 0.09375
1 0.53125 0.4390625 0.09921875 0.08125
1 0.47421875 0.47890625 0.1015625 0.0828125
1 0.53671875 0.56171875 0.075 0.0828125
0 0.459375 0.5703125 0.08671875 0.065625
0 0.3828125 0.60625 0.08359375 0.09609375
1 0.31640625 0.64765625 0.1140625 0.065625
1 0.22734375 0.69765625 0.09765625 0.07890625
1 0.31796875 0.7640625 0.08671875 0.103125
1 0.61484375 0.71484375 0.128125 0.06953125
1 0.7421875 0.72421875 0.0875 0.08984375