1 0.37265625 0.215625 0.121875 0.103125
1 0.5703125 0.27890625 0.1359375 0.10625
1 0.7390625 0.2640625 0.134375 0.1125
1 0.21953125 0.3390625 0.1453125 0.096875
0 0.371875 0.346875 0.1421875 0.109375
1 0.77109375 0.43671875 0.1375 0.1078125
1 0.52578125 0.57109375 0.1546875 0.103125
1 0.215625 0.4734375 0.121875 0.1015625
1 0.24765625 0.54609375 0.1484375 0.0875
1 0.659375 0.7296875 0.1203125 0.1109375
1 0.3140625 0.640625 0.140625 0.0890625
0 0.6390625 0.4171875 0.1390625 0.096875
0 0.65625 0.54140625 0.1046875 0.121875
0 0.5890625 0.6640625 0.109375 0.0921875
0 0.525 0.74453125 0.11875 0.0890625
0 0.28515625 0.74375 0.121875 0.1203125
0 0.4453125 0.44609375 0.153125 0.1078125