1 0.34296875 0.12578125 0.146875 0.10078125
1 0.63515625 0.1375 0.09765625 0.09765625
1 0.6671875 0.321875 0.11328125 0.10546875
1 0.51953125 0.35234375 0.121875 0.09296875
1 0.19765625 0.52890625 0.1453125 0.08828125
1 0.421875 0.4453125 0.128125 0.09140625
1 0.5859375 0.45859375 0.13984375 0.0875
1 0.73515625 0.440625 0.10546875 0.10546875
1 0.4359375 0.575 0.10078125 0.07578125
1 0.2765625 0.740625 0.12890625 0.0703125
1 0.59453125 0.83671875 0.12421875 0.0984375
0 0.384375 0.78984375 0.125 0.1078125
0 0.746875 0.63828125 0.11640625 0.09375
0 0.58125 0.56796875 0.13125 0.08984375
0 0.3109375 0.33828125 0.1171875 0.121875
0 0.51484375 0.24375 0.1265625 0.0734375