1 0.428125 0.87734375 0.11875 0.065625
1 0.3109375 0.76015625 0.1109375 0.1015625
1 0.5671875 0.7390625 0.115625 0.0828125
1 0.68984375 0.6046875 0.1 0.1109375
1 0.809375 0.49609375 0.1015625 0.090625
1 0.58125 0.64921875 0.115625 0.0828125
1 0.55390625 0.55546875 0.090625 0.0859375
1 0.24375 0.55234375 0.1265625 0.071875
1 0.20546875 0.35859375 0.1203125 0.096875
1 0.4125 0.3640625 0.1125 0.0796875
1 0.36796875 0.28046875 0.115625 0.0640625
1 0.7296875 0.21171875 0.0984375 0.090625
1 0.8484375 0.26171875 0.1015625 0.0734375
1 0.5 0.48671875 0.109375 0.0796875
0 0.3703125 0.59296875 0.1046875 0.096875
0 0.3484375 0.48515625 0.1234375 0.0875
0 0.7203125 0.44296875 0.1203125 0.0734375
0 0.64140625 0.3625 0.128125 0.0765625
0 0.5078125 0.2984375 0.09375 0.0953125