1 0.284375 0.20078125 0.0890625 0.08671875
1 0.50859375 0.1734375 0.08359375 0.0828125
1 0.73125 0.13046875 0.11484375 0.0703125
1 0.70078125 0.296875 0.09765625 0.06796875
1 0.83046875 0.36875 0.1234375 0.0703125
1 0.25234375 0.45703125 0.09921875 0.0671875
1 0.375 0.66015625 0.10859375 0.05859375
1 0.6984375 0.4921875 0.08671875 0.0765625
1 0.6 0.68203125 0.09609375 0.08515625
1 0.38203125 0.8203125 0.075 0.0828125
1 0.1265625 0.6234375 0.1078125 0.08828125
0 0.5234375 0.37734375 0.09140625 0.09296875
0 0.38984375 0.43984375 0.11015625 0.065625
1 0.453125 0.55859375 0.0796875 0.06484375
0 0.7203125 0.64140625 0.0625 0.084375
0 0.81171875 0.73203125 0.07109375 0.08203125