0 0.40078125 0.121875 0.078125 0.109375
0 0.6671875 0.28125 0.096875 0.09375
0 0.49921875 0.3421875 0.1015625 0.08125
0 0.81015625 0.3890625 0.10703125 0.0890625
0 0.24296875 0.42109375 0.1140625 0.075
0 0.50390625 0.5328125 0.0859375 0.075
0 0.728125 0.546875 0.0921875 0.0625
0 0.81875 0.725 0.0921875 0.08203125
0 0.48828125 0.71484375 0.1015625 0.0546875
0 0.35859375 0.81640625 0.0859375 0.06484375
0 0.16484375 0.7234375 0.1015625 0.08515625
1 0.3328125 0.26875 0.1078125 0.08984375
1 0.5625 0.20390625 0.08984375 0.07890625
1 0.359375 0.58828125 0.08828125 0.08984375
1 0.64921875 0.64296875 0.10390625 0.0875
1 0.6015625 0.79609375 0.09453125 0.071875