1 0.36484375 0.1765625 0.13515625 0.07109375
0 0.6765625 0.234375 0.125 0.07109375
1 0.859375 0.321875 0.11796875 0.06328125
1 0.48515625 0.30234375 0.0828125 0.08359375
1 0.3203125 0.37578125 0.13671875 0.06953125
1 0.61015625 0.35 0.1125 0.08359375
1 0.67265625 0.46640625 0.08984375 0.07890625
1 0.50625 0.484375 0.11484375 0.071875
1 0.1203125 0.56015625 0.10859375 0.0875
1 0.315625 0.6546875 0.0984375 0.08984375
1 0.47890625 0.5671875 0.11328125 0.05546875
1 0.8953125 0.7 0.08984375 0.071875
1 0.821875 0.603125 0.1015625 0.07265625
0 0.81015625 0.4234375 0.1 0.059375
0 0.63671875 0.62578125 0.10703125 0.0859375
0 0.54140625 0.77421875 0.1375 0.065625
0 0.30546875 0.534375 0.109375 0.08203125