1 0.3796875 0.2640625 0.06796875 0.0765625
1 0.1046875 0.31171875 0.0828125 0.059375
1 0.17578125 0.471875 0.08046875 0.0625
1 0.27734375 0.42890625 0.09921875 0.0671875
1 0.4171875 0.42265625 0.0671875 0.06953125
1 0.65546875 0.23515625 0.09921875 0.0625
1 0.7625 0.25 0.08515625 0.05078125
1 0.7546875 0.43984375 0.09765625 0.05390625
1 0.76328125 0.50546875 0.0875 0.06328125
1 0.93125 0.59765625 0.071875 0.065625
1 0.68203125 0.59921875 0.08515625 0.05234375
1 0.60703125 0.61875 0.07109375 0.059375
1 0.51171875 0.7265625 0.06875 0.065625
1 0.340625 0.82109375 0.06484375 0.0609375
1 0.30859375 0.66875 0.0921875 0.05390625
1 0.13828125 0.65078125 0.07109375 0.0734375
1 0.21328125 0.5859375 0.0921875 0.053125
1 0.2859375 0.5390625 0.09453125 0.04921875
1 0.228125 0.50859375 0.0578125 0.0546875
1 0.2890625 0.48984375 0.07109375 0.059375
1 0.34765625 0.44921875 0.0640625 0.06953125
0 0.24140625 0.32734375 0.10859375 0.04921875
0 0.56640625 0.28671875 0.09921875 0.05859375
0 0.5421875 0.425 0.0828125 0.0515625
0 0.60859375 0.4625 0.07109375 0.0703125
0 0.4796875 0.6375 0.0890625 0.05390625
0 0.5515625 0.559375 0.0859375 0.059375
1 0.6125 0.5234375 0.096875 0.0484375
1 0.53828125 0.4796875 0.078125 0.06171875
1 0.496875 0.5109375 0.071875 0.0546875
1 0.4765625 0.359375 0.084375 0.059375
1 0.565625 0.36953125 0.09296875 0.05546875