1 0.33203125 0.14921875 0.0859375 0.1046875
1 0.38828125 0.2328125 0.1171875 0.0875
1 0.5328125 0.21640625 0.1296875 0.0875
1 0.6875 0.2046875 0.1078125 0.0875
1 0.628125 0.2890625 0.109375 0.084375
1 0.70078125 0.3921875 0.1015625 0.0921875
1 0.83984375 0.43046875 0.1234375 0.078125
1 0.5609375 0.3921875 0.1015625 0.103125
1 0.32421875 0.45390625 0.11875 0.0765625
1 0.16953125 0.57734375 0.121875 0.075
1 0.39609375 0.6328125 0.103125 0.0921875
1 0.4203125 0.859375 0.10625 0.0875
1 0.81875 0.6125 0.1109375 0.0859375
0 0.76640625 0.296875 0.115625 0.0765625
0 0.3109375 0.284375 0.1171875 0.075
1 0.35859375 0.38515625 0.1 0.0875
1 0.44609375 0.51171875 0.1046875 0.0921875
0 0.546875 0.496875 0.10625 0.0828125
0 0.6671875 0.59921875 0.0890625 0.0921875
0 0.54765625 0.73984375 0.1125 0.0890625
0 0.33046875 0.68515625 0.11875 0.0765625