1 0.390625 0.2609375 0.1453125 0.090625
1 0.8203125 0.3546875 0.1140625 0.1328125
1 0.440625 0.54921875 0.11875 0.1171875
0 0.4203125 0.434375 0.115625 0.1140625
1 0.21875 0.50390625 0.128125 0.0859375
0 0.6046875 0.48125 0.1171875 0.11875
0 0.51171875 0.66484375 0.11875 0.1171875
0 0.74296875 0.82265625 0.1828125 0.1046875
1 0.6625 0.75078125 0.1484375 0.103125
0 0.240625 0.81484375 0.1640625 0.1015625
1 0.2484375 0.65625 0.1609375 0.1046875
1 0.246875 0.3359375 0.159375 0.11875
1 0.55546875 0.17890625 0.1546875 0.0921875
1 0.73671875 0.19453125 0.1296875 0.1390625