0 0.56484375 0.79609375 0.1015625 0.0828125
0 0.4765625 0.49140625 0.1421875 0.065625
1 0.83671875 0.4515625 0.1171875 0.08125
1 0.825 0.59453125 0.1 0.1046875
1 0.67109375 0.634375 0.10625 0.0890625
1 0.61640625 0.4671875 0.1 0.0953125
1 0.6828125 0.35546875 0.1125 0.0953125
1 0.52421875 0.26171875 0.134375 0.0828125
1 0.328125 0.19453125 0.1109375 0.084375
1 0.3484375 0.2890625 0.103125 0.1015625
1 0.20703125 0.39296875 0.1015625 0.0921875
1 0.41875 0.396875 0.1234375 0.0796875
1 0.3234375 0.51953125 0.1140625 0.0890625
1 0.20390625 0.515625 0.1234375 0.0703125
1 0.22421875 0.628125 0.128125 0.0953125
1 0.35078125 0.6 0.0890625 0.0859375
1 0.4921875 0.60390625 0.115625 0.0921875
1 0.41875 0.659375 0.075 0.0828125