0 0.41953125 0.7921875 0.09765625 0.07734375
0 0.52421875 0.49296875 0.1390625 0.05859375
1 0.16640625 0.434375 0.11328125 0.075
1 0.1703125 0.57734375 0.0953125 0.1
1 0.321875 0.625 0.10234375 0.084375
1 0.38515625 0.4609375 0.0953125 0.090625
1 0.325 0.34609375 0.10859375 0.08984375
1 0.48828125 0.2609375 0.13046875 0.07578125
1 0.6875 0.20390625 0.10625 0.07890625
1 0.6625 0.29765625 0.09765625 0.09609375
1 0.7984375 0.40859375 0.09765625 0.0875
1 0.58671875 0.4015625 0.1203125 0.07421875
1 0.675 0.52890625 0.109375 0.0828125
1 0.79453125 0.53125 0.1203125 0.06484375
1 0.76875 0.6421875 0.12421875 0.08828125
1 0.64375 0.6078125 0.08515625 0.08203125
1 0.50234375 0.60390625 0.1109375 0.08671875
1 0.57265625 0.66328125 0.0703125 0.07890625