1 0.3984375 0.80703125 0.10625 0.0703125
1 0.61953125 0.8796875 0.109375 0.0640625
1 0.76953125 0.75234375 0.09375 0.078125
1 0.29609375 0.6828125 0.0875 0.0640625
1 0.50625 0.67265625 0.1078125 0.0609375
1 0.56875 0.7578125 0.071875 0.090625
1 0.75546875 0.665625 0.084375 0.071875
1 0.76875 0.55703125 0.1 0.0796875
1 0.628125 0.57578125 0.09375 0.0734375
1 0.4265625 0.5703125 0.075 0.0734375
1 0.19375 0.58671875 0.0796875 0.078125
0 0.328125 0.61328125 0.0984375 0.0703125
1 0.234375 0.459375 0.08125 0.071875
1 0.25078125 0.40078125 0.1171875 0.05625
1 0.44296875 0.45078125 0.078125 0.0640625
0 0.38515625 0.35859375 0.1015625 0.0578125
0 0.5140625 0.43671875 0.0703125 0.075
1 0.721875 0.46484375 0.0921875 0.0609375
1 0.7890625 0.309375 0.090625 0.0578125
1 0.84140625 0.15625 0.0859375 0.053125
1 0.6953125 0.35078125 0.1 0.06875
0 0.67109375 0.42734375 0.103125 0.065625
0 0.6015625 0.36171875 0.115625 0.075
0 0.78359375 0.1890625 0.0734375 0.0734375
1 0.42109375 0.2125 0.0875 0.078125
1 0.47890625 0.1171875 0.1140625 0.0578125
1 0.18359375 0.22109375 0.0984375 0.0796875