0 0.47578125 0.24765625 0.09765625 0.06640625
0 0.3859375 0.36953125 0.07578125 0.08046875
0 0.2203125 0.359375 0.07421875 0.09921875
0 0.13125 0.48828125 0.11015625 0.075
0 0.33828125 0.4609375 0.07890625 0.08125
0 0.45 0.453125 0.07890625 0.075
0 0.29453125 0.56875 0.1140625 0.08046875
0 0.425 0.60625 0.09140625 0.0859375
0 0.60859375 0.52421875 0.08515625 0.0921875
0 0.690625 0.43203125 0.09921875 0.065625
0 0.6828125 0.33125 0.09296875 0.0828125
0 0.740625 0.5453125 0.10703125 0.0625
0 0.89453125 0.52421875 0.0953125 0.0765625
0 0.54921875 0.62265625 0.0921875 0.08046875
0 0.6203125 0.72109375 0.10625 0.0578125
0 0.37265625 0.69765625 0.096875 0.08125
0 0.45234375 0.803125 0.07578125 0.09765625
0 0.5859375 0.8703125 0.1 0.07265625
0 0.7109375 0.78984375 0.0984375 0.06640625
0 0.83671875 0.69765625 0.09375 0.07265625
0 0.90546875 0.3015625 0.115625 0.065625