0 0.284375 0.10234375 0.0796875 0.08515625
1 0.51640625 0.1828125 0.08046875 0.06328125
1 0.184375 0.29375 0.075 0.084375
1 0.3875 0.3203125 0.10703125 0.06953125
1 0.77734375 0.21015625 0.0984375 0.06953125
1 0.64921875 0.34921875 0.08828125 0.08359375
1 0.54140625 0.4359375 0.096875 0.08515625
0 0.84140625 0.45078125 0.1078125 0.0625
1 0.6578125 0.51640625 0.0828125 0.08125
1 0.39375 0.45703125 0.11171875 0.06328125
1 0.1578125 0.48671875 0.09453125 0.08046875
0 0.30390625 0.5546875 0.071875 0.06875
1 0.1703125 0.63359375 0.1203125 0.06171875
1 0.171875 0.81015625 0.08125 0.08984375
1 0.3828125 0.76171875 0.0984375 0.06640625
1 0.41875 0.8953125 0.090625 0.07578125
0 0.51015625 0.64140625 0.11328125 0.0703125
1 0.6421875 0.64921875 0.078125 0.05703125
0 0.653125 0.765625 0.0828125 0.0734375
1 0.86015625 0.640625 0.0859375 0.0734375