1 0.42578125 0.77578125 0.1171875 0.1125
1 0.60859375 0.6875 0.1140625 0.11875
1 0.77109375 0.59296875 0.1296875 0.1125
1 0.821875 0.36796875 0.1265625 0.115625
1 0.62890625 0.48125 0.1109375 0.090625
1 0.3015625 0.54921875 0.103125 0.109375
1 0.48203125 0.56640625 0.1140625 0.1
1 0.5296875 0.515625 0.1171875 0.1015625
1 0.4515625 0.446875 0.090625 0.096875
0 0.525 0.42265625 0.0984375 0.0828125
0 0.5921875 0.371875 0.1015625 0.1109375
1 0.64921875 0.3171875 0.125 0.0875
1 0.72578125 0.25 0.1125 0.096875
1 0.6234375 0.20390625 0.10625 0.11875
1 0.34296875 0.3140625 0.1390625 0.0953125
1 0.21640625 0.33125 0.1046875 0.10625