1 0.17265625 0.73203125 0.1046875 0.0625
1 0.40625 0.778125 0.096875 0.0921875
0 0.50078125 0.715625 0.0796875 0.078125
1 0.79453125 0.75078125 0.1 0.0625
1 0.83125 0.60859375 0.0953125 0.0734375
1 0.65234375 0.61015625 0.0734375 0.0671875
0 0.43359375 0.60234375 0.0828125 0.0765625
1 0.2921875 0.6015625 0.096875 0.0625
1 0.16953125 0.42734375 0.071875 0.090625
0 0.5234375 0.54375 0.1 0.071875
0 0.33515625 0.5140625 0.1109375 0.0625
1 0.3640625 0.39921875 0.1046875 0.0578125
1 0.515625 0.3921875 0.0921875 0.071875
1 0.71171875 0.44375 0.0984375 0.0609375
1 0.75859375 0.35 0.0765625 0.09375
0 0.61640625 0.3234375 0.1078125 0.05625
1 0.57421875 0.18359375 0.1015625 0.0625
0 0.24765625 0.259375 0.0890625 0.0828125
1 0.4078125 0.1453125 0.1234375 0.071875