0 0.28359375 0.87109375 0.1328125 0.1140625
0 0.41875 0.840625 0.1203125 0.1203125
0 0.5390625 0.8046875 0.1171875 0.1171875
0 0.31640625 0.72109375 0.128125 0.1140625
0 0.40703125 0.725 0.1078125 0.103125
0 0.16328125 0.69921875 0.134375 0.1125
0 0.5859375 0.64609375 0.1296875 0.1171875
0 0.16484375 0.5734375 0.1234375 0.125
0 0.34765625 0.6140625 0.1578125 0.10625
0 0.403125 0.55078125 0.146875 0.1109375
0 0.39375 0.48046875 0.159375 0.109375
0 0.41953125 0.415625 0.14375 0.1125
0 0.38671875 0.31015625 0.1375 0.1171875
0 0.5140625 0.15703125 0.1359375 0.1
0 0.63984375 0.2390625 0.1203125 0.103125
0 0.77734375 0.3296875 0.11875 0.121875
0 0.58515625 0.4578125 0.1359375 0.1046875
0 0.77265625 0.48828125 0.134375 0.0984375
0 0.6328125 0.53359375 0.1484375 0.1375
0 0.13203125 0.384375 0.1625 0.1171875