0 0.5625 0.84453125 0.1265625 0.1046875
0 0.7296875 0.8015625 0.128125 0.1109375
0 0.64765625 0.721875 0.1265625 0.1015625
0 0.44609375 0.7515625 0.1109375 0.1203125
0 0.5234375 0.696875 0.146875 0.0921875
0 0.49921875 0.63671875 0.121875 0.0796875
0 0.3140625 0.66640625 0.09375 0.0984375
0 0.2203125 0.57265625 0.1421875 0.090625
0 0.1921875 0.521875 0.128125 0.0828125
0 0.3515625 0.5125 0.10625 0.08125
0 0.48125 0.53359375 0.1140625 0.0921875
0 0.64921875 0.5984375 0.1296875 0.08125
0 0.81640625 0.63828125 0.128125 0.0828125
1 0.803125 0.52421875 0.1140625 0.1140625
0 0.8734375 0.46796875 0.1078125 0.10625
0 0.67734375 0.36640625 0.103125 0.103125
0 0.58359375 0.4625 0.1265625 0.1109375
0 0.49921875 0.45546875 0.1078125 0.1046875
0 0.36796875 0.43203125 0.1078125 0.0984375
0 0.290625 0.3359375 0.1015625 0.1015625
0 0.50703125 0.16328125 0.0984375 0.09375
0 0.5796875 0.09609375 0.1078125 0.09375