1 0.54609375 0.23671875 0.1171875 0.1046875
1 0.28828125 0.31796875 0.11875 0.08125
1 0.32421875 0.38203125 0.1359375 0.090625
0 0.59375 0.33671875 0.1078125 0.071875
1 0.8578125 0.36953125 0.1 0.084375
1 0.6078125 0.40546875 0.115625 0.084375
1 0.77421875 0.48359375 0.0875 0.0859375
1 0.2375 0.48046875 0.115625 0.090625
1 0.11015625 0.6140625 0.0875 0.0859375
0 0.275 0.55234375 0.0953125 0.1
1 0.3703125 0.49453125 0.1078125 0.0921875
1 0.5109375 0.4703125 0.103125 0.0765625
1 0.615625 0.48359375 0.109375 0.096875
1 0.42421875 0.553125 0.1046875 0.075
1 0.30546875 0.72421875 0.0765625 0.08125
1 0.471875 0.63203125 0.1015625 0.096875
1 0.64453125 0.5953125 0.1046875 0.0796875