0 0.40234375 0.3171875 0.11796875 0.0734375
0 0.62109375 0.2234375 0.1 0.07265625
0 0.86171875 0.35546875 0.13359375 0.07265625
0 0.6015625 0.42578125 0.1265625 0.06953125
0 0.35859375 0.4546875 0.09453125 0.084375
0 0.16484375 0.53515625 0.09375 0.08046875
0 0.1640625 0.67578125 0.09765625 0.09375
0 0.35625 0.6546875 0.103125 0.0859375
0 0.51328125 0.596875 0.12265625 0.0640625
0 0.83828125 0.60625 0.13203125 0.0640625
0 0.35234375 0.86640625 0.0984375 0.10859375
0 0.64609375 0.83359375 0.11015625 0.084375
0 0.8640625 0.8125 0.13203125 0.0765625
1 0.13671875 0.38359375 0.13125 0.0875
1 0.2609375 0.24140625 0.0875 0.09453125
1 0.69296875 0.29296875 0.11640625 0.09296875
1 0.778125 0.49453125 0.12265625 0.0703125
1 0.61640625 0.67578125 0.1109375 0.07109375