0 0.41171875 0.15859375 0.1390625 0.0890625
0 0.775 0.3296875 0.1 0.075
0 0.54375 0.3453125 0.1078125 0.06875
0 0.675 0.4375 0.090625 0.0859375
0 0.8734375 0.46640625 0.1234375 0.075
0 0.83515625 0.58125 0.09375 0.1
0 0.728125 0.60625 0.1359375 0.0671875
0 0.75234375 0.65859375 0.11875 0.0765625
0 0.48671875 0.5859375 0.1375 0.078125
0 0.509375 0.45078125 0.1 0.103125
0 0.440625 0.4625 0.0828125 0.075
0 0.35234375 0.49375 0.109375 0.0953125
0 0.14765625 0.47109375 0.096875 0.0921875
0 0.29140625 0.6078125 0.134375 0.0703125
0 0.47890625 0.69921875 0.109375 0.115625
0 0.6265625 0.76015625 0.1234375 0.071875
0 0.7015625 0.87109375 0.096875 0.1
0 0.4578125 0.86171875 0.1078125 0.078125
0 0.36328125 0.89296875 0.115625 0.0953125
0 0.26015625 0.7828125 0.096875 0.1046875