1 0.715625 0.1984375 0.103125 0.1109375
0 0.50625 0.165625 0.1390625 0.0921875
1 0.77109375 0.3046875 0.125 0.0796875
0 0.5015625 0.321875 0.090625 0.0875
1 0.38203125 0.278125 0.1125 0.0765625
1 0.68671875 0.37265625 0.125 0.06875
1 0.81953125 0.446875 0.109375 0.096875
1 0.8296875 0.55390625 0.109375 0.0953125
1 0.52421875 0.45234375 0.1 0.10625
1 0.2921875 0.3640625 0.1171875 0.103125
1 0.43125 0.50859375 0.09375 0.0984375
1 0.2859375 0.46875 0.14375 0.0828125
0 0.32109375 0.61875 0.1125 0.0765625
1 0.5859375 0.5328125 0.1125 0.0984375
1 0.5859375 0.62421875 0.128125 0.0890625
1 0.78984375 0.7046875 0.1078125 0.1
0 0.20703125 0.82109375 0.0765625 0.1046875