1 0.50390625 0.13671875 0.0875 0.09140625
1 0.43671875 0.2265625 0.11796875 0.0578125
1 0.56875 0.20546875 0.1125 0.06171875
1 0.82578125 0.20078125 0.1171875 0.06484375
1 0.7015625 0.31796875 0.11875 0.078125
1 0.31640625 0.40546875 0.11015625 0.06015625
1 0.11640625 0.3984375 0.1046875 0.0953125
1 0.6640625 0.64921875 0.1078125 0.06484375
1 0.85625 0.53515625 0.109375 0.06171875
1 0.521875 0.71875 0.10625 0.0734375
1 0.45078125 0.88203125 0.10546875 0.08359375
1 0.178125 0.66640625 0.08359375 0.0734375
0 0.32109375 0.5453125 0.115625 0.06015625
0 0.2484375 0.228125 0.10078125 0.0875
0 0.51484375 0.3609375 0.11640625 0.06171875
0 0.628125 0.41171875 0.0734375 0.0953125
0 0.415625 0.45 0.1 0.0671875
0 0.53984375 0.5234375 0.10390625 0.07890625
0 0.4421875 0.640625 0.075 0.08359375