1 0.48203125 0.07421875 0.096875 0.09921875
1 0.75234375 0.215625 0.10859375 0.08828125
1 0.53125 0.24375 0.1203125 0.06640625
1 0.23203125 0.24140625 0.0890625 0.08359375
1 0.25859375 0.39140625 0.10390625 0.059375
1 0.41484375 0.35625 0.10546875 0.0640625
1 0.615625 0.3640625 0.1109375 0.08203125
1 0.74453125 0.4375 0.0984375 0.07578125
1 0.45859375 0.5125 0.0890625 0.08203125
1 0.60703125 0.53125 0.090625 0.08203125
0 0.6921875 0.6125 0.12421875 0.06796875
1 0.8625 0.675 0.07265625 0.0625
1 0.6203125 0.6578125 0.10390625 0.0765625
1 0.6734375 0.81640625 0.12578125 0.0703125
1 0.13515625 0.49140625 0.13125 0.06953125
0 0.30078125 0.575 0.13828125 0.06328125
0 0.48671875 0.73203125 0.11953125 0.0625
1 0.40859375 0.80078125 0.0890625 0.08984375
1 0.1296875 0.80390625 0.1234375 0.0734375
1 0.1484375 0.63359375 0.09921875 0.09375
1 0.24765625 0.6578125 0.09453125 0.09375