1 0.23515625 0.240625 0.1109375 0.1171875
0 0.4359375 0.171875 0.14375 0.1015625
1 0.19921875 0.35546875 0.1296875 0.0875
0 0.4671875 0.32421875 0.096875 0.0921875
1 0.57734375 0.2609375 0.1171875 0.084375
1 0.29453125 0.40703125 0.128125 0.0765625
1 0.17578125 0.503125 0.115625 0.1046875
1 0.184375 0.61015625 0.115625 0.1015625
1 0.46796875 0.4578125 0.10625 0.1109375
1 0.68125 0.3296875 0.1234375 0.1109375
1 0.56875 0.49609375 0.0984375 0.1046875
1 0.70546875 0.43203125 0.1484375 0.0921875
0 0.696875 0.5859375 0.1171875 0.0828125
1 0.42109375 0.54765625 0.11875 0.1046875
1 0.43671875 0.6375 0.1328125 0.096875
1 0.25 0.7515625 0.1125 0.1078125
0 0.84453125 0.765625 0.0828125 0.109375