1 0.41171875 0.23359375 0.1046875 0.0921875
1 0.46015625 0.4359375 0.096875 0.0828125
1 0.5625 0.41015625 0.1046875 0.0671875
1 0.73984375 0.3734375 0.1 0.0703125
1 0.846875 0.44921875 0.10625 0.071875
1 0.51875 0.6046875 0.1125 0.090625
1 0.37578125 0.6171875 0.0953125 0.0828125
1 0.2328125 0.778125 0.10625 0.0765625
1 0.6046875 0.63203125 0.103125 0.0703125
1 0.68203125 0.67265625 0.1171875 0.0671875
1 0.36484375 0.50859375 0.1125 0.08125
1 0.33671875 0.45390625 0.125 0.0671875
1 0.58515625 0.23203125 0.0890625 0.0953125
0 0.66328125 0.2234375 0.0703125 0.0859375
0 0.23515625 0.2671875 0.1171875 0.078125
0 0.359375 0.3859375 0.1109375 0.0640625
0 0.515625 0.3328125 0.1171875 0.0640625
0 0.5921875 0.52734375 0.0875 0.096875
0 0.190625 0.5421875 0.1109375 0.05625