1 0.62890625 0.26640625 0.109375 0.09375
1 0.35859375 0.25859375 0.1140625 0.0703125
1 0.37265625 0.33125 0.13125 0.0765625
0 0.6421875 0.37578125 0.1046875 0.0609375
1 0.88125 0.49296875 0.09375 0.0765625
1 0.6328125 0.4453125 0.109375 0.0734375
1 0.76484375 0.57421875 0.0796875 0.078125
1 0.2578125 0.39609375 0.109375 0.0796875
1 0.09453125 0.48125 0.0796875 0.0796875
0 0.2703125 0.47578125 0.0875 0.0921875
1 0.37890625 0.453125 0.1015625 0.0828125
1 0.51953125 0.475 0.0984375 0.0671875
1 0.61484375 0.52265625 0.1015625 0.0875
1 0.4109375 0.525 0.1 0.0640625
1 0.24296875 0.64921875 0.0703125 0.075
1 0.43046875 0.61640625 0.09375 0.0875
1 0.60546875 0.6375 0.0984375 0.0703125