0 0.33125 0.13203125 0.1328125 0.0625
0 0.6453125 0.14296875 0.103125 0.06171875
0 0.62265625 0.68671875 0.09921875 0.06328125
0 0.7796875 0.734375 0.0796875 0.075
0 0.5203125 0.6171875 0.08125 0.07578125
0 0.49296875 0.44921875 0.096875 0.0703125
0 0.24609375 0.3578125 0.10859375 0.0734375
1 0.3296875 0.23984375 0.0875 0.0828125
1 0.43359375 0.3125 0.08359375 0.08828125
1 0.72890625 0.29140625 0.07421875 0.0734375
1 0.553125 0.34765625 0.0890625 0.06640625
1 0.61328125 0.42578125 0.0828125 0.0828125
1 0.3609375 0.42578125 0.08984375 0.08125
1 0.225 0.55546875 0.084375 0.0765625
1 0.35625 0.55859375 0.08359375 0.0796875
1 0.61640625 0.52890625 0.07578125 0.08828125
1 0.75546875 0.63671875 0.08828125 0.05546875
1 0.62265625 0.79921875 0.07890625 0.0703125
1 0.51640625 0.8546875 0.08828125 0.0859375
1 0.25078125 0.828125 0.10546875 0.059375
1 0.38984375 0.76171875 0.0859375 0.07265625
1 0.38515625 0.68203125 0.07421875 0.07734375