1 0.440625 0.23984375 0.0875 0.08046875
1 0.28984375 0.490625 0.090625 0.0796875
1 0.26484375 0.57890625 0.11171875 0.06484375
1 0.31484375 0.67890625 0.0953125 0.08046875
1 0.51328125 0.70703125 0.09921875 0.053125
1 0.60390625 0.6890625 0.0765625 0.07890625
1 0.384375 0.58828125 0.1109375 0.053125
1 0.76953125 0.63984375 0.096875 0.071875
1 0.77578125 0.5625 0.075 0.075
1 0.6296875 0.4859375 0.1296875 0.05703125
1 0.8796875 0.49921875 0.0921875 0.0671875
1 0.8046875 0.41484375 0.10625 0.0609375
1 0.51875 0.3109375 0.10703125 0.05234375
1 0.69921875 0.32421875 0.11953125 0.06953125
1 0.5734375 0.36796875 0.0859375 0.071875
1 0.525 0.58125 0.096875 0.0546875
1 0.4484375 0.5328125 0.10390625 0.0765625
0 0.12734375 0.41484375 0.12890625 0.05390625
0 0.34765625 0.36484375 0.09140625 0.06328125
0 0.4421875 0.43515625 0.10390625 0.06953125
0 0.6609375 0.42421875 0.1140625 0.06875
0 0.4828125 0.75546875 0.11953125 0.0671875