0 0.67421875 0.7453125 0.125 0.0875
0 0.4765625 0.7078125 0.11875 0.1015625
0 0.36875 0.6125 0.1390625 0.084375
0 0.2953125 0.5421875 0.1265625 0.1
0 0.81328125 0.68671875 0.140625 0.13125
0 0.70625 0.5375 0.1171875 0.1
0 0.8078125 0.52109375 0.1046875 0.09375
0 0.58046875 0.5171875 0.1375 0.1015625
0 0.4953125 0.5375 0.1359375 0.0890625
0 0.33984375 0.43828125 0.103125 0.1109375
0 0.190625 0.35 0.10625 0.10625
0 0.3828125 0.33125 0.1078125 0.078125
0 0.53203125 0.41796875 0.1296875 0.0921875
0 0.6828125 0.39296875 0.115625 0.096875
0 0.84375 0.3765625 0.1171875 0.1046875
0 0.77265625 0.2515625 0.0984375 0.1046875
0 0.6328125 0.28359375 0.13125 0.1171875
0 0.43046875 0.23359375 0.1359375 0.0875
0 0.36796875 0.15859375 0.10625 0.084375