1 0.25078125 0.25625 0.10546875 0.071875
1 0.4109375 0.24609375 0.1046875 0.0796875
1 0.3265625 0.40078125 0.0875 0.08984375
1 0.65703125 0.3390625 0.08046875 0.07109375
1 0.465625 0.33671875 0.08984375 0.084375
1 0.73671875 0.4265625 0.09296875 0.0734375
1 0.2921875 0.49765625 0.08203125 0.0859375
1 0.428125 0.5875 0.09609375 0.0734375
1 0.59609375 0.4796875 0.08671875 0.07109375
1 0.62265625 0.58359375 0.084375 0.08203125
1 0.74296875 0.6640625 0.08828125 0.06640625
1 0.5265625 0.696875 0.11484375 0.06015625
1 0.47890625 0.75 0.090625 0.0546875
1 0.11328125 0.63828125 0.090625 0.0796875
1 0.36484375 0.6515625 0.103125 0.05234375
1 0.38359375 0.71171875 0.10234375 0.0421875
1 0.709375 0.58125 0.0734375 0.0734375
0 0.89921875 0.590625 0.07734375 0.090625
0 0.47890625 0.4875 0.0953125 0.0625
0 0.67109375 0.1984375 0.08046875 0.08125