1 0.46015625 0.1765625 0.1515625 0.0734375
1 0.21953125 0.35625 0.1328125 0.0859375
1 0.409375 0.3703125 0.09765625 0.0734375
1 0.7453125 0.3796875 0.13125 0.0671875
1 0.20234375 0.446875 0.128125 0.07578125
1 0.346875 0.54609375 0.11640625 0.0828125
1 0.58828125 0.57265625 0.096875 0.0875
1 0.69296875 0.59453125 0.009375 0.00078125
1 0.70625 0.71484375 0.10546875 0.09375
0 0.5859375 0.28984375 0.1484375 0.0703125
0 0.57578125 0.42109375 0.1078125 0.07578125
1 0.68046875 0.47890625 0.125 0.0625
1 0.41953125 0.4859375 0.09765625 0.06484375
1 0.1328125 0.57109375 0.096875 0.06796875
0 0.25390625 0.6546875 0.12421875 0.09375
0 0.44921875 0.66640625 0.1421875 0.07734375
1 0.43203125 0.7921875 0.1265625 0.1015625