1 0.77109375 0.1984375 0.1109375 0.121875
1 0.49765625 0.2015625 0.146875 0.1015625
1 0.62890625 0.3078125 0.11875 0.090625
1 0.478125 0.309375 0.146875 0.0890625
1 0.1390625 0.5203125 0.1046875 0.103125
1 0.3625 0.49609375 0.1140625 0.0921875
1 0.48671875 0.42421875 0.1390625 0.1
1 0.828125 0.42109375 0.153125 0.1015625
1 0.75078125 0.5421875 0.1015625 0.1
1 0.73125 0.7375 0.1078125 0.115625
1 0.5 0.69453125 0.1296875 0.1
1 0.38125 0.715625 0.1109375 0.10625
1 0.4390625 0.6375 0.1328125 0.0859375
0 0.30703125 0.371875 0.109375 0.1125
0 0.171875 0.33984375 0.1 0.1109375
0 0.62265625 0.525 0.1359375 0.09375
0 0.24296875 0.70234375 0.121875 0.1015625