0 0.4453125 0.86171875 0.1421875 0.10625
0 0.35546875 0.80546875 0.1375 0.090625
0 0.64453125 0.8203125 0.146875 0.0953125
0 0.740625 0.72890625 0.1234375 0.084375
0 0.5234375 0.709375 0.1078125 0.103125
0 0.68984375 0.6390625 0.1015625 0.0984375
0 0.8140625 0.578125 0.1296875 0.1046875
0 0.73046875 0.41484375 0.1421875 0.0890625
0 0.5796875 0.53828125 0.1375 0.096875
0 0.4609375 0.57421875 0.125 0.0953125
0 0.315625 0.646875 0.1078125 0.1015625
0 0.12890625 0.66015625 0.1015625 0.1015625
0 0.14453125 0.4625 0.1171875 0.0828125
0 0.4 0.478125 0.13125 0.084375
0 0.49296875 0.415625 0.096875 0.1
0 0.3890625 0.346875 0.1328125 0.0796875
0 0.2328125 0.2921875 0.125 0.096875
0 0.43984375 0.2453125 0.134375 0.1046875
0 0.67734375 0.2296875 0.1046875 0.1109375
0 0.66484375 0.14140625 0.1328125 0.0859375