0 0.50546875 0.04375 0.1265625 0.075
0 0.3109375 0.284375 0.0890625 0.10078125
0 0.0921875 0.40234375 0.08984375 0.09296875
0 0.3921875 0.45390625 0.07890625 0.10078125
0 0.54921875 0.290625 0.11796875 0.08828125
0 0.753125 0.3171875 0.0875 0.1046875
0 0.6625 0.45859375 0.12734375 0.065625
0 0.88671875 0.478125 0.1046875 0.0484375
0 0.55390625 0.70078125 0.1203125 0.06484375
0 0.559375 0.88671875 0.0734375 0.09375
0 0.74765625 0.7703125 0.10234375 0.0875
0 0.7765625 0.63671875 0.09140625 0.08671875
0 0.20625 0.59375 0.1109375 0.059375
0 0.353125 0.78828125 0.09921875 0.07890625
1 0.9171875 0.33984375 0.1015625 0.09296875
1 0.9234375 0.571875 0.08984375 0.07890625
1 0.67578125 0.5671875 0.0984375 0.09140625
1 0.20703125 0.4640625 0.10390625 0.09921875
1 0.53125 0.56015625 0.0953125 0.08828125
1 0.4015625 0.628125 0.10078125 0.09921875