1 0.353125 0.2546875 0.10625 0.1
1 0.55234375 0.28984375 0.1015625 0.1078125
1 0.73515625 0.33515625 0.11875 0.0984375
1 0.84609375 0.53828125 0.115625 0.1015625
1 0.62890625 0.48203125 0.103125 0.078125
1 0.2953125 0.50703125 0.0921875 0.1
1 0.46484375 0.44140625 0.1046875 0.0875
1 0.52421875 0.47734375 0.1078125 0.0890625
1 0.46796875 0.5640625 0.08125 0.0875
0 0.5453125 0.5671875 0.090625 0.071875
0 0.62421875 0.59765625 0.090625 0.1015625
1 0.69375 0.634375 0.11875 0.0734375
1 0.7859375 0.678125 0.103125 0.0859375
1 0.7 0.75078125 0.09375 0.109375
1 0.40078125 0.72265625 0.1328125 0.078125
1 0.27421875 0.740625 0.09375 0.0953125