1 0.3203125 0.1953125 0.134375 0.103125
1 0.64609375 0.2484375 0.14375 0.1078125
1 0.59921875 0.328125 0.1421875 0.1203125
1 0.40390625 0.32734375 0.13125 0.1125
1 0.58359375 0.43125 0.128125 0.1015625
1 0.7921875 0.5015625 0.121875 0.0921875
1 0.5703125 0.65859375 0.125 0.090625
1 0.46953125 0.575 0.11875 0.1109375
1 0.53515625 0.778125 0.1296875 0.10625
1 0.321875 0.47109375 0.1265625 0.090625
1 0.35078125 0.58515625 0.1359375 0.0953125
0 0.34375 0.7359375 0.1453125 0.109375
0 0.190625 0.3078125 0.1046875 0.090625
0 0.3640625 0.39375 0.13125 0.0921875
0 0.6046875 0.54609375 0.1171875 0.1046875
0 0.7484375 0.66171875 0.1140625 0.1140625
0 0.7671875 0.41875 0.1125 0.0921875