0 0.4203125 0.19375 0.1078125 0.1359375
0 0.53125 0.1203125 0.1390625 0.09375
0 0.18515625 0.3765625 0.1234375 0.1140625
0 0.29453125 0.31953125 0.1375 0.1
0 0.3375 0.47578125 0.1046875 0.096875
0 0.52890625 0.40546875 0.1140625 0.1203125
0 0.61171875 0.396875 0.11875 0.0921875
0 0.64765625 0.26484375 0.1453125 0.1171875
0 0.74921875 0.2953125 0.1140625 0.0890625
0 0.16796875 0.646875 0.103125 0.1
0 0.3859375 0.6703125 0.1015625 0.0890625
0 0.5328125 0.603125 0.125 0.0953125
1 0.66015625 0.58984375 0.1 0.084375
0 0.86953125 0.5125 0.11875 0.0875
0 0.546875 0.68203125 0.15 0.10625
0 0.32265625 0.85859375 0.10625 0.09375
0 0.77109375 0.80234375 0.103125 0.1078125