1 0.8125 0.59609375 0.109375 0.0890625
1 0.79921875 0.49921875 0.1171875 0.0796875
1 0.39453125 0.73671875 0.10625 0.0734375
1 0.57265625 0.62890625 0.1 0.075
1 0.471875 0.6171875 0.1078125 0.0671875
1 0.25 0.6625 0.0828125 0.08125
1 0.2875 0.57265625 0.1078125 0.09375
1 0.3765625 0.525 0.1140625 0.0828125
1 0.61640625 0.5296875 0.0734375 0.0796875
1 0.71484375 0.3875 0.109375 0.0890625
1 0.7953125 0.3265625 0.1078125 0.0859375
1 0.5921875 0.3234375 0.10625 0.0953125
1 0.40078125 0.28203125 0.096875 0.0859375
1 0.31484375 0.39296875 0.0890625 0.096875
1 0.15546875 0.4265625 0.1015625 0.0765625
1 0.3015625 0.47890625 0.1078125 0.0796875
1 0.54609375 0.475 0.0953125 0.10625
0 0.4484375 0.39921875 0.1 0.0953125
0 0.61953125 0.72890625 0.125 0.0921875
0 0.759375 0.66484375 0.1109375 0.09375