0 0.528125 0.76796875 0.1109375 0.084375
0 0.88125 0.76953125 0.0953125 0.06875
0 0.8984375 0.7078125 0.090625 0.0703125
0 0.678125 0.70390625 0.1109375 0.071875
0 0.80078125 0.65546875 0.096875 0.0984375
0 0.7515625 0.52734375 0.1015625 0.0734375
0 0.53125 0.646875 0.0921875 0.0953125
0 0.425 0.62734375 0.115625 0.0765625
0 0.32109375 0.675 0.1140625 0.065625
0 0.1609375 0.61015625 0.09375 0.0828125
0 0.58984375 0.50625 0.0765625 0.08125
0 0.46015625 0.5078125 0.1203125 0.075
0 0.68046875 0.340625 0.1125 0.0765625
0 0.646875 0.28671875 0.1078125 0.078125
0 0.60078125 0.20625 0.090625 0.0796875
0 0.43984375 0.23671875 0.0921875 0.0703125
0 0.39140625 0.36328125 0.09375 0.0828125
0 0.3171875 0.28984375 0.0625 0.071875
0 0.296875 0.159375 0.10625 0.065625
0 0.0984375 0.2921875 0.08125 0.084375
0 0.18671875 0.38671875 0.090625 0.0828125