1 0.49921875 0.2640625 0.115625 0.08125
1 0.39765625 0.28828125 0.0890625 0.0953125
1 0.32734375 0.41484375 0.1 0.08125
1 0.54765625 0.35078125 0.1234375 0.0828125
1 0.7765625 0.31953125 0.0796875 0.08125
1 0.89140625 0.39453125 0.096875 0.096875
1 0.56796875 0.4921875 0.1078125 0.078125
1 0.3625 0.603125 0.115625 0.08125
1 0.16171875 0.5828125 0.096875 0.0765625
1 0.5078125 0.5890625 0.0921875 0.078125
1 0.62265625 0.5640625 0.090625 0.0921875
1 0.67421875 0.646875 0.0890625 0.084375
1 0.73671875 0.56171875 0.0859375 0.0859375
1 0.684375 0.4375 0.10625 0.0921875
1 0.628125 0.13984375 0.1140625 0.0984375
0 0.40625 0.140625 0.0859375 0.0984375
0 0.1703125 0.309375 0.1015625 0.0859375
0 0.20390625 0.45703125 0.09375 0.09375
0 0.24609375 0.60859375 0.0875 0.0796875
0 0.28984375 0.72578125 0.10625 0.0703125
0 0.465625 0.48359375 0.1015625 0.0796875
0 0.378125 0.47421875 0.0890625 0.078125
0 0.72265625 0.1828125 0.109375 0.09375
0 0.63125 0.76875 0.0890625 0.096875