1 0.19765625 0.21796875 0.11484375 0.0984375
1 0.6375 0.21015625 0.11875 0.0734375
1 0.55625 0.2921875 0.134375 0.071875
1 0.3375 0.32734375 0.1609375 0.0734375
1 0.2109375 0.603125 0.14453125 0.06875
1 0.565625 0.70625 0.10390625 0.084375
1 0.55234375 0.7890625 0.10390625 0.09921875
1 0.78515625 0.54296875 0.103125 0.0859375
1 0.55703125 0.38125 0.12265625 0.09296875
1 0.4359375 0.465625 0.08515625 0.08984375
0 0.41328125 0.21875 0.14375 0.08203125
0 0.70078125 0.4 0.10859375 0.09375
0 0.6421875 0.48203125 0.11796875 0.090625
0 0.53515625 0.63203125 0.13984375 0.071875
0 0.325 0.4984375 0.09921875 0.09765625