1 0.1140625 0.64765625 0.0921875 0.0921875
1 0.4578125 0.77109375 0.134375 0.075
1 0.64765625 0.78671875 0.1109375 0.09375
1 0.36796875 0.696875 0.125 0.0796875
1 0.60625 0.6484375 0.09375 0.0890625
1 0.27734375 0.503125 0.1109375 0.096875
1 0.3234375 0.3671875 0.090625 0.08125
1 0.15703125 0.190625 0.0953125 0.0953125
1 0.4640625 0.45078125 0.1109375 0.075
1 0.77734375 0.5578125 0.0984375 0.1
1 0.5765625 0.49453125 0.1078125 0.0828125
1 0.7578125 0.14296875 0.1390625 0.08125
0 0.46484375 0.58046875 0.0984375 0.0921875
0 0.88046875 0.59609375 0.084375 0.071875
0 0.71171875 0.44921875 0.109375 0.0875
0 0.6078125 0.42109375 0.109375 0.08125