1 0.5609375 0.721875 0.1078125 0.0984375
1 0.43359375 0.6859375 0.090625 0.096875
1 0.3140625 0.67265625 0.1078125 0.078125
1 0.60625 0.62890625 0.11875 0.1078125
1 0.58046875 0.5296875 0.1125 0.0875
1 0.79375 0.36953125 0.1109375 0.115625
1 0.503125 0.446875 0.121875 0.084375
1 0.4046875 0.4484375 0.090625 0.0890625
1 0.2609375 0.2921875 0.115625 0.0625
1 0.409375 0.3796875 0.103125 0.0734375
1 0.3359375 0.34296875 0.0890625 0.0671875
1 0.384375 0.5640625 0.096875 0.0609375
1 0.678125 0.56640625 0.1125 0.0859375
1 0.5921875 0.46171875 0.1265625 0.071875
0 0.43359375 0.61640625 0.1078125 0.0703125
0 0.42890625 0.51796875 0.1015625 0.0765625
0 0.31796875 0.4140625 0.1015625 0.09375
0 0.24921875 0.37890625 0.1 0.0734375