0 0.4015625 0.3234375 0.121875 0.084375
0 0.5359375 0.2671875 0.0984375 0.0953125
0 0.70234375 0.2015625 0.125 0.075
0 0.80390625 0.3578125 0.0921875 0.0953125
0 0.796875 0.48984375 0.103125 0.0640625
0 0.540625 0.43515625 0.1234375 0.0890625
0 0.42421875 0.45625 0.1140625 0.0953125
0 0.3375 0.50234375 0.0953125 0.0984375
0 0.41171875 0.54140625 0.0984375 0.078125
0 0.1484375 0.54296875 0.13125 0.08125
0 0.496875 0.596875 0.1125 0.0953125
0 0.65546875 0.6078125 0.109375 0.084375
0 0.55546875 0.65078125 0.11875 0.0921875
0 0.32109375 0.67734375 0.0859375 0.0921875
0 0.5484375 0.753125 0.096875 0.071875
0 0.40390625 0.80078125 0.1203125 0.09375