1 0.678125 0.30390625 0.0875 0.090625
1 0.7640625 0.4328125 0.084375 0.0875
1 0.4578125 0.4328125 0.1046875 0.0890625
1 0.3171875 0.50546875 0.1234375 0.084375
1 0.409375 0.56875 0.128125 0.084375
1 0.1578125 0.628125 0.10625 0.0953125
1 0.46328125 0.803125 0.096875 0.096875
1 0.72578125 0.6421875 0.0984375 0.0703125
1 0.45078125 0.33359375 0.11875 0.0890625
0 0.54375 0.2171875 0.096875 0.0921875
0 0.30234375 0.30546875 0.1125 0.1171875
0 0.6078125 0.38046875 0.096875 0.1015625
1 0.67890625 0.52109375 0.1296875 0.09375
0 0.525 0.5546875 0.125 0.071875
1 0.60625 0.61015625 0.1125 0.0734375
0 0.56328125 0.709375 0.121875 0.0765625
0 0.35234375 0.66953125 0.1109375 0.071875
0 0.23359375 0.46640625 0.0953125 0.09375