0 0.5375 0.0453125 0.13125 0.084375
0 0.3265625 0.271875 0.0953125 0.10625
0 0.1 0.37421875 0.096875 0.0984375
0 0.3953125 0.446875 0.0859375 0.10625
0 0.5640625 0.29453125 0.1234375 0.096875
0 0.765625 0.33515625 0.0953125 0.1109375
0 0.66484375 0.4703125 0.13125 0.075
0 0.8875 0.50546875 0.1078125 0.05625
0 0.53984375 0.70390625 0.125 0.0734375
0 0.53203125 0.88984375 0.0796875 0.0984375
0 0.728125 0.78671875 0.1078125 0.09375
0 0.76640625 0.65546875 0.096875 0.0921875
0 0.20078125 0.57265625 0.1140625 0.0671875
0 0.33359375 0.77734375 0.1046875 0.0859375
1 0.92734375 0.36953125 0.1078125 0.1
1 0.9171875 0.6015625 0.0953125 0.084375
1 0.6703125 0.57890625 0.1046875 0.0984375
1 0.21015625 0.44375 0.1109375 0.10625
1 0.52734375 0.5625 0.1015625 0.0953125
1 0.39296875 0.62109375 0.1078125 0.10625