1 0.41640625 0.2859375 0.09921875 0.0890625
1 0.546875 0.3078125 0.08203125 0.0890625
1 0.6671875 0.30859375 0.1015625 0.06796875
1 0.38046875 0.3828125 0.10859375 0.096875
1 0.4171875 0.47890625 0.1046875 0.07734375
1 0.22109375 0.66015625 0.1 0.10546875
1 0.50234375 0.553125 0.1140625 0.0734375
1 0.6 0.54140625 0.0828125 0.08125
1 0.759375 0.68203125 0.1109375 0.05078125
1 0.60234375 0.61015625 0.096875 0.06328125
1 0.6796875 0.6390625 0.08359375 0.059375
1 0.60859375 0.42421875 0.0921875 0.05234375
1 0.315625 0.45234375 0.1046875 0.075
1 0.4125 0.54765625 0.12109375 0.059375
0 0.55390625 0.37734375 0.1015625 0.06015625
0 0.56875 0.475 0.0953125 0.06640625
0 0.68984375 0.56640625 0.09375 0.08515625
0 0.76171875 0.59453125 0.09375 0.06328125