1 0.32890625 0.17109375 0.1046875 0.0796875
1 0.584375 0.25 0.0984375 0.1015625
1 0.58515625 0.35859375 0.109375 0.078125
1 0.3078125 0.4765625 0.09375 0.090625
1 0.62734375 0.41953125 0.1125 0.0734375
1 0.6765625 0.28828125 0.096875 0.0734375
1 0.784375 0.37890625 0.0734375 0.0734375
1 0.8921875 0.51640625 0.1 0.0890625
1 0.77109375 0.56875 0.0765625 0.0875
1 0.7671875 0.6890625 0.090625 0.0859375
1 0.54921875 0.753125 0.0890625 0.0875
1 0.55859375 0.81875 0.1125 0.075
1 0.47109375 0.7578125 0.1 0.0890625
1 0.225 0.4765625 0.0890625 0.0859375
1 0.33359375 0.39609375 0.115625 0.0734375
1 0.5046875 0.49453125 0.1 0.08125
1 0.42734375 0.565625 0.1078125 0.09375
0 0.51796875 0.2796875 0.0953125 0.0921875
0 0.28046875 0.26171875 0.1265625 0.1046875
1 0.5640625 0.55859375 0.0890625 0.0828125
0 0.70859375 0.65234375 0.10625 0.0890625
0 0.58984375 0.64375 0.090625 0.0859375
0 0.42890625 0.646875 0.1015625 0.0640625
0 0.321875 0.74140625 0.0953125 0.075
0 0.3125 0.62109375 0.09375 0.0875
0 0.1640625 0.64296875 0.1046875 0.09375