1 0.459375 0.80625 0.1421875 0.103125
1 0.2734375 0.73125 0.1296875 0.1125
1 0.58515625 0.709375 0.1390625 0.1078125
1 0.42421875 0.6578125 0.1484375 0.0921875
1 0.2421875 0.575 0.1359375 0.0921875
1 0.13828125 0.440625 0.1265625 0.084375
1 0.296875 0.43359375 0.1015625 0.1109375
1 0.559375 0.58046875 0.128125 0.090625
1 0.7515625 0.62421875 0.1296875 0.109375
1 0.85 0.43671875 0.1234375 0.0984375
1 0.4890625 0.5125 0.1203125 0.1078125
1 0.534375 0.36328125 0.1078125 0.115625
1 0.4515625 0.2625 0.1125 0.109375
1 0.38125 0.1609375 0.1171875 0.103125
0 0.4046875 0.4625 0.1140625 0.0890625
0 0.7 0.50390625 0.1265625 0.1046875
1 0.8453125 0.23359375 0.128125 0.109375