0 0.36875 0.1546875 0.1125 0.121875
0 0.2359375 0.29609375 0.1359375 0.1203125
0 0.3078125 0.4046875 0.1203125 0.1140625
0 0.48671875 0.359375 0.1625 0.1109375
0 0.59921875 0.2296875 0.1046875 0.10625
0 0.684375 0.309375 0.1265625 0.125
0 0.80859375 0.38828125 0.146875 0.1109375
0 0.76171875 0.5453125 0.15625 0.1234375
0 0.5375 0.45546875 0.1328125 0.121875
0 0.5015625 0.5390625 0.15625 0.115625
0 0.27421875 0.51875 0.14375 0.115625
0 0.40390625 0.63046875 0.1203125 0.115625
0 0.58125 0.65078125 0.1671875 0.109375
0 0.75546875 0.73125 0.1046875 0.115625
0 0.521875 0.80703125 0.1375 0.13125
0 0.1765625 0.6984375 0.121875 0.134375
0 0.26328125 0.8703125 0.16875 0.1265625