0 0.36328125 0.33046875 0.10625 0.103125
0 0.521875 0.296875 0.15 0.0921875
0 0.18828125 0.4390625 0.1390625 0.09375
0 0.30546875 0.503125 0.1421875 0.0859375
0 0.503125 0.415625 0.121875 0.0953125
0 0.7421875 0.3171875 0.1140625 0.071875
0 0.72109375 0.36875 0.1296875 0.0890625
0 0.81328125 0.371875 0.103125 0.0921875
0 0.74921875 0.459375 0.11875 0.075
0 0.86015625 0.4890625 0.1015625 0.121875
0 0.63125 0.496875 0.125 0.0921875
0 0.45859375 0.5203125 0.1078125 0.0875
0 0.1203125 0.63671875 0.121875 0.0828125
0 0.30703125 0.6890625 0.1125 0.1015625
0 0.36328125 0.7203125 0.1171875 0.1015625
0 0.51171875 0.6390625 0.09375 0.0953125
0 0.6234375 0.603125 0.09375 0.10625
0 0.81484375 0.63046875 0.1203125 0.1
0 0.915625 0.6609375 0.09375 0.0953125
0 0.74453125 0.696875 0.109375 0.1046875
0 0.63828125 0.75390625 0.103125 0.1078125
0 0.4515625 0.8390625 0.115625 0.109375
0 0.89140625 0.80390625 0.115625 0.0734375