1 0.4140625 0.10703125 0.10078125 0.0765625
1 0.54453125 0.2859375 0.11875 0.07578125
1 0.67109375 0.32890625 0.11875 0.071875
1 0.81875 0.33359375 0.10546875 0.084375
0 0.70703125 0.39453125 0.09765625 0.08203125
0 0.8828125 0.5625 0.10859375 0.0625
1 0.77734375 0.48671875 0.0875 0.0828125
1 0.64609375 0.4703125 0.0953125 0.06484375
1 0.29765625 0.30703125 0.11796875 0.06796875
1 0.428125 0.36171875 0.12265625 0.07890625
1 0.45234375 0.4171875 0.10546875 0.07265625
1 0.4921875 0.4703125 0.09609375 0.06796875
1 0.14921875 0.4453125 0.13515625 0.0625
1 0.33046875 0.4625 0.12421875 0.07421875
1 0.26640625 0.59140625 0.1328125 0.0625
1 0.56796875 0.56953125 0.11171875 0.0703125
1 0.7265625 0.58984375 0.10234375 0.07890625
0 0.70859375 0.70859375 0.1046875 0.07109375
1 0.59453125 0.76953125 0.09140625 0.08046875
1 0.3015625 0.69296875 0.1078125 0.06796875
1 0.43359375 0.6671875 0.1078125 0.0734375
1 0.42109375 0.85 0.10703125 0.0703125