0 0.73671875 0.14375 0.1171875 0.1234375
0 0.6765625 0.28125 0.1578125 0.1140625
0 0.446875 0.34609375 0.0984375 0.1046875
0 0.21875 0.2046875 0.159375 0.1125
0 0.6796875 0.45859375 0.159375 0.1015625
0 0.45859375 0.4859375 0.15 0.134375
0 0.23359375 0.53515625 0.1265625 0.1296875
0 0.40703125 0.575 0.1296875 0.1359375
0 0.86328125 0.54609375 0.125 0.121875
0 0.73125 0.52421875 0.146875 0.103125
0 0.6296875 0.5546875 0.1171875 0.1375
0 0.7265625 0.6 0.134375 0.0921875
0 0.5125 0.66328125 0.1375 0.109375
0 0.225 0.66015625 0.171875 0.1015625
0 0.1859375 0.784375 0.1640625 0.1265625
0 0.334375 0.86953125 0.140625 0.1265625
0 0.55234375 0.765625 0.134375 0.1203125
0 0.50625 0.809375 0.125 0.1234375
0 0.4515625 0.8578125 0.1171875 0.11875
0 0.46015625 0.94765625 0.1609375 0.1046875