1 0.57265625 0.24296875 0.0921875 0.084375
1 0.71015625 0.5015625 0.0953125 0.084375
1 0.73046875 0.59140625 0.115625 0.0703125
1 0.67578125 0.68828125 0.1 0.0859375
1 0.47578125 0.70625 0.1015625 0.0578125
1 0.38671875 0.68359375 0.08125 0.0828125
1 0.6109375 0.59453125 0.1140625 0.059375
1 0.2234375 0.62578125 0.1 0.0765625
1 0.22109375 0.54765625 0.078125 0.078125
1 0.37109375 0.47890625 0.1328125 0.0640625
1 0.12109375 0.4796875 0.0953125 0.071875
1 0.2 0.39921875 0.109375 0.0671875
1 0.49140625 0.31015625 0.109375 0.0578125
1 0.31015625 0.3140625 0.1234375 0.075
1 0.43359375 0.3640625 0.0890625 0.0765625
1 0.47109375 0.5796875 0.1 0.059375
1 0.55 0.53515625 0.1078125 0.08125
0 0.8765625 0.434375 0.13125 0.0609375
0 0.659375 0.37265625 0.0953125 0.06875
0 0.5609375 0.43828125 0.1078125 0.075
0 0.34296875 0.415625 0.1171875 0.075
0 0.50390625 0.75625 0.1234375 0.0734375