0 0.35 0.234375 0.11328125 0.0796875
0 0.2109375 0.32109375 0.10390625 0.0859375
0 0.20703125 0.4546875 0.08984375 0.09453125
0 0.36328125 0.4484375 0.09609375 0.07421875
0 0.43046875 0.3703125 0.1203125 0.065625
0 0.63984375 0.34375 0.115625 0.06953125
0 0.23203125 0.59140625 0.10234375 0.059375
0 0.47421875 0.56875 0.11953125 0.065625
0 0.55703125 0.52109375 0.08984375 0.08125
0 0.68125 0.5625 0.11015625 0.0609375
0 0.7484375 0.7125 0.10390625 0.06953125
0 0.58671875 0.65 0.096875 0.08515625
0 0.43671875 0.709375 0.10859375 0.06796875
0 0.5796875 0.728125 0.096875 0.084375
0 0.35234375 0.7640625 0.1125 0.084375
0 0.42578125 0.84296875 0.078125 0.11484375
0 0.57265625 0.88671875 0.121875 0.07734375
0 0.61953125 0.95859375 0.0953125 0.0828125
0 0.7453125 0.93359375 0.0875 0.07421875
0 0.84609375 0.84765625 0.0828125 0.078125