1 0.29921875 0.2109375 0.1046875 0.06171875
1 0.24609375 0.26640625 0.0734375 0.0703125
1 0.5265625 0.1640625 0.11484375 0.0609375
1 0.69140625 0.2234375 0.0890625 0.0703125
0 0.5296875 0.315625 0.10234375 0.0765625
0 0.41953125 0.32890625 0.08671875 0.06796875
1 0.30546875 0.42265625 0.11015625 0.05546875
1 0.10078125 0.47265625 0.07734375 0.07578125
1 0.2703125 0.5515625 0.09609375 0.08515625
1 0.26171875 0.709375 0.11953125 0.05546875
1 0.45390625 0.82734375 0.0921875 0.0796875
1 0.56484375 0.52265625 0.06875 0.08046875
1 0.6359375 0.52265625 0.06875 0.08125
1 0.72421875 0.4859375 0.10546875 0.0625
1 0.88203125 0.465625 0.09921875 0.06015625
0 0.475 0.43203125 0.07734375 0.05546875
1 0.35234375 0.49453125 0.071875 0.07265625