0 0.67109375 0.2703125 0.1296875 0.09375
0 0.47421875 0.20625 0.128125 0.10625
0 0.3546875 0.34921875 0.1125 0.115625
0 0.55078125 0.42578125 0.121875 0.1046875
0 0.8125 0.46484375 0.1203125 0.109375
0 0.77421875 0.70625 0.128125 0.10625
0 0.596875 0.634375 0.115625 0.1125
0 0.56796875 0.7796875 0.1140625 0.1328125
0 0.4 0.71640625 0.1078125 0.096875
0 0.390625 0.5375 0.1515625 0.10625
0 0.10078125 0.640625 0.096875 0.1140625
0 0.16796875 0.5328125 0.1046875 0.10625
0 0.7796875 0.89375 0.1125 0.103125
0 0.1375 0.3765625 0.1125 0.1015625
1 0.8421875 0.35859375 0.1390625 0.1203125
1 0.65078125 0.50078125 0.1234375 0.11875
1 0.25 0.18671875 0.1171875 0.1203125
1 0.28671875 0.64296875 0.1453125 0.0890625