0 0.715625 0.225 0.1421875 0.1109375
0 0.50078125 0.23984375 0.1015625 0.103125
0 0.21328125 0.31484375 0.121875 0.0921875
0 0.60859375 0.34609375 0.1109375 0.084375
0 0.3265625 0.3421875 0.1328125 0.10625
0 0.321875 0.659375 0.09375 0.1015625
0 0.48671875 0.634375 0.10625 0.096875
0 0.7109375 0.65546875 0.11875 0.1140625
0 0.47109375 0.38359375 0.13125 0.0890625
0 0.3765625 0.490625 0.1125 0.0984375
1 0.8296875 0.3734375 0.115625 0.1109375
1 0.3125 0.421875 0.115625 0.109375
1 0.54765625 0.45859375 0.1328125 0.0859375
1 0.64765625 0.5375 0.1 0.103125
1 0.55546875 0.5328125 0.1 0.1
1 0.38671875 0.6140625 0.1203125 0.0984375
1 0.621875 0.775 0.1296875 0.09375
1 0.2234375 0.77734375 0.1359375 0.109375
1 0.20859375 0.5328125 0.1 0.103125