0 0.46484375 0.26640625 0.10390625 0.1015625
0 0.6484375 0.1453125 0.14296875 0.08203125
0 0.69140625 0.28671875 0.096875 0.09921875
0 0.4125 0.38828125 0.09453125 0.1015625
0 0.3 0.4328125 0.09375 0.08515625
0 0.134375 0.475 0.1140625 0.06875
0 0.17265625 0.575 0.10546875 0.08359375
0 0.22578125 0.65078125 0.10234375 0.1015625
0 0.28984375 0.72109375 0.15546875 0.0578125
0 0.5734375 0.725 0.11953125 0.090625
0 0.49453125 0.43515625 0.10859375 0.08046875
0 0.48046875 0.50625 0.12890625 0.065625
0 0.71953125 0.40390625 0.134375 0.0859375
0 0.68203125 0.48671875 0.12890625 0.06640625
0 0.61875 0.596875 0.0984375 0.096875
0 0.853125 0.6265625 0.11328125 0.09375
0 0.69453125 0.88515625 0.09921875 0.09453125