0 0.74921875 0.87734375 0.0875 0.0921875
1 0.5109375 0.8171875 0.0859375 0.0703125
1 0.83203125 0.678125 0.0828125 0.090625
1 0.62734375 0.66953125 0.1125 0.078125
1 0.24921875 0.81328125 0.1046875 0.078125
1 0.36484375 0.66328125 0.0953125 0.090625
1 0.4640625 0.5671875 0.1046875 0.09375
0 0.1640625 0.57890625 0.1125 0.071875
1 0.34140625 0.49765625 0.0890625 0.0875
1 0.609375 0.53359375 0.1171875 0.0734375
1 0.8421875 0.48359375 0.1015625 0.0890625
0 0.690625 0.428125 0.078125 0.075
1 0.81640625 0.33828125 0.125 0.071875
1 0.8 0.1625 0.0890625 0.096875
1 0.59375 0.22890625 0.103125 0.075
1 0.546875 0.09921875 0.096875 0.0828125
0 0.47734375 0.36015625 0.11875 0.0796875
1 0.3453125 0.3640625 0.0828125 0.0640625
0 0.32421875 0.2484375 0.0890625 0.0796875
1 0.12890625 0.39140625 0.0921875 0.08125