1 0.3828125 0.140625 0.1234375 0.1109375
1 0.54921875 0.14453125 0.1078125 0.0953125
1 0.72890625 0.19609375 0.1203125 0.075
1 0.675 0.303125 0.1078125 0.1
1 0.81328125 0.37109375 0.10625 0.0953125
1 0.9359375 0.35703125 0.1140625 0.1
1 0.278125 0.21953125 0.096875 0.0984375
1 0.35546875 0.2859375 0.1109375 0.10625
1 0.1859375 0.38828125 0.1015625 0.090625
0 0.1078125 0.5109375 0.1078125 0.078125
0 0.21796875 0.53671875 0.1390625 0.1
1 0.33359375 0.56796875 0.115625 0.0875
1 0.2828125 0.4328125 0.11875 0.0765625
1 0.609375 0.51015625 0.109375 0.0921875
1 0.459375 0.6453125 0.1 0.0953125
1 0.52421875 0.62734375 0.1046875 0.1
1 0.60546875 0.62421875 0.0953125 0.0953125
1 0.25234375 0.6453125 0.096875 0.0984375
1 0.27109375 0.7515625 0.1234375 0.0890625
1 0.4078125 0.7390625 0.0875 0.1015625
1 0.35234375 0.6921875 0.1046875 0.0984375
1 0.49921875 0.75234375 0.1203125 0.084375
1 0.60546875 0.71953125 0.1234375 0.090625
1 0.76796875 0.66015625 0.103125 0.0703125
0 0.78515625 0.4328125 0.121875 0.1015625
0 0.6484375 0.4515625 0.1203125 0.08125
0 0.5015625 0.44140625 0.1046875 0.090625
0 0.4359375 0.46171875 0.1125 0.103125
0 0.33046875 0.38125 0.09375 0.0828125
1 0.49765625 0.33203125 0.11875 0.10625
1 0.409375 0.35703125 0.13125 0.09375