1 0.6140625 0.1859375 0.0921875 0.1046875
1 0.7609375 0.3 0.121875 0.0875
1 0.5171875 0.31171875 0.08125 0.0890625
1 0.36015625 0.2953125 0.0984375 0.09375
1 0.1953125 0.2953125 0.1015625 0.103125
1 0.51015625 0.50390625 0.1046875 0.0921875
1 0.634375 0.46796875 0.1109375 0.09375
1 0.82734375 0.54140625 0.103125 0.08125
1 0.74609375 0.58359375 0.1125 0.0953125
1 0.7296875 0.66171875 0.1328125 0.075
1 0.61328125 0.6375 0.103125 0.0796875
1 0.40703125 0.7984375 0.1265625 0.0703125
1 0.52109375 0.6875 0.1234375 0.0671875
1 0.42421875 0.6046875 0.1234375 0.08125
1 0.16796875 0.53671875 0.1015625 0.09375
0 0.53984375 0.39765625 0.0890625 0.084375
0 0.2765625 0.46015625 0.125 0.084375
0 0.28359375 0.6421875 0.0921875 0.0875