0 0.5265625 0.19140625 0.11015625 0.07578125
0 0.32734375 0.2671875 0.1046875 0.1125
0 0.14453125 0.24296875 0.15703125 0.08984375
0 0.5515625 0.3046875 0.103125 0.11328125
0 0.8453125 0.33828125 0.1390625 0.084375
0 0.5515625 0.4953125 0.11328125 0.13515625
0 0.76875 0.5234375 0.13125 0.096875
0 0.37109375 0.403125 0.14296875 0.10546875
0 0.259375 0.52890625 0.11015625 0.11015625
0 0.40078125 0.6015625 0.10234375 0.08671875
0 0.56328125 0.64609375 0.103125 0.09296875
0 0.7640625 0.6625 0.13828125 0.0796875
0 0.3578125 0.7109375 0.11328125 0.08515625
0 0.41015625 0.7796875 0.08828125 0.1078125
0 0.615625 0.77265625 0.11171875 0.11171875