0 0.38828125 0.31328125 0.0953125 0.090625
0 0.55 0.3015625 0.14140625 0.07265625
0 0.2 0.39609375 0.13046875 0.07578125
0 0.30703125 0.47578125 0.134375 0.06796875
0 0.51484375 0.4171875 0.1109375 0.08125
0 0.765625 0.35234375 0.10703125 0.05703125
0 0.7375 0.40078125 0.12109375 0.07265625
0 0.828125 0.41640625 0.09296875 0.0796875
0 0.75234375 0.49453125 0.11171875 0.06015625
0 0.8578125 0.5390625 0.0875 0.1109375
0 0.63046875 0.51484375 0.11484375 0.0765625
0 0.45625 0.5140625 0.09765625 0.075
0 0.1046875 0.5828125 0.11328125 0.0671875
0 0.2828125 0.66015625 0.10078125 0.0890625
0 0.33359375 0.69921875 0.10625 0.0875
0 0.4921875 0.6390625 0.08359375 0.084375
0 0.6078125 0.61953125 0.08203125 0.0953125
0 0.79375 0.67265625 0.11015625 0.0859375
0 0.8890625 0.7171875 0.0828125 0.08515625
0 0.71484375 0.72890625 0.09765625 0.09140625
0 0.6015625 0.7703125 0.090625 0.096875
0 0.4046875 0.82890625 0.10390625 0.0953125
0 0.8453125 0.85546875 0.1078125 0.05859375