0 0.803125 0.39296875 0.0984375 0.0859375
0 0.60234375 0.33125 0.090625 0.090625
0 0.5390625 0.4046875 0.1015625 0.090625
0 0.37421875 0.4734375 0.0953125 0.1
1 0.17109375 0.53984375 0.121875 0.090625
0 0.35234375 0.6046875 0.0921875 0.075
0 0.6046875 0.50078125 0.0875 0.0921875
0 0.840625 0.53203125 0.103125 0.0671875
0 0.81328125 0.61171875 0.084375 0.0953125
0 0.69921875 0.66796875 0.1 0.0953125
0 0.5296875 0.603125 0.1109375 0.075
0 0.40390625 0.684375 0.0890625 0.0828125
0 0.47890625 0.72734375 0.109375 0.0765625
0 0.6453125 0.803125 0.115625 0.0796875
0 0.73125 0.809375 0.0984375 0.09375
0 0.8546875 0.83984375 0.0859375 0.0875
0 0.5140625 0.88671875 0.09375 0.1
0 0.3171875 0.8578125 0.0984375 0.08125
0 0.26484375 0.30625 0.0921875 0.1
0 0.1390625 0.17265625 0.109375 0.0921875