1 0.33046875 0.74140625 0.11875 0.0796875
0 0.24453125 0.6328125 0.1109375 0.1171875
0 0.29375 0.53828125 0.140625 0.0703125
1 0.29609375 0.4640625 0.1171875 0.090625
1 0.26328125 0.4 0.11875 0.075
0 0.40625 0.66875 0.0875 0.0765625
1 0.50546875 0.7171875 0.1234375 0.084375
1 0.721875 0.78203125 0.103125 0.084375
1 0.634375 0.68828125 0.1140625 0.0875
0 0.484375 0.63671875 0.1046875 0.090625
1 0.615625 0.6078125 0.121875 0.078125
0 0.44609375 0.56953125 0.1 0.0703125
1 0.609375 0.55 0.128125 0.078125
0 0.43203125 0.5109375 0.0921875 0.075
1 0.546875 0.4578125 0.1109375 0.0890625
1 0.38125 0.38046875 0.0953125 0.09375
1 0.38125 0.309375 0.109375 0.065625
1 0.3765625 0.19765625 0.096875 0.0953125
0 0.47890625 0.40234375 0.109375 0.071875
1 0.5796875 0.38671875 0.1234375 0.0734375
1 0.70390625 0.38828125 0.1015625 0.0859375
1 0.59765625 0.3 0.1484375 0.0796875