0 0.4484375 0.26953125 0.1109375 0.1078125
0 0.6234375 0.1359375 0.1484375 0.0921875
0 0.67578125 0.27421875 0.103125 0.10625
0 0.4046875 0.39453125 0.1015625 0.1078125
0 0.29609375 0.446875 0.1 0.0921875
0 0.13359375 0.50078125 0.11875 0.0765625
0 0.17890625 0.59765625 0.1109375 0.090625
0 0.23671875 0.66953125 0.109375 0.1078125
0 0.30546875 0.73515625 0.159375 0.06875
0 0.5890625 0.71953125 0.125 0.0984375
0 0.48984375 0.4359375 0.1140625 0.0875
0 0.48125 0.5078125 0.1328125 0.075
0 0.7125 0.3890625 0.140625 0.0953125
0 0.68046875 0.47421875 0.1328125 0.075
0 0.625 0.58828125 0.1046875 0.103125
0 0.8609375 0.6015625 0.1203125 0.1015625
0 0.72109375 0.8703125 0.10625 0.1015625