0 0.42734375 0.75234375 0.1265625 0.06875
0 0.7046875 0.703125 0.1390625 0.0921875
0 0.2953125 0.5796875 0.1109375 0.09375
0 0.48515625 0.596875 0.1265625 0.0734375
0 0.70859375 0.54765625 0.1375 0.0953125
0 0.621875 0.44296875 0.1375 0.08125
0 0.14296875 0.5 0.13125 0.0859375
0 0.490625 0.3921875 0.1234375 0.090625
0 0.37265625 0.3625 0.1234375 0.071875
0 0.409375 0.30546875 0.1078125 0.0578125
0 0.515625 0.31796875 0.1 0.0953125
0 0.6984375 0.35390625 0.125 0.078125
0 0.92109375 0.3625 0.109375 0.0875
0 0.28984375 0.19296875 0.1171875 0.078125