1 0.3265625 0.1953125 0.1421875 0.0875
0 0.64296875 0.21484375 0.1328125 0.0859375
1 0.83515625 0.2796875 0.125 0.0765625
1 0.4609375 0.30546875 0.0921875 0.09375
1 0.30625 0.3984375 0.14375 0.0859375
1 0.59140625 0.3375 0.121875 0.096875
1 0.6671875 0.4453125 0.0984375 0.0890625
1 0.5046875 0.48359375 0.1234375 0.0859375
1 0.13046875 0.60625 0.11875 0.1
1 0.3359375 0.67578125 0.109375 0.1015625
1 0.4875 0.56953125 0.11875 0.06875
1 0.91640625 0.65 0.0984375 0.0828125
1 0.83203125 0.56328125 0.109375 0.084375
0 0.7984375 0.3859375 0.10625 0.071875
0 0.65078125 0.6078125 0.1171875 0.0984375
0 0.57421875 0.7671875 0.14375 0.08125
0 0.3109375 0.5578125 0.11875 0.0953125