1 0.74296875 0.8046875 0.1296875 0.109375
1 0.58125 0.71796875 0.1375 0.1125
1 0.43203125 0.7921875 0.140625 0.1203125
1 0.27109375 0.678125 0.1359375 0.128125
1 0.6078125 0.55625 0.1203125 0.1171875
1 0.7796875 0.6265625 0.1359375 0.13125
1 0.8078125 0.44375 0.125 0.1046875
1 0.79140625 0.32890625 0.153125 0.0984375
1 0.1734375 0.52890625 0.1328125 0.1234375
1 0.44375 0.3484375 0.15625 0.1109375
1 0.3890625 0.20390625 0.15625 0.1265625
1 0.53046875 0.43125 0.1640625 0.1015625
0 0.33359375 0.54609375 0.128125 0.125
0 0.78046875 0.24296875 0.140625 0.103125