0 0.56640625 0.12265625 0.11875 0.121875
0 0.34765625 0.1921875 0.103125 0.103125
0 0.715625 0.24453125 0.1421875 0.090625
0 0.3921875 0.33984375 0.1578125 0.1046875
0 0.29375 0.35625 0.109375 0.11875
0 0.58359375 0.38203125 0.140625 0.115625
0 0.82890625 0.41171875 0.109375 0.1125
0 0.4390625 0.4328125 0.1234375 0.1
0 0.27734375 0.4625 0.1125 0.1109375
0 0.18359375 0.46796875 0.109375 0.115625
0 0.5484375 0.50625 0.115625 0.1125
0 0.62734375 0.54765625 0.128125 0.0921875
0 0.73984375 0.6265625 0.103125 0.0953125
0 0.6265625 0.70390625 0.1390625 0.084375
0 0.46953125 0.58515625 0.1171875 0.115625
0 0.3703125 0.58515625 0.103125 0.1
0 0.153125 0.6453125 0.11875 0.1171875
0 0.4171875 0.8171875 0.125 0.1140625