1 0.44609375 0.1890625 0.1109375 0.090625
1 0.584375 0.2390625 0.121875 0.0921875
1 0.36328125 0.31640625 0.0984375 0.0984375
1 0.1671875 0.3203125 0.1234375 0.0875
1 0.84375 0.3515625 0.1 0.1
0 0.63203125 0.3109375 0.11875 0.1
1 0.4796875 0.3921875 0.1015625 0.0953125
0 0.58671875 0.4078125 0.109375 0.0953125
1 0.35546875 0.44140625 0.1125 0.096875
1 0.1015625 0.54140625 0.1296875 0.096875
0 0.21328125 0.55546875 0.1171875 0.0765625
0 0.4640625 0.5015625 0.115625 0.078125
1 0.6671875 0.4875 0.096875 0.103125
0 0.7890625 0.51953125 0.10625 0.0828125
0 0.8546875 0.6375 0.13125 0.096875
1 0.55234375 0.6265625 0.125 0.084375
1 0.62578125 0.7125 0.1140625 0.078125
1 0.47734375 0.759375 0.09375 0.09375
1 0.43046875 0.5703125 0.109375 0.078125
1 0.25859375 0.740625 0.1390625 0.0890625
1 0.14375 0.653125 0.13125 0.1015625