1 0.64609375 0.18046875 0.1234375 0.0921875
1 0.57734375 0.34375 0.0875 0.0875
1 0.71171875 0.33203125 0.1125 0.09375
1 0.74609375 0.47421875 0.103125 0.08125
1 0.628125 0.4578125 0.1140625 0.071875
1 0.5625 0.51796875 0.0875 0.0890625
1 0.49921875 0.4296875 0.090625 0.0921875
1 0.40078125 0.38828125 0.1109375 0.0796875
1 0.2796875 0.303125 0.0890625 0.0921875
1 0.51015625 0.5828125 0.09375 0.09375
1 0.753125 0.590625 0.06875 0.075
1 0.8015625 0.83984375 0.096875 0.0953125
1 0.4859375 0.746875 0.103125 0.08125
1 0.34296875 0.5609375 0.1171875 0.08125
1 0.36484375 0.67578125 0.10625 0.090625
1 0.14765625 0.41640625 0.1203125 0.0875
0 0.371875 0.1765625 0.115625 0.08125
0 0.44453125 0.2671875 0.125 0.0890625
0 0.85078125 0.4890625 0.090625 0.084375
0 0.6453125 0.6625 0.090625 0.0890625
1 0.4234375 0.47578125 0.1015625 0.0703125
0 0.27421875 0.47265625 0.0953125 0.09375