1 0.16640625 0.85078125 0.0796875 0.0828125
1 0.5234375 0.8921875 0.125 0.0765625
1 0.7859375 0.8328125 0.0890625 0.0796875
1 0.5546875 0.76953125 0.103125 0.0765625
1 0.246875 0.75390625 0.1015625 0.0765625
1 0.39140625 0.7765625 0.1109375 0.0859375
1 0.28125 0.665625 0.1203125 0.071875
1 0.3265625 0.46328125 0.1140625 0.078125
1 0.60625 0.475 0.0859375 0.0859375
1 0.7703125 0.36875 0.09375 0.0953125
1 0.48828125 0.63671875 0.1 0.090625
1 0.6859375 0.68359375 0.0984375 0.09375
1 0.87265625 0.43125 0.1 0.0875
1 0.1734375 0.3828125 0.1234375 0.0796875
1 0.228125 0.31328125 0.115625 0.0921875
1 0.3921875 0.24296875 0.0953125 0.09375
1 0.678125 0.134375 0.096875 0.0859375
1 0.43671875 0.36953125 0.103125 0.0984375
1 0.49296875 0.50625 0.1109375 0.1046875
1 0.659375 0.60078125 0.0921875 0.08125
1 0.62109375 0.29765625 0.084375 0.0734375
0 0.34375 0.57890625 0.1265625 0.0734375
0 0.78203125 0.63828125 0.1015625 0.08125
0 0.72109375 0.5734375 0.09375 0.0890625
0 0.52109375 0.30625 0.1 0.0875