1 0.50234375 0.15859375 0.109375 0.07265625
1 0.16953125 0.25390625 0.1140625 0.071875
1 0.2078125 0.38046875 0.11328125 0.07578125
1 0.81875 0.4625 0.10234375 0.0875
1 0.6296875 0.68984375 0.1265625 0.08203125
1 0.7 0.83359375 0.1 0.06796875
1 0.46328125 0.79921875 0.1328125 0.0609375
1 0.46015625 0.7296875 0.0875 0.08125
1 0.1078125 0.546875 0.10078125 0.08828125
0 0.24296875 0.58984375 0.0859375 0.09765625
0 0.35390625 0.53984375 0.10234375 0.08046875
0 0.3890625 0.43203125 0.1171875 0.06328125
1 0.40234375 0.2890625 0.09921875 0.09921875
0 0.57109375 0.28515625 0.0984375 0.0828125
0 0.7140625 0.29375 0.09921875 0.0984375
0 0.85078125 0.3265625 0.08203125 0.09140625
0 0.515625 0.41015625 0.1203125 0.08203125
1 0.53203125 0.54375 0.1046875 0.06953125
1 0.68046875 0.5109375 0.09921875 0.05390625
0 0.81171875 0.66328125 0.0828125 0.0734375