1 0.58515625 0.15625 0.1046875 0.0765625
1 0.53125 0.259375 0.084375 0.0921875
1 0.4171875 0.2859375 0.10625 0.075
1 0.25859375 0.3046875 0.090625 0.0546875
1 0.41015625 0.38203125 0.0890625 0.0734375
1 0.37421875 0.42265625 0.0953125 0.0578125
1 0.5859375 0.44375 0.1078125 0.0625
1 0.49296875 0.43203125 0.103125 0.0765625
1 0.44765625 0.46875 0.0953125 0.05625
1 0.27421875 0.5640625 0.10625 0.065625
1 0.45390625 0.70625 0.090625 0.0796875
1 0.61875 0.4984375 0.11875 0.0828125
1 0.81328125 0.5359375 0.0890625 0.0921875
1 0.4890625 0.5125 0.1046875 0.0734375
1 0.40390625 0.503125 0.0765625 0.075
0 0.3328125 0.50859375 0.0890625 0.08125
0 0.31015625 0.25625 0.0859375 0.071875
0 0.33046875 0.31484375 0.0796875 0.05625
0 0.3171875 0.36171875 0.103125 0.0671875
0 0.5171875 0.38046875 0.0859375 0.071875