0 0.440625 0.24453125 0.1234375 0.0625
0 0.71484375 0.3078125 0.13515625 0.0859375
0 0.3 0.409375 0.10703125 0.0875
0 0.490625 0.40234375 0.12265625 0.0671875
0 0.7109375 0.46328125 0.13359375 0.08828125
0 0.61875 0.56328125 0.134375 0.075
0 0.14375 0.48125 0.12734375 0.07890625
0 0.48515625 0.60703125 0.11875 0.08515625
0 0.365625 0.63046875 0.1203125 0.065625
0 0.39921875 0.68984375 0.10546875 0.053125
0 0.50625 0.6828125 0.09609375 0.090625
0 0.690625 0.65625 0.121875 0.07109375
0 0.91328125 0.659375 0.10546875 0.08203125
0 0.27421875 0.7953125 0.11328125 0.071875